1,276,141,88,176,0.110117
1,10,26,77,298,0.110117
1,575,187,58,208,0.110117
1,428,125,79,159,0.110117
1,212,175,56,112,0.110117
2,280,145,86,173,0.0616412
2,211,173,58,115,0.0616412
2,435,166,58,114,0.0616412
3,284,161,82,163,0.0598552
3,436,166,57,114,0.0598552
3,209,171,59,118,0.0598552
4,286,155,82,165,0.0630895
4,432,159,61,122,0.0630895
4,209,169,60,121,0.0630895
5,286,138,90,181,0.0654583
5,428,131,76,151,0.0654583
5,208,175,59,118,0.0654583
5,460,219,54,107,0.0654583
6,284,131,99,198,0.0666625
6,433,156,63,126,0.0666625
6,212,175,59,118,0.0666625
7,304,166,86,172,0.0616441
7,434,159,62,125,0.0616441
7,210,176,60,119,0.0616441
8,291,130,106,211,0.0614567
8,432,154,65,130,0.0614567
8,208,176,61,122,0.0614567
9,295,130,110,219,0.0613105
9,435,157,63,126,0.0613105
9,207,174,63,126,0.0613105
10,306,127,114,226,0.0601118
10,437,157,63,126,0.0601118
10,207,174,63,126,0.0601118
11,311,126,116,231,0.0685619
11,206,172,66,133,0.0685619
11,438,171,58,117,0.0685619
12,319,118,122,245,0.063543
12,439,159,64,128,0.063543
12,206,175,68,136,0.063543
13,325,114,127,254,0.0547882
13,440,160,65,130,0.0547882
13,208,173,68,136,0.0547882
14,333,115,130,258,0.0656168
14,440,162,64,129,0.0656168
14,208,173,69,138,0.0656168
15,335,101,141,282,0.0600795
15,441,161,66,131,0.0600795
15,209,171,70,139,0.0600795
16,342,87,154,307,0.0572013
16,444,162,65,130,0.0572013
16,206,170,74,149,0.0572013
17,203,165,78,156,0.0588819
17,348,97,151,303,0.0588819
18,204,163,76,152,0.0572059
18,367,101,150,301,0.0572059
19,204,177,72,144,0.0631879
20,202,175,74,147,0.0617062
21,199,171,77,154,0.0568213
21,389,41,186,370,0.0568213
22,194,169,77,154,0.067243
23,190,166,81,161,0.0637829
23,444,175,56,112,0.0637829
24,186,164,82,165,0.0623009
25,182,159,85,170,0.0553856
25,448,171,58,115,0.0553856
26,181,167,86,170,0.0633674
26,448,169,58,116,0.0633674
27,554,134,77,282,0.0596959
27,168,142,101,201,0.0596959
27,445,152,68,136,0.0596959
28,167,156,94,187,0.0592566
28,447,155,66,133,0.0592566
29,160,154,100,200,0.0563044
29,448,157,65,129,0.0563044
29,6,139,44,118,0.0563044
30,144,119,122,242,0.0758413
30,449,158,63,126,0.0758413
31,139,118,123,246,0.0606656
31,449,159,62,125,0.0606656
32,127,102,132,264,0.0639201
32,449,159,63,126,0.0639201
33,116,91,146,292,0.062612
33,448,157,65,129,0.062612
34,116,128,132,263,0.0706232
34,449,159,65,130,0.0706232
35,96,83,157,314,0.0620775
35,449,161,64,128,0.0620775
36,75,65,173,345,0.0604867
36,449,158,65,130,0.0604867
37,58,53,182,365,0.057693
37,449,160,64,129,0.057693
38,448,157,66,132,0.0606391
38,44,46,185,369,0.0606391
39,450,157,65,129,0.0593681
40,450,159,64,128,0.061954
40,182,183,52,104,0.061954
41,453,170,58,116,0.0552535
42,333,151,57,113,0.0541818
43,132,177,54,109,0.0806721
43,454,167,59,118,0.0806721
44,132,179,54,109,0.062936
44,456,168,58,116,0.062936
44,175,180,55,110,0.062936
45,334,160,54,110,0.0675218
45,457,165,58,115,0.0675218
46,133,176,54,107,0.0620959
46,457,165,58,115,0.0620959
47,334,160,55,110,0.0624066
47,459,164,57,113,0.0624066
49,125,177,54,107,0.0573798
49,167,182,54,107,0.0573798
50,334,163,52,104,0.0639854
50,122,168,58,114,0.0639854
50,167,181,54,107,0.0639854
51,335,164,54,107,0.0597869
51,123,176,54,110,0.0597869
51,161,183,55,110,0.0597869
51,459,160,59,118,0.0597869
52,454,155,65,130,0.0650462
52,119,170,59,117,0.0650462
52,158,183,56,112,0.0650462
52,334,166,54,107,0.0650462
53,337,158,54,108,0.0574473
53,156,182,57,114,0.0574473
53,463,158,61,122,0.0574473
54,335,159,55,110,0.0805869
54,464,160,60,120,0.0805869
54,152,181,59,118,0.0805869
55,333,157,58,114,0.0619434
55,463,158,61,122,0.0619434
55,145,179,59,118,0.0619434
56,326,155,58,116,0.054909
56,145,178,61,121,0.054909
57,338,160,56,112,0.0695414
57,141,176,62,122,0.0695414
57,460,154,65,129,0.0695414
58,137,171,65,130,0.0622978
58,337,159,58,116,0.0622978
58,469,188,54,107,0.0622978
59,454,145,78,155,0.055588
59,338,161,58,116,0.055588
59,132,173,66,131,0.055588
60,460,168,66,132,0.0694293
60,340,162,58,115,0.0694293
61,461,169,66,133,0.0607854
61,340,159,59,118,0.0607854
61,141,160,54,107,0.0607854
62,462,170,66,132,0.073251
62,342,163,56,113,0.073251
63,464,171,66,133,0.0726425
63,102,166,76,152,0.0726425
63,315,172,55,110,0.0726425
63,342,163,58,117,0.0726425
64,457,121,94,188,0.0571117
64,97,151,87,175,0.0571117
64,346,161,62,124,0.0571117
64,309,154,66,131,0.0571117
65,346,162,62,122,0.0595985
65,93,145,92,184,0.0595985
65,458,124,90,181,0.0595985
66,462,120,95,190,0.0607484
66,83,144,94,189,0.0607484
66,348,162,63,126,0.0607484
66,318,179,56,111,0.0607484
67,350,164,62,124,0.0576233
67,321,180,55,110,0.0576233
67,478,196,55,110,0.0576233
67,79,145,92,184,0.0576233
68,466,137,87,174,0.0575098
68,355,166,61,122,0.0575098
68,324,182,53,106,0.0575098
68,87,136,53,106,0.0575098
69,464,112,98,197,0.0594361
69,56,142,100,200,0.0594361
69,357,168,61,122,0.0594361
69,323,175,57,114,0.0594361
70,45,135,104,208,0.0752436
70,359,167,61,121,0.0752436
70,325,180,55,110,0.0752436
70,484,198,55,110,0.0752436
71,464,116,100,199,0.0600563
71,58,130,54,107,0.0600563
71,320,173,59,118,0.0600563
71,363,169,60,119,0.0600563
72,472,128,90,179,0.0616333
72,367,170,61,122,0.0616333
72,324,182,56,113,0.0616333
72,51,125,54,107,0.0616333
73,464,116,100,199,0.0660616
73,43,125,56,111,0.0660616
73,328,184,54,107,0.0660616
73,369,172,59,119,0.0660616
74,484,161,70,140,0.0668609
74,328,179,58,116,0.0668609
74,374,148,71,142,0.0668609
74,38,131,54,109,0.0668609
75,377,163,64,128,0.0765752
75,28,126,58,116,0.0765752
75,332,179,57,114,0.0765752
75,495,188,59,118,0.0765752
75,481,138,79,159,0.0765752
76,331,180,57,114,0.0688053
76,382,170,61,122,0.0688053
76,496,185,65,130,0.0688053
76,481,125,79,159,0.0688053
76,22,121,58,115,0.0688053
77,480,122,82,163,0.0595203
77,40,137,80,159,0.0595203
77,10,112,61,122,0.0595203
77,332,177,58,118,0.0595203
77,387,177,60,120,0.0595203
78,7,84,54,148,0.0587953
78,385,166,64,128,0.0587953
78,337,178,58,115,0.0587953
79,6,55,47,168,0.059964
79,338,170,62,123,0.059964
79,393,173,61,122,0.059964
79,490,149,66,133,0.059964
80,393,167,64,128,0.0654387
80,337,167,64,127,0.0654387
80,30,185,54,109,0.0654387
81,395,171,65,130,0.0640151
81,341,177,63,126,0.0640151
81,502,188,52,104,0.0640151
82,397,170,66,131,0.0597005
82,342,178,62,125,0.0597005
82,10,89,83,330,0.0597005
82,503,189,53,105,0.0597005
83,344,176,66,130,0.0613526
83,403,178,65,130,0.0613526
83,503,193,53,105,0.0613526
84,344,172,69,138,0.0603397
84,405,177,67,134,0.0603397
84,54,128,55,110,0.0603397
85,346,178,67,134,0.065946
85,411,180,66,131,0.065946
86,349,182,66,131,0.0588043
86,420,195,60,120,0.0588043
87,352,184,70,138,0.0622664
87,425,196,61,121,0.0622664
88,351,178,71,142,0.0694563
88,428,190,64,128,0.0694563
88,513,196,54,107,0.0694563
89,355,177,74,147,0.0569092
89,434,187,69,138,0.0569092
89,517,192,54,109,0.0569092
90,357,169,78,154,0.058585
90,439,188,70,139,0.058585
90,517,192,56,113,0.058585
91,362,166,81,162,0.0610321
91,446,188,70,139,0.0610321
91,518,186,56,112,0.0610321
92,371,175,78,157,0.0620245
92,8,101,61,241,0.0620245
92,450,184,70,138,0.0620245
92,519,189,54,110,0.0620245
93,373,162,87,174,0.0676723
93,457,171,74,148,0.0676723
93,6,156,48,192,0.0676723
93,521,182,56,112,0.0676723
94,378,160,90,179,0.0621345
94,573,133,59,214,0.0621345
94,6,179,45,178,0.0621345
94,462,167,80,159,0.0621345
94,523,186,54,109,0.0621345
95,467,158,90,179,0.0626442
95,385,159,91,182,0.0626442
95,576,144,57,202,0.0626442
96,389,158,94,186,0.0598611
96,474,156,96,191,0.0598611
97,392,152,101,201,0.0562217
97,485,157,98,195,0.0562217
98,398,158,101,201,0.06633
98,492,156,98,197,0.06633
98,351,154,54,107,0.06633
99,503,150,103,206,0.0637348
99,409,152,106,210,0.0637348
99,351,154,55,110,0.0637348
100,417,144,115,230,0.0639571
100,515,144,107,214,0.0639571
100,351,151,57,113,0.0639571
101,529,147,98,217,0.0645065
101,426,137,124,247,0.0645065
101,351,155,55,110,0.0645065
101,394,186,53,106,0.0645065
102,540,144,89,238,0.0576526
102,392,180,57,114,0.0576526
102,440,127,128,256,0.0576526
103,451,109,148,297,0.0695369
103,398,174,61,121,0.0695369
103,555,145,75,238,0.0695369
104,399,168,65,129,0.0655973
104,459,99,161,322,0.0655973
104,351,151,57,113,0.0655973
105,403,172,62,124,0.0632933
105,575,207,58,158,0.0632933
105,351,154,55,110,0.0632933
105,534,284,63,127,0.0632933
106,504,104,121,323,0.07204
106,407,174,62,124,0.07204
106,351,151,57,113,0.07204
107,406,173,62,124,0.0615745
107,351,154,55,110,0.0615745
108,404,172,64,128,0.0600137
108,351,154,56,111,0.0600137
109,398,116,94,189,0.0669962
109,231,177,54,110,0.0669962
109,598,178,38,113,0.0669962
109,534,192,57,114,0.0669962
110,411,169,66,132,0.0668175
110,350,147,57,113,0.0668175
110,535,187,58,116,0.0668175
111,410,163,70,141,0.0598308
111,349,147,58,115,0.0598308
111,535,192,59,118,0.0598308
112,413,171,66,131,0.0634571
112,350,148,56,112,0.0634571
112,537,196,58,115,0.0634571
112,223,183,54,109,0.0634571
113,415,170,66,134,0.0563224
113,349,147,58,114,0.0563224
113,222,185,53,106,0.0563224
113,539,194,58,115,0.0563224
114,419,167,69,137,0.0607588
114,350,147,57,113,0.0607588
114,539,195,57,114,0.0607588
115,420,162,71,142,0.0588693
115,540,190,61,122,0.0588693
115,350,143,58,116,0.0588693
116,396,32,142,286,0.0602961
116,540,188,61,122,0.0602961
116,349,146,58,115,0.0602961
117,425,151,80,160,0.0616072
117,540,188,60,119,0.0616072
118,432,163,75,150,0.0643323
118,541,186,62,123,0.0643323
118,348,155,53,106,0.0643323
119,432,165,75,150,0.0569463
119,541,179,62,122,0.0569463
119,341,147,58,117,0.0569463
120,429,164,78,154,0.0591636
120,540,174,65,130,0.0591636
120,341,148,57,114,0.0591636
121,431,162,79,158,0.0653692
121,537,165,70,138,0.0653692
121,339,141,59,118,0.0653692
122,436,149,84,168,0.0587934
122,540,184,59,118,0.0587934
122,335,140,59,118,0.0587934
122,183,182,59,118,0.0587934
123,437,142,86,173,0.0569056
123,331,139,59,118,0.0569056
123,537,182,54,106,0.0569056
124,441,144,90,179,0.0732811
124,539,183,55,110,0.0732811
124,173,179,62,122,0.0732811
124,331,139,59,118,0.0732811
125,451,145,87,174,0.0588595
125,171,176,65,130,0.0588595
125,331,139,59,118,0.0588595
125,540,184,54,109,0.0588595
126,444,140,101,201,0.0656164
126,328,145,62,123,0.0656164
126,539,185,54,109,0.0656164
127,450,137,99,198,0.0629326
127,538,184,54,107,0.0629326
127,323,146,59,119,0.0629326
128,439,129,110,218,0.0610429
128,149,182,67,134,0.0610429
128,537,184,54,109,0.0610429
128,261,193,52,104,0.0610429
129,459,130,109,218,0.0579424
129,138,175,72,145,0.0579424
129,320,148,61,122,0.0579424
130,480,125,113,226,0.0560307
130,134,171,76,152,0.0560307
130,319,149,58,117,0.0560307
130,256,196,54,107,0.0560307
131,483,121,122,245,0.0809341
131,255,193,53,106,0.0809341
131,317,149,61,121,0.0809341
132,488,114,135,270,0.0653342
132,241,197,56,111,0.0653342
132,316,151,60,120,0.0653342
133,487,94,136,298,0.0586549
133,111,162,82,163,0.0586549
133,311,150,59,118,0.0586549
134,101,165,84,167,0.086026
134,308,152,59,119,0.086026
134,485,106,138,286,0.086026
134,219,195,57,113,0.086026
135,495,112,129,291,0.0603966
135,448,159,72,144,0.0603966
135,305,150,58,117,0.0603966
135,212,195,56,111,0.0603966
136,506,104,119,306,0.0685233
136,448,159,72,144,0.0685233
136,304,148,61,121,0.0685233
136,223,195,53,106,0.0685233
137,501,79,123,345,0.062673
137,301,151,57,113,0.062673
137,209,193,52,104,0.062673
137,448,159,72,144,0.062673
138,298,151,59,118,0.0581235
138,521,191,56,112,0.0581235
138,156,185,53,106,0.0581235
138,202,191,53,106,0.0581235
138,233,190,54,106,0.0581235
139,296,149,59,118,0.067278
139,519,188,58,114,0.067278
139,151,185,53,105,0.067278
139,197,188,54,107,0.067278
139,227,191,54,109,0.067278
140,295,145,62,123,0.0581088
140,519,188,58,114,0.0581088
140,193,189,57,114,0.0581088
140,226,191,53,105,0.0581088
141,292,149,58,116,0.0615861
141,520,191,56,112,0.0615861
141,190,189,55,110,0.0615861
141,224,190,54,109,0.0615861
141,150,182,53,106,0.0615861
142,447,155,76,151,0.0705548
142,289,148,61,122,0.0705548
142,183,188,58,115,0.0705548
142,215,189,58,116,0.0705548
142,520,191,54,108,0.0705548
143,195,185,58,114,0.0573649
143,286,148,58,116,0.0573649
143,518,190,54,109,0.0573649
143,141,182,52,104,0.0573649
144,197,183,58,118,0.0571255
144,284,143,61,121,0.0571255
144,514,188,57,114,0.0571255
145,204,179,59,118,0.0713188
145,285,140,58,117,0.0713188
145,170,175,59,118,0.0713188
145,516,181,55,110,0.0713188
146,169,172,61,122,0.0647653
146,92,87,54,110,0.0647653
146,285,141,61,121,0.0647653
146,516,178,58,114,0.0647653
146,204,179,58,115,0.0647653
147,285,142,59,119,0.0621867
147,185,176,61,121,0.0621867
147,518,183,57,114,0.0621867
148,285,146,59,119,0.0670074
148,184,180,62,122,0.0670074
148,518,187,58,114,0.0670074
149,158,176,65,129,0.0608876
149,194,182,63,126,0.0608876
149,283,147,62,125,0.0608876
149,519,190,56,111,0.0608876
150,156,179,66,133,0.0582226
150,518,190,56,112,0.0582226
150,196,187,60,119,0.0582226
150,283,147,62,125,0.0582226
151,283,147,62,125,0.0568173
151,158,180,65,130,0.0568173
151,192,187,63,126,0.0568173
151,520,191,55,110,0.0568173
152,283,152,64,128,0.0639539
152,170,182,65,130,0.0639539
152,519,195,54,110,0.0639539
153,156,179,72,143,0.0683261
153,519,194,55,111,0.0683261
153,281,155,62,124,0.0683261
154,281,155,64,128,0.0603278
154,159,181,70,142,0.0603278
154,519,197,55,110,0.0603278
154,5,212,39,125,0.0603278
155,149,181,71,142,0.0660592
155,282,155,64,128,0.0660592
155,521,198,54,106,0.0660592
156,127,179,74,148,0.0555569
156,171,187,69,137,0.0555569
156,281,153,66,131,0.0555569
156,517,196,56,112,0.0555569
156,4,212,30,122,0.0555569
157,159,183,70,142,0.0719544
157,280,153,64,127,0.0719544
157,511,195,62,126,0.0719544
158,146,179,74,149,0.0593816
158,281,150,66,131,0.0593816
158,508,192,65,130,0.0593816
159,105,171,83,167,0.0682193
159,152,178,78,154,0.0682193
159,511,192,65,129,0.0682193
159,284,155,60,120,0.0682193
160,131,166,83,167,0.0608875
160,511,189,66,131,0.0608875
160,280,152,62,125,0.0608875
161,88,155,95,190,0.0726223
161,279,148,66,133,0.0726223
161,147,182,76,151,0.0726223
161,507,183,74,150,0.0726223
162,80,161,90,178,0.0621946
162,144,183,74,148,0.0621946
162,508,180,78,155,0.0621946
162,280,145,67,134,0.0621946
163,74,161,89,177,0.0642791
163,139,194,72,145,0.0642791
163,510,179,78,157,0.0642791
163,277,147,62,124,0.0642791
164,9,39,71,286,0.0617472
164,69,164,90,180,0.0617472
164,133,185,78,155,0.0617472
164,278,146,67,134,0.0617472
164,517,190,67,134,0.0617472
165,127,193,76,151,0.0603907
165,60,160,90,179,0.0603907
165,521,197,64,128,0.0603907
165,280,142,67,134,0.0603907
166,120,186,82,163,0.0688144
166,523,196,64,129,0.0688144
166,280,142,67,134,0.0688144
166,52,155,98,197,0.0688144
167,107,157,98,195,0.0615114
167,522,186,68,136,0.0615114
167,281,143,66,133,0.0615114
168,92,150,106,211,0.0650874
168,36,139,110,220,0.0650874
168,518,179,83,166,0.0650874
168,281,142,67,135,0.0650874
169,65,140,111,222,0.0574672
169,281,142,67,135,0.0574672
169,527,192,56,111,0.0574672
170,533,184,84,168,0.0613253
170,62,142,117,234,0.0613253
170,527,190,57,113,0.0613253
171,14,130,114,250,0.060862
171,68,143,116,232,0.060862
171,281,142,67,135,0.060862
171,527,191,57,113,0.060862
172,13,122,104,278,0.0568734
172,55,141,124,248,0.0568734
172,281,142,67,135,0.0568734
172,527,189,58,114,0.0568734
173,38,135,130,262,0.0699717
173,529,191,57,114,0.0699717
173,280,142,67,134,0.0699717
174,21,130,135,270,0.0593584
174,280,142,67,134,0.0593584
174,529,188,59,118,0.0593584
175,17,122,133,290,0.0560172
175,281,145,63,126,0.0560172
175,529,190,58,117,0.0560172
176,14,107,114,301,0.054869
176,281,144,65,129,0.054869
176,529,190,58,117,0.054869
177,15,102,123,325,0.0647675
177,282,142,68,135,0.0647675
177,530,188,59,118,0.0647675
178,283,145,66,133,0.0609524
178,531,188,60,119,0.0609524
179,98,173,69,138,0.0615025
179,284,147,62,124,0.0615025
179,535,189,58,116,0.0615025
180,11,88,88,338,0.0609502
180,288,147,64,127,0.0609502
180,537,189,59,119,0.0609502
181,9,97,74,292,0.0604446
181,82,168,97,193,0.0604446
181,289,145,63,126,0.0604446
181,540,189,60,120,0.0604446
182,87,175,77,154,0.0590408
182,541,188,60,121,0.0590408
182,289,146,62,125,0.0590408
183,82,172,80,160,0.0613978
183,291,143,66,133,0.0613978
183,543,189,60,120,0.0613978
184,80,174,79,158,0.062076
184,292,146,65,129,0.062076
184,136,165,60,120,0.062076
184,545,189,61,122,0.062076
185,293,142,69,138,0.0645868
185,547,189,61,121,0.0645868
185,75,176,74,148,0.0645868
185,252,168,54,107,0.0645868
185,138,171,57,114,0.0645868
186,71,173,75,150,0.0570355
186,296,147,66,132,0.0570355
186,139,173,56,113,0.0570355
186,550,189,62,123,0.0570355
186,250,163,57,114,0.0570355
187,69,175,76,152,0.0643745
187,550,190,61,122,0.0643745
187,254,171,54,109,0.0643745
187,138,174,57,113,0.0643745
188,66,171,79,158,0.0702262
188,300,152,63,126,0.0702262
188,553,191,60,121,0.0702262
188,255,171,54,107,0.0702262
188,140,179,54,110,0.0702262
189,58,165,84,167,0.0578402
189,299,144,66,130,0.0578402
189,554,189,60,120,0.0578402
189,258,173,53,106,0.0578402
189,137,159,62,125,0.0578402
190,50,165,86,170,0.0614178
190,555,186,62,123,0.0614178
190,299,142,68,136,0.0614178
190,257,168,54,107,0.0614178
191,45,163,86,171,0.0611108
191,302,135,70,140,0.0611108
191,557,185,61,121,0.0611108
191,259,170,53,106,0.0611108
192,35,156,90,179,0.0586423
192,303,140,67,134,0.0586423
192,559,184,61,121,0.0586423
192,260,165,54,107,0.0586423
193,31,159,90,181,0.0639284
193,305,137,72,144,0.0639284
193,560,187,62,124,0.0639284
193,261,169,54,109,0.0639284
194,21,155,94,189,0.0595014
194,563,188,61,122,0.0595014
194,303,138,65,129,0.0595014
194,264,171,53,106,0.0595014
195,19,155,94,189,0.0571154
195,564,189,61,122,0.0571154
195,265,173,54,107,0.0571154
196,12,145,96,203,0.059956
196,566,189,62,125,0.059956
196,265,172,54,106,0.059956
197,11,149,91,201,0.055919
197,568,191,61,121,0.055919
197,266,170,54,109,0.055919
197,146,176,58,115,0.055919
198,11,129,91,233,0.0696793
198,138,153,67,134,0.0696793
198,569,195,61,121,0.0696793
198,266,174,54,106,0.0696793
199,10,143,82,221,0.0594342
199,139,156,66,133,0.0594342
199,571,194,60,120,0.0594342
199,265,177,53,106,0.0594342
200,10,140,78,231,0.0565778
200,374,121,67,134,0.0565778
200,147,176,58,114,0.0565778
200,266,180,55,110,0.0565778
200,572,197,60,120,0.0565778
201,11,95,91,331,0.0588743
201,572,195,60,120,0.0588743
201,266,178,54,108,0.0588743
202,8,140,60,238,0.0656161
202,574,197,58,119,0.0656161
202,264,177,55,110,0.0656161
203,8,134,61,242,0.0590043
203,573,191,59,128,0.0590043
203,262,176,54,109,0.0590043
204,577,196,56,122,0.0627073
204,263,178,54,110,0.0627073
205,577,192,56,126,0.0723633
205,262,178,56,112,0.0723633
205,426,206,53,106,0.0723633
206,579,197,54,121,0.0810106
206,262,180,54,109,0.0810106
206,427,198,56,112,0.0810106
207,579,192,54,124,0.0622465
207,262,178,55,111,0.0622465
207,429,197,57,114,0.0622465
208,579,190,54,127,0.0591459
208,262,180,55,111,0.0591459
209,581,188,53,129,0.0584034
209,263,179,56,111,0.0584034
210,583,190,50,127,0.0570097
210,263,180,55,111,0.0570097
211,586,188,48,127,0.0570672
211,262,179,56,111,0.0570672
211,443,205,54,107,0.0570672
212,587,190,47,124,0.0601781
212,260,176,56,113,0.0601781
212,150,188,52,104,0.0601781
213,584,187,50,128,0.0548848
213,260,179,55,110,0.0548848
214,585,186,49,127,0.0619313
214,260,176,56,112,0.0619313
214,150,188,53,106,0.0619313
215,587,189,47,126,0.0568725
215,260,181,54,107,0.0568725
216,587,189,47,127,0.0729601
216,259,183,54,109,0.0729601
217,587,187,47,129,0.0594934
217,257,181,55,110,0.0594934
217,454,198,59,118,0.0594934
218,589,194,46,125,0.0572289
218,193,157,62,125,0.0572289
218,256,188,53,106,0.0572289
219,586,187,48,133,0.0629808
219,256,188,53,106,0.0629808
220,588,187,46,133,0.0710966
220,254,186,54,108,0.0710966
221,588,188,46,131,0.0633188
221,252,187,54,107,0.0633188
222,586,182,48,140,0.0731141
222,253,187,54,108,0.0731141
223,253,187,55,110,0.0624395
224,254,186,54,109,0.0615224
224,192,154,66,131,0.0615224
225,197,152,65,130,0.0542781
225,254,188,55,110,0.0542781
226,254,182,57,113,0.0595401
226,158,185,52,104,0.0595401
227,591,176,44,151,0.0557942
227,256,185,55,110,0.0557942
227,158,183,54,106,0.0557942
228,592,181,42,145,0.0623981
228,257,185,57,114,0.0623981
228,158,185,54,107,0.0623981
229,594,178,41,146,0.0582266
229,260,185,56,112,0.0582266
229,158,188,54,106,0.0582266
230,598,183,38,139,0.0559713
230,262,186,57,113,0.0559713
230,125,169,54,107,0.0559713
230,160,191,53,106,0.0559713
231,263,182,59,118,0.0645184
231,598,183,38,139,0.0645184
231,167,153,66,133,0.0645184
232,168,148,71,142,0.058745
232,266,180,61,122,0.058745
232,593,172,42,153,0.058745
233,165,152,68,136,0.0605943
233,268,182,62,123,0.0605943
233,167,187,54,106,0.0605943
233,593,169,42,154,0.0605943
234,171,148,71,142,0.0583652
234,270,182,62,122,0.0583652
235,172,148,72,144,0.0561524
235,271,178,64,128,0.0561524
236,170,147,73,146,0.0685869
236,274,179,64,127,0.0685869
237,276,179,66,131,0.0600191
237,171,145,74,147,0.0600191
238,278,180,66,133,0.0822883
238,171,145,74,147,0.0822883
238,182,192,54,108,0.0822883
239,168,150,77,154,0.0599366
239,281,182,66,133,0.0599366
240,170,155,76,151,0.0700117
240,285,182,68,137,0.0700117
241,292,183,69,137,0.0568199
241,185,195,58,114,0.0568199
242,294,182,70,142,0.0643647
242,184,196,56,111,0.0643647
243,298,184,70,139,0.0651064
243,181,195,57,114,0.0651064
244,305,187,71,143,0.0637102
244,125,160,65,129,0.0637102
244,180,191,60,120,0.0637102
245,310,181,75,150,0.0558893
245,181,192,61,122,0.0558893
245,219,155,65,129,0.0558893
246,321,168,85,170,0.0615204
246,185,194,62,124,0.0615204
247,336,158,93,186,0.0639253
247,189,186,66,131,0.0639253
248,339,166,89,178,0.0626832
248,190,187,66,131,0.0626832
249,342,158,95,190,0.0563361
249,189,188,66,133,0.0563361
250,352,176,86,172,0.0589812
250,186,186,68,136,0.0589812
250,222,194,53,106,0.0589812
251,355,167,92,185,0.0570699
251,186,187,68,135,0.0570699
251,222,194,53,106,0.0570699
252,183,182,71,142,0.0692082
252,365,176,88,177,0.0692082
252,227,193,53,106,0.0692082
253,377,177,90,180,0.0613332
253,186,177,76,151,0.0613332
254,384,152,106,210,0.05991
254,185,174,79,158,0.05991
255,395,144,112,223,0.0693735
255,196,184,74,147,0.0693735
255,170,151,69,138,0.0693735
256,407,139,116,231,0.0666245
256,193,166,82,162,0.0666245
256,257,137,72,144,0.0666245
257,422,138,119,238,0.0711408
257,191,169,85,170,0.0711408
257,257,137,72,144,0.0711408
257,266,182,54,107,0.0711408
258,428,134,126,253,0.0605946
258,183,163,88,176,0.0605946
258,257,134,74,148,0.0605946
258,4,176,29,117,0.0605946
259,443,128,134,267,0.0616494
259,178,163,90,179,0.0616494
259,257,134,74,148,0.0616494
259,267,181,54,110,0.0616494
260,444,125,137,274,0.0623022
260,176,172,88,176,0.0623022
260,261,134,74,147,0.0623022
260,269,181,55,110,0.0623022
261,455,106,152,304,0.0623191
261,158,140,110,220,0.0623191
261,260,133,77,154,0.0623191
261,271,186,55,110,0.0623191
262,455,98,165,329,0.0580698
262,139,134,124,248,0.0580698
262,260,144,74,150,0.0580698
263,119,115,136,273,0.0635047
263,483,103,140,322,0.0635047
263,260,144,74,150,0.0635047
263,269,189,56,112,0.0635047
264,114,118,137,274,0.0666957
264,260,141,77,153,0.0666957
264,269,192,56,112,0.0666957
265,101,125,139,279,0.0770731
265,258,143,76,151,0.0770731
265,270,195,54,108,0.0770731
266,81,125,148,297,0.0573258
266,258,143,76,151,0.0573258
266,270,195,54,108,0.0573258
267,65,122,154,308,0.0590499
267,257,137,82,165,0.0590499
267,270,198,57,114,0.0590499
267,591,304,44,113,0.0590499
268,43,102,172,325,0.060172
268,258,134,85,170,0.060172
269,20,74,163,342,0.0609323
269,265,198,57,114,0.0609323
269,249,142,78,154,0.0609323
270,240,141,78,155,0.063082
270,375,150,65,129,0.063082
270,261,197,57,113,0.063082
271,377,138,71,142,0.0612406
271,233,141,77,154,0.0612406
271,256,194,56,111,0.0612406
271,3,286,26,107,0.0612406
272,227,138,79,159,0.0611782
272,371,143,68,135,0.0611782
272,252,191,58,117,0.0611782
273,367,142,68,136,0.0581026
273,249,190,58,114,0.0581026
273,222,135,81,162,0.0581026
274,251,189,58,115,0.06203
274,217,133,82,164,0.06203
274,369,141,66,133,0.06203
275,250,189,58,116,0.0558289
275,360,131,70,141,0.0558289
276,230,124,87,175,0.0657302
276,361,144,65,129,0.0657302
277,517,197,56,112,0.0712485
277,236,126,86,174,0.0712485
278,247,185,58,114,0.0649348
278,512,190,59,118,0.0649348
278,196,130,79,159,0.0649348
279,223,120,90,181,0.059696
279,347,151,60,120,0.059696
279,508,188,59,118,0.059696
279,200,189,52,105,0.059696
280,181,126,82,164,0.0779503
280,336,130,70,141,0.0779503
280,236,184,61,122,0.0779503
280,504,185,62,125,0.0779503
281,174,131,77,154,0.0578682
281,334,135,66,132,0.0578682
281,226,183,58,117,0.0578682
281,185,187,53,106,0.0578682
282,202,124,87,175,0.0616956
282,338,143,62,123,0.0616956
282,177,190,53,106,0.0616956
283,153,128,83,167,0.0607159
283,217,185,62,123,0.0607159
283,332,150,60,119,0.0607159
284,147,124,87,175,0.0656508
284,212,184,64,127,0.0656508
284,331,147,61,121,0.0656508
285,209,187,60,121,0.0599753
285,143,127,85,170,0.0599753
286,142,125,86,172,0.060578
286,323,146,62,124,0.060578
286,207,186,61,122,0.060578
286,6,9,44,103,0.060578
286,492,204,57,113,0.060578
287,209,184,62,123,0.0671768
287,138,124,87,175,0.0671768
288,138,120,87,175,0.0635734
288,320,143,62,123,0.0635734
288,208,182,59,119,0.0635734
289,209,183,62,125,0.0582328
289,141,124,87,175,0.0582328
290,208,182,64,128,0.0585941
290,148,189,56,112,0.0585941
290,182,188,52,104,0.0585941
290,323,144,62,122,0.0585941
291,132,123,89,178,0.0609446
291,312,144,64,128,0.0609446
291,211,186,61,122,0.0609446
292,130,122,88,177,0.0742765
292,305,141,69,138,0.0742765
292,208,183,62,125,0.0742765
292,178,186,54,108,0.0742765
293,302,141,69,138,0.0606118
293,208,183,62,123,0.0606118
293,326,157,54,107,0.0606118
293,138,191,55,111,0.0606118
293,176,186,54,110,0.0606118
294,208,183,61,122,0.0572999
294,120,116,92,184,0.0572999
294,177,191,53,105,0.0572999
294,316,143,63,126,0.0572999
295,208,179,62,123,0.0607285
295,173,184,55,110,0.0607285
295,120,116,92,184,0.0607285
296,210,179,61,121,0.0584612
296,324,148,58,117,0.0584612
296,173,184,56,112,0.0584612
296,120,116,92,184,0.0584612
297,116,121,90,179,0.059148
297,323,138,64,128,0.059148
297,47,183,54,110,0.059148
297,172,184,56,112,0.059148
297,211,180,60,120,0.059148
298,116,118,91,182,0.0692012
298,172,186,55,110,0.0692012
298,211,182,58,118,0.0692012
299,318,132,70,139,0.0572223
299,211,184,58,117,0.0572223
299,43,182,58,116,0.0572223
299,170,186,56,112,0.0572223
299,114,118,91,182,0.0572223
300,325,135,66,133,0.0603291
300,212,183,58,116,0.0603291
300,121,188,58,115,0.0603291
300,168,187,56,111,0.0603291
300,11,30,89,345,0.0603291
301,209,185,60,120,0.0568805
301,169,186,57,113,0.0568805
301,113,116,92,184,0.0568805
301,11,30,87,342,0.0568805
302,11,32,86,342,0.0625595
302,323,130,69,138,0.0625595
302,209,184,61,121,0.0625595
302,39,179,62,125,0.0625595
302,111,111,95,190,0.0625595
302,167,188,56,111,0.0625595
303,108,113,94,189,0.0614245
303,209,180,62,122,0.0614245
303,166,186,57,113,0.0614245
303,12,30,93,340,0.0614245
304,207,181,62,123,0.0583441
304,41,181,60,120,0.0583441
304,110,185,58,117,0.0583441
304,163,185,58,116,0.0583441
305,545,48,85,323,0.0579854
305,36,177,66,132,0.0579854
305,205,183,62,123,0.0579854
305,106,186,58,116,0.0579854
305,161,186,59,118,0.0579854
306,542,44,87,323,0.061354
306,29,169,71,142,0.061354
306,204,182,63,126,0.061354
306,103,188,58,117,0.061354
306,160,191,58,115,0.061354
307,550,69,80,305,0.0569285
307,23,168,74,147,0.0569285
307,201,186,62,125,0.0569285
307,154,190,58,116,0.0569285
307,98,186,60,119,0.0569285
308,552,74,78,298,0.0697083
308,19,172,73,145,0.0697083
308,196,187,59,118,0.0697083
308,151,189,58,117,0.0697083
308,96,186,60,120,0.0697083
309,16,171,74,150,0.0751709
309,149,186,61,121,0.0751709
309,195,185,60,120,0.0751709
309,96,188,59,118,0.0751709
310,15,160,83,166,0.0567092
310,192,179,63,126,0.0567092
310,145,185,61,122,0.0567092
310,88,187,61,121,0.0567092
311,11,154,88,182,0.0581369
311,144,188,59,119,0.0581369
311,87,184,62,124,0.0581369
311,192,183,61,122,0.0581369
311,323,130,69,138,0.0581369
312,11,147,90,193,0.0585989
312,189,182,61,121,0.0585989
312,92,188,62,122,0.0585989
312,142,189,60,119,0.0585989
313,11,146,86,194,0.0620573
313,187,186,60,121,0.0620573
313,86,184,65,130,0.0620573
313,139,189,61,122,0.0620573
314,10,147,84,192,0.060479
314,84,186,64,128,0.060479
314,136,187,62,125,0.060479
314,182,186,62,123,0.060479
314,69,10,62,110,0.060479
315,10,140,84,210,0.0767253
315,178,182,63,126,0.0767253
315,80,186,65,129,0.0767253
315,134,187,62,126,0.0767253
316,10,142,80,203,0.0607808
316,78,186,64,128,0.0607808
316,133,193,61,122,0.0607808
316,175,186,62,122,0.0607808
317,10,131,78,223,0.0586592
317,74,187,64,127,0.0586592
317,127,187,64,128,0.0586592
317,169,184,62,125,0.0586592
318,72,183,66,131,0.0704277
318,126,188,64,128,0.0704277
318,165,179,65,130,0.0704277
318,9,123,71,238,0.0704277
319,8,117,65,242,0.0567562
319,69,190,62,126,0.0567562
319,117,181,69,138,0.0567562
319,159,183,63,126,0.0567562
319,327,159,57,114,0.0567562
320,7,130,58,230,0.0626374
320,63,187,64,128,0.0626374
320,114,182,68,135,0.0626374
320,155,180,63,126,0.0626374
320,326,163,54,107,0.0626374
320,198,199,52,104,0.0626374
321,8,131,61,223,0.0636637
321,110,182,69,137,0.0636637
321,57,187,66,130,0.0636637
321,147,180,62,125,0.0636637
321,196,196,54,109,0.0636637
322,7,133,56,198,0.0786716
322,50,190,66,132,0.0786716
322,102,181,69,138,0.0786716
322,144,187,60,119,0.0786716
322,193,196,54,107,0.0786716
323,308,140,65,129,0.0594202
323,117,178,67,134,0.0594202
323,39,187,64,128,0.0594202
323,183,195,56,111,0.0594202
324,25,181,68,135,0.0853572
324,109,176,67,134,0.0853572
324,309,163,52,104,0.0853572
324,177,189,56,112,0.0853572
325,19,180,68,136,0.0701375
325,99,175,69,138,0.0701375
325,307,160,53,106,0.0701375
325,173,189,57,114,0.0701375
326,12,176,71,142,0.0608211
326,84,170,74,147,0.0608211
326,172,190,59,118,0.0608211
326,308,156,58,115,0.0608211
327,172,190,59,118,0.0627073
327,9,179,70,146,0.0627073
327,68,168,78,156,0.0627073
327,307,163,53,106,0.0627073
328,8,174,68,158,0.0558848
328,64,168,83,167,0.0558848
328,172,197,59,118,0.0558848
328,307,162,58,114,0.0558848
329,8,179,62,152,0.0616928
329,67,167,80,160,0.0616928
329,307,162,58,114,0.0616928
329,171,199,58,115,0.0616928
330,7,170,58,163,0.0604833
330,64,170,78,158,0.0604833
330,171,199,58,117,0.0604833
330,306,162,58,114,0.0604833
331,169,197,62,123,0.071008
331,57,190,73,145,0.071008
331,8,151,61,194,0.071008
331,305,164,57,114,0.071008
332,50,184,76,152,0.0624831
332,166,196,62,124,0.0624831
332,305,163,57,114,0.0624831
333,44,189,75,151,0.0536369
333,163,193,66,131,0.0536369
333,5,211,39,158,0.0536369
333,305,162,58,115,0.0536369
334,34,192,77,153,0.056996
334,163,197,65,130,0.056996
334,304,162,58,115,0.056996
335,27,190,80,160,0.057711
335,159,196,69,137,0.057711
335,305,167,57,113,0.057711
336,22,191,80,160,0.0693665
336,156,196,70,140,0.0693665
336,305,162,58,115,0.0693665
337,16,197,78,156,0.0638114
337,152,190,74,147,0.0638114
337,305,167,55,110,0.0638114
338,10,181,82,175,0.0573485
338,147,184,78,157,0.0573485
338,300,161,58,117,0.0573485
338,203,179,58,115,0.0573485
339,10,153,82,208,0.0570767
339,144,179,82,163,0.0570767
339,301,161,57,114,0.0570767
339,203,179,58,114,0.0570767
340,10,149,80,214,0.0604666
340,138,178,86,171,0.0604666
340,301,155,61,121,0.0604666
341,9,138,75,228,0.0566661
341,135,185,82,165,0.0566661
341,302,157,59,119,0.0566661
342,9,133,69,235,0.0701104
342,129,183,86,170,0.0701104
342,303,160,57,114,0.0701104
343,8,127,66,246,0.0685124
343,123,172,94,188,0.0685124
343,302,153,62,122,0.0685124
344,8,134,63,240,0.0839647
344,114,164,98,197,0.0839647
344,304,154,61,121,0.0839647
344,168,203,54,107,0.0839647
345,8,151,60,226,0.0585165
345,107,161,100,199,0.0585165
345,307,155,61,122,0.0585165
346,95,186,93,186,0.0697674
346,7,166,57,211,0.0697674
346,306,155,58,117,0.0697674
347,5,150,39,159,0.0676196
347,79,161,108,216,0.0676196
348,74,187,103,206,0.0654023
348,307,151,63,126,0.0654023
349,65,195,100,201,0.0677278
349,307,154,62,122,0.0677278
349,137,213,59,117,0.0677278
350,44,172,115,230,0.0624904
350,307,151,62,124,0.0624904
351,25,112,159,317,0.0610833
351,305,151,63,126,0.0610833
352,308,153,62,125,0.0665859
352,20,100,158,327,0.0665859
353,20,94,157,332,0.0619169
353,309,154,62,123,0.0619169
354,18,96,140,330,0.0597637
354,311,160,58,117,0.0597637
355,309,153,62,124,0.0775007
356,312,155,60,119,0.0637042
357,311,152,62,123,0.0619767
358,309,148,64,128,0.0642711
359,310,149,63,126,0.0592765
365,178,182,53,106,0.0568807
366,178,182,53,106,0.0617075
367,174,179,56,112,0.0791156
368,177,183,53,106,0.0653398
369,131,176,55,110,0.0652927
370,130,176,57,114,0.0587326
370,175,182,54,107,0.0587326
371,128,173,58,117,0.0606817
372,128,176,58,117,0.0598556
374,164,182,61,121,0.0701355
379,117,182,58,115,0.0581982
381,112,185,57,114,0.0576229
382,103,177,62,124,0.0586215
383,98,172,68,135,0.0560972
384,92,169,71,142,0.0606382
385,91,168,74,146,0.070492
386,97,167,78,155,0.0572567
387,99,188,68,135,0.0713706
387,123,161,80,161,0.0713706
388,79,161,82,163,0.0644699
388,121,159,82,164,0.0644699
389,81,161,83,166,0.0760507
390,80,158,84,169,0.0583691
391,93,220,58,116,0.0626531
392,81,143,93,186,0.0774276
393,75,138,101,202,0.0793741
393,6,9,46,103,0.0793741
394,74,139,102,203,0.060873
394,5,9,42,103,0.060873
395,69,140,97,194,0.0731572
395,268,160,59,118,0.0731572
396,61,137,106,212,0.0667624
396,270,167,55,110,0.0667624
397,57,158,94,187,0.0552635
397,268,165,56,111,0.0552635
398,40,122,113,226,0.0617948
399,37,123,114,227,0.0633879
400,26,116,122,245,0.0611897
401,16,115,124,247,0.0598164
402,434,193,53,106,0.0562096
402,15,116,118,251,0.0562096
403,15,108,122,263,0.0619424
404,15,104,118,270,0.0570881
404,442,190,53,106,0.0570881
405,14,102,109,274,0.0597499
405,442,191,56,111,0.0597499
406,13,100,102,283,0.0564858
406,283,167,54,109,0.0564858
406,445,193,56,112,0.0564858
407,12,98,100,283,0.0569174
407,282,166,56,112,0.0569174
407,448,190,58,114,0.0569174
408,12,86,94,320,0.0591785
408,281,167,58,115,0.0591785
408,456,193,57,113,0.0591785
409,11,78,91,322,0.063204
409,284,171,55,110,0.063204
409,458,188,62,125,0.063204
410,9,84,74,282,0.073025
410,284,170,55,111,0.073025
410,467,191,58,118,0.073025
411,287,166,57,113,0.0643203
411,472,191,60,120,0.0643203
412,478,188,62,125,0.0620178
412,287,163,58,115,0.0620178
413,288,168,55,110,0.0753728
413,482,195,58,116,0.0753728
414,489,192,60,120,0.058161
414,291,173,55,110,0.058161
415,492,190,63,126,0.0570166
415,291,173,55,110,0.0570166
416,294,165,58,116,0.0613246
416,497,189,67,134,0.0613246
417,508,198,62,122,0.0611311
417,298,168,57,114,0.0611311
418,510,191,67,134,0.0607036
418,301,172,55,110,0.0607036
419,300,165,58,116,0.0656127
419,520,193,66,132,0.0656127
420,300,161,59,118,0.0677394
420,522,191,68,136,0.0677394
421,524,177,78,155,0.06441
421,304,162,59,118,0.06441
422,538,194,67,134,0.0648321
422,306,167,57,114,0.0648321
423,306,172,58,114,0.0582035
423,545,206,62,126,0.0582035
424,307,169,58,115,0.0801341
424,553,218,58,117,0.0801341
425,562,217,61,121,0.0561415
426,570,221,61,120,0.0636328
429,314,170,57,114,0.0650717
430,313,169,58,117,0.0626303
431,315,174,57,114,0.0844853
432,315,177,56,112,0.0575296
436,477,216,54,107,0.0625518
437,485,216,54,107,0.0598359
438,490,205,61,121,0.0615367
440,405,155,68,135,0.0729611
441,405,155,68,135,0.0619167
442,304,180,53,106,0.0692452
446,409,144,75,150,0.0614575
447,409,144,75,150,0.0575441
448,5,119,38,151,0.0618174
448,409,144,75,150,0.0618174
448,485,196,54,109,0.0618174
449,411,143,76,151,0.0593665
449,486,200,54,106,0.0593665
450,486,200,54,110,0.0567653
450,335,193,54,106,0.0567653
451,417,167,69,138,0.0629386
451,270,191,54,107,0.0629386
451,334,196,52,104,0.0629386
451,491,205,53,105,0.0629386
452,417,167,69,138,0.0638078
452,335,193,53,106,0.0638078
452,492,204,53,106,0.0638078
453,418,162,71,142,0.0621893
453,488,207,53,106,0.0621893
455,541,180,88,182,0.0644488
457,326,196,54,107,0.0574713
458,328,201,53,106,0.0612635
459,330,197,56,111,0.0620253
460,567,206,54,107,0.0617452
461,574,207,55,110,0.0613235
461,273,201,53,105,0.0613235
461,335,206,53,106,0.0613235
462,274,203,54,109,0.0598738
462,579,208,54,112,0.0598738
462,335,203,54,106,0.0598738
463,274,201,56,112,0.0564304
463,334,203,54,109,0.0564304
463,582,210,51,110,0.0564304
463,235,208,53,105,0.0564304
464,277,201,54,107,0.0619914
464,235,208,53,105,0.0619914
464,335,204,54,107,0.0619914
465,230,203,54,108,0.0584475
465,337,204,53,106,0.0584475
466,225,206,54,109,0.0566843
466,289,205,54,107,0.0566843
466,340,202,54,107,0.0566843
467,224,204,55,110,0.0718392
467,343,206,53,105,0.0718392
468,295,209,55,110,0.0564003
468,342,208,52,104,0.0564003
468,218,208,53,105,0.0564003
468,456,163,79,159,0.0564003
470,301,195,59,119,0.0590812
470,212,211,52,104,0.0590812
471,304,188,66,132,0.0622903
471,210,206,54,106,0.0622903
472,306,189,66,133,0.065862
472,204,206,55,110,0.065862
472,351,206,53,105,0.065862
473,309,186,69,137,0.0626797
473,351,201,53,106,0.0626797
473,197,202,56,111,0.0626797
474,313,187,69,138,0.0658617
474,196,202,56,112,0.0658617
475,315,186,70,141,0.0585445
475,194,203,54,109,0.0585445
476,320,191,67,135,0.0615243
477,321,182,74,148,0.0579461
478,331,180,74,147,0.0610142
478,176,195,59,118,0.0610142
479,327,180,74,146,0.0657086
479,178,197,57,114,0.0657086
480,330,188,68,136,0.0583937
481,316,190,63,126,0.0558546
481,347,183,74,149,0.0558546
482,319,187,64,127,0.0602926
482,354,177,78,155,0.0602926
483,357,162,91,182,0.0565226
484,358,151,99,198,0.0634714
484,187,187,54,107,0.0634714
484,318,188,54,107,0.0634714
484,155,195,58,116,0.0634714
485,362,157,98,194,0.0623723
485,186,187,56,112,0.0623723
485,318,188,54,107,0.0623723
485,152,193,58,116,0.0623723
486,367,150,105,210,0.0620939
486,185,189,54,109,0.0620939
486,323,189,54,109,0.0620939
487,371,164,97,194,0.0613296
487,184,189,55,110,0.0613296
487,144,197,58,115,0.0613296
487,6,205,46,131,0.0613296
488,385,161,102,204,0.0561906
488,184,188,56,112,0.0561906
488,322,183,57,114,0.0561906
488,139,204,56,111,0.0561906
488,6,205,49,135,0.0561906
489,398,158,107,214,0.0622302
489,137,202,58,116,0.0622302
489,184,189,56,112,0.0622302
489,323,190,54,110,0.0622302
490,408,152,112,223,0.0704411
490,368,153,97,193,0.0704411
490,182,191,54,109,0.0704411
490,321,188,56,111,0.0704411
490,130,198,61,122,0.0704411
491,417,139,126,252,0.0569021
491,125,196,62,123,0.0569021
491,183,189,55,110,0.0569021
491,321,184,58,114,0.0569021
492,430,139,130,261,0.0600441
492,378,190,60,119,0.0600441
492,122,196,62,124,0.0600441
492,181,187,56,113,0.0600441
492,325,189,55,110,0.0600441
493,116,191,63,127,0.0564349
493,324,187,57,114,0.0564349
493,181,189,55,110,0.0564349
493,380,194,58,116,0.0564349
493,448,138,134,268,0.0564349
494,443,136,130,258,0.0580666
494,376,127,94,189,0.0580666
494,110,184,67,134,0.0580666
494,326,185,54,107,0.0580666
494,178,186,57,114,0.0580666
495,484,116,138,307,0.0587681
495,377,125,95,190,0.0587681
495,109,190,62,124,0.0587681
495,179,184,57,114,0.0587681
495,331,187,53,105,0.0587681
495,564,101,67,255,0.0587681
496,385,186,62,123,0.0584281
496,105,188,64,128,0.0584281
496,176,178,60,120,0.0584281
496,507,272,59,118,0.0584281
496,562,306,59,118,0.0584281
496,331,187,53,105,0.0584281
497,173,176,62,123,0.0635402
497,100,184,66,131,0.0635402
497,383,186,62,122,0.0635402
497,330,187,52,104,0.0635402
498,94,181,69,138,0.0586406
498,173,176,62,122,0.0586406
498,386,188,60,121,0.0586406
498,330,179,56,112,0.0586406
499,89,177,71,143,0.056217
499,172,176,62,124,0.056217
499,387,186,60,120,0.056217
499,330,179,56,112,0.056217
500,82,175,72,144,0.0699229
500,170,174,62,125,0.0699229
500,386,182,62,123,0.0699229
500,332,182,55,110,0.0699229
500,551,209,61,120,0.0699229
501,75,171,75,150,0.0619063
501,385,179,63,126,0.0619063
501,169,173,63,126,0.0619063
501,551,209,62,125,0.0619063
502,383,171,66,133,0.0616037
502,67,170,76,152,0.0616037
502,164,174,62,122,0.0616037
503,384,173,66,131,0.0591982
503,61,169,78,154,0.0591982
503,163,173,61,122,0.0591982
504,54,166,79,159,0.057317
504,160,171,65,130,0.057317
504,384,168,69,137,0.057317
504,333,179,56,111,0.057317
505,156,170,68,135,0.0645168
505,48,166,81,162,0.0645168
505,386,183,62,124,0.0645168
505,553,189,57,113,0.0645168
506,386,182,63,126,0.0624087
506,44,168,82,163,0.0624087
506,155,177,65,130,0.0624087
507,38,174,82,165,0.0638814
507,153,180,65,130,0.0638814
507,387,190,61,122,0.0638814
507,331,182,58,115,0.0638814
508,33,176,82,165,0.059788
508,152,181,66,133,0.059788
508,387,189,62,123,0.059788
508,429,208,54,109,0.059788
508,330,182,61,121,0.059788
509,27,174,85,169,0.0582296
509,154,183,64,129,0.0582296
509,385,184,65,130,0.0582296
509,331,188,57,114,0.0582296
509,432,208,54,107,0.0582296
510,384,176,70,141,0.0683232
510,21,171,87,174,0.0683232
510,144,180,70,139,0.0683232
510,335,199,53,106,0.0683232
510,431,215,54,106,0.0683232
511,385,185,67,134,0.0801207
511,15,173,88,176,0.0801207
511,143,184,69,137,0.0801207
511,432,213,54,107,0.0801207
512,383,173,73,146,0.061567
512,11,163,89,188,0.061567
512,140,177,70,140,0.061567
512,432,208,54,107,0.061567
513,382,172,74,148,0.0649847
513,11,168,85,184,0.0649847
513,143,182,68,136,0.0649847
513,590,201,45,113,0.0649847
514,381,170,75,150,0.0634276
514,10,165,79,190,0.0634276
514,131,178,72,144,0.0634276
514,591,198,44,117,0.0634276
514,335,193,54,108,0.0634276
515,381,183,69,138,0.0578925
515,9,164,75,196,0.0578925
515,126,176,75,150,0.0578925
515,334,196,54,107,0.0578925
516,374,184,67,134,0.0691295
516,8,168,66,193,0.0691295
516,117,175,74,149,0.0691295
516,328,193,55,110,0.0691295
517,6,155,52,208,0.0624703
517,368,188,63,126,0.0624703
517,105,170,77,153,0.0624703
517,143,179,59,119,0.0624703
517,415,207,57,113,0.0624703
518,361,179,68,136,0.0601801
518,94,170,78,155,0.0601801
518,318,196,52,104,0.0601801
518,414,210,54,106,0.0601801
518,136,177,59,118,0.0601801
519,86,169,78,157,0.0625016
519,360,186,64,128,0.0625016
519,131,178,60,120,0.0625016
519,318,193,53,106,0.0625016
519,526,196,52,104,0.0625016
519,413,210,53,106,0.0625016
519,582,192,51,115,0.0625016
520,83,166,80,160,0.0631599
520,361,188,63,126,0.0631599
520,129,178,61,122,0.0631599
520,583,190,50,120,0.0631599
520,411,210,56,113,0.0631599
520,318,196,52,104,0.0631599
521,79,165,82,163,0.0598079
521,361,187,63,127,0.0598079
521,126,174,63,126,0.0598079
521,411,210,56,112,0.0598079
521,318,196,52,104,0.0598079
522,356,185,68,137,0.0628915
522,72,169,82,164,0.0628915
522,122,181,62,124,0.0628915
522,278,192,55,110,0.0628915
522,534,198,56,112,0.0628915
522,410,215,56,111,0.0628915
523,354,184,69,137,0.0608726
523,65,168,85,170,0.0608726
523,115,175,66,130,0.0608726
523,275,196,54,109,0.0608726
523,589,195,46,118,0.0608726
523,406,214,56,112,0.0608726
523,216,197,52,104,0.0608726
523,537,199,53,106,0.0608726
524,54,164,86,172,0.0705662
524,348,189,66,131,0.0705662
524,108,179,62,124,0.0705662
524,268,189,57,113,0.0705662
524,399,206,57,113,0.0705662
525,42,161,90,178,0.060046
525,99,176,64,129,0.060046
525,202,195,52,104,0.060046
525,396,212,55,110,0.060046
525,264,183,58,116,0.060046
525,347,192,62,125,0.060046
525,584,195,50,117,0.060046
526,317,107,108,215,0.0565226
526,36,160,89,178,0.0565226
526,92,168,67,134,0.0565226
526,389,210,55,110,0.0565226
526,262,183,57,113,0.0565226
527,30,159,90,181,0.0607122
527,334,171,74,149,0.0607122
527,88,166,69,137,0.0607122
527,195,190,54,106,0.0607122
527,300,193,54,109,0.0607122
527,587,185,47,131,0.0607122
528,335,172,74,148,0.0632925
528,27,156,92,184,0.0632925
528,86,176,65,129,0.0632925
528,194,189,54,110,0.0632925
528,301,193,53,106,0.0632925
528,265,183,57,113,0.0632925
529,329,159,82,163,0.0721982
529,19,155,94,189,0.0721982
529,81,169,69,137,0.0721982
529,193,190,54,109,0.0721982
529,390,211,54,110,0.0721982
530,78,176,67,135,0.0644181
530,312,113,106,213,0.0644181
530,12,147,100,200,0.0644181
530,189,194,53,106,0.0644181
530,435,196,54,107,0.0644181
530,389,218,56,111,0.0644181
531,12,130,98,223,0.060917
531,74,170,70,140,0.060917
531,327,167,78,157,0.060917
531,186,190,56,112,0.060917
531,551,204,52,104,0.060917
531,388,212,57,114,0.060917
531,265,186,57,113,0.060917
532,325,171,75,150,0.05501
532,11,144,89,203,0.05501
532,262,177,59,118,0.05501
532,71,178,66,131,0.05501
532,183,188,58,116,0.05501
532,555,196,54,109,0.05501
532,387,210,58,114,0.05501
533,322,165,78,156,0.0572729
533,11,119,88,234,0.0572729
533,68,173,67,134,0.0572729
533,162,10,60,114,0.0572729
533,263,175,62,123,0.0572729
533,177,182,59,118,0.0572729
534,10,131,83,222,0.0591529
534,324,168,75,150,0.0591529
534,63,159,74,149,0.0591529
534,176,176,62,124,0.0591529
534,299,179,58,117,0.0591529
535,58,153,78,157,0.0674563
535,327,181,68,136,0.0674563
535,176,176,63,126,0.0674563
536,57,156,77,154,0.0621098
536,172,178,63,126,0.0621098
536,310,101,112,223,0.0621098
536,579,194,54,109,0.0621098
537,56,156,77,154,0.0615614
537,169,174,66,131,0.0615614
537,310,95,112,223,0.0615614
537,584,190,50,112,0.0615614
538,310,101,112,223,0.0619463
538,52,156,78,155,0.0619463
538,590,192,45,116,0.0619463
538,164,174,68,136,0.0619463
539,50,156,79,159,0.0647531
539,162,171,71,143,0.0647531
539,317,101,112,223,0.0647531
539,461,204,53,106,0.0647531
540,330,173,76,151,0.0585358
540,46,161,77,154,0.0585358
540,155,165,77,154,0.0585358
540,391,206,61,122,0.0585358
541,41,157,81,162,0.0574619
541,153,166,75,151,0.0574619
541,329,179,74,148,0.0574619
541,387,210,59,118,0.0574619
542,145,163,82,164,0.0599832
542,327,178,75,151,0.0599832
542,38,171,75,150,0.0599832
542,469,202,54,107,0.0599832
542,387,218,58,115,0.0599832
543,313,95,120,238,0.0664131
543,37,167,78,155,0.0664131
543,143,166,81,162,0.0664131
543,474,203,54,106,0.0664131
543,388,222,55,110,0.0664131
544,30,170,80,160,0.0605805
544,136,168,82,162,0.0605805
544,329,177,78,154,0.0605805
544,476,206,54,107,0.0605805
544,387,220,58,114,0.0605805
545,325,168,85,169,0.072306
545,23,165,84,169,0.072306
545,129,168,84,169,0.072306
545,477,206,56,112,0.072306
545,387,220,58,117,0.072306
546,123,155,91,182,0.0601807
546,18,158,85,170,0.0601807
546,325,169,82,162,0.0601807
546,480,203,57,113,0.0601807
546,388,222,56,112,0.0601807
547,321,157,89,177,0.0561981
547,116,154,93,186,0.0561981
547,483,199,57,113,0.0561981
547,388,217,60,121,0.0561981
547,12,145,92,184,0.0561981
548,321,159,87,174,0.0725854
548,99,154,96,191,0.0725854
548,484,193,61,121,0.0725854
548,388,214,60,120,0.0725854
548,291,164,55,110,0.0725854
548,264,160,58,115,0.0725854
549,91,151,98,194,0.0698514
549,324,172,80,160,0.0698514
549,387,208,62,125,0.0698514
549,279,164,55,110,0.0698514
549,491,200,56,112,0.0698514
550,80,143,106,210,0.0672895
550,321,169,82,164,0.0672895
550,388,209,62,124,0.0672895
550,492,195,59,118,0.0672895
550,268,166,54,110,0.0672895
550,293,164,54,107,0.0672895
551,321,166,82,166,0.066954
551,73,134,112,224,0.066954
551,388,210,62,124,0.066954
551,499,200,57,114,0.066954
552,66,128,121,241,0.0547133
552,322,166,83,166,0.0547133
552,503,197,62,123,0.0547133
552,391,216,61,121,0.0547133
553,326,164,82,166,0.0538852
553,59,119,125,250,0.0538852
553,294,161,58,115,0.0538852
553,508,199,58,116,0.0538852
553,397,223,56,111,0.0538852
554,43,116,133,266,0.0656284
554,326,164,83,167,0.0656284
554,396,208,62,123,0.0656284
554,295,161,56,111,0.0656284
554,515,203,56,112,0.0656284
555,31,109,138,277,0.0572298
555,328,165,82,164,0.0572298
555,396,205,64,127,0.0572298
555,11,241,65,130,0.0572298
555,299,162,55,110,0.0572298
555,519,202,56,112,0.0572298
556,9,88,74,300,0.0611925
556,329,166,82,163,0.0611925
556,395,199,66,131,0.0611925
556,519,192,64,127,0.0611925
556,299,160,55,110,0.0611925
557,333,165,82,163,0.0608382
557,522,189,64,128,0.0608382
557,395,199,67,134,0.0608382
557,297,157,57,113,0.0608382
558,9,88,69,277,0.0603991
558,334,163,83,167,0.0603991
558,526,187,67,134,0.0603991
558,20,77,72,144,0.0603991
558,389,182,74,148,0.0603991
558,299,158,55,110,0.0603991
559,336,155,88,177,0.0714235
559,531,191,66,134,0.0714235
559,394,188,74,148,0.0714235
559,301,162,56,111,0.0714235
560,334,158,91,182,0.0572933
560,300,164,56,112,0.0572933
560,535,196,65,130,0.0572933
560,401,206,67,134,0.0572933
561,333,145,99,198,0.0645107
561,4,92,36,146,0.0645107
561,537,194,68,136,0.0645107
561,404,206,69,138,0.0645107
561,299,166,56,111,0.0645107
562,334,146,101,201,0.0706553
562,541,192,70,142,0.0706553
562,406,211,66,133,0.0706553
562,298,162,58,117,0.0706553
563,335,154,98,195,0.0616159
563,542,194,73,146,0.0616159
563,408,219,64,129,0.0616159
563,299,170,56,111,0.0616159
564,335,155,99,198,0.0611655
564,542,190,76,151,0.0611655
564,402,205,72,145,0.0611655
564,296,166,58,116,0.0611655
565,336,154,101,201,0.0557023
565,297,169,60,119,0.0557023
565,416,240,58,117,0.0557023
566,336,150,103,206,0.0658462
566,416,228,67,134,0.0658462
566,297,169,60,120,0.0658462
567,337,158,102,205,0.0663622
567,416,231,67,134,0.0663622
567,297,172,58,118,0.0663622
568,337,150,106,212,0.0567804
568,419,219,71,142,0.0567804
568,296,169,59,118,0.0567804
569,342,156,101,201,0.062065
569,425,219,70,140,0.062065
569,299,170,57,113,0.062065
570,344,149,102,203,0.0573782
570,421,194,83,167,0.0573782
571,345,148,104,207,0.0591525
571,295,158,62,122,0.0591525
571,426,197,83,167,0.0591525
572,349,148,106,211,0.0599707
572,437,220,71,142,0.0599707
573,350,144,109,217,0.0672267
573,300,160,61,121,0.0672267
574,351,145,110,220,0.0571965
574,441,204,82,165,0.0571965
574,201,188,52,104,0.0571965
575,356,147,106,213,0.0660611
575,199,181,53,105,0.0660611
575,443,193,87,174,0.0660611
576,363,142,110,220,0.0587728
576,451,204,82,166,0.0587728
577,361,128,120,240,0.0589771
577,458,213,79,158,0.0589771
578,362,124,124,248,0.0561629
578,462,213,80,159,0.0561629
578,66,143,54,107,0.0561629
578,198,180,52,104,0.0561629
579,363,122,126,252,0.0641949
579,469,222,78,157,0.0641949
579,65,143,55,110,0.0641949
580,370,121,126,252,0.060776
580,471,218,82,162,0.060776
580,300,158,58,115,0.060776
581,377,126,129,257,0.0596014
581,477,217,86,170,0.0596014
581,60,143,55,110,0.0596014
581,198,180,52,104,0.0596014
582,380,126,130,259,0.0853601
582,484,221,84,168,0.0853601
582,337,174,63,126,0.0853601
582,60,143,55,110,0.0853601
582,148,166,57,113,0.0853601
582,202,185,52,104,0.0853601
583,384,120,134,266,0.0609998
583,489,220,89,177,0.0609998
583,340,176,63,126,0.0609998
583,62,143,56,111,0.0609998
583,203,184,54,106,0.0609998
584,391,124,131,263,0.0659672
584,495,216,91,182,0.0659672
584,339,171,66,133,0.0659672
584,61,144,55,110,0.0659672
584,206,183,53,106,0.0659672
585,398,123,135,270,0.0708297
585,500,214,94,187,0.0708297
585,337,174,66,133,0.0708297
585,150,177,53,106,0.0708297
585,205,183,54,106,0.0708297
585,60,142,57,113,0.0708297
586,395,118,142,283,0.0676696
586,508,210,98,195,0.0676696
586,337,173,67,134,0.0676696
586,206,181,54,107,0.0676696
587,404,116,143,286,0.0620809
587,514,212,102,202,0.0620809
587,338,175,68,136,0.0620809
587,389,161,61,122,0.0620809
587,204,181,56,111,0.0620809
588,411,108,156,313,0.0674643
588,521,210,104,208,0.0674643
588,337,165,74,146,0.0674643
588,209,183,54,106,0.0674643
589,411,105,158,318,0.0616226
589,536,213,93,207,0.0616226
589,339,163,78,156,0.0616226
589,302,148,66,130,0.0616226
589,157,171,57,113,0.0616226
589,213,181,54,108,0.0616226
590,429,91,169,334,0.0554062
590,546,198,83,227,0.0554062
590,345,160,80,161,0.0554062
590,166,176,54,110,0.0554062
590,222,186,53,106,0.0554062
591,434,89,173,336,0.0629008
591,346,152,82,166,0.0629008
591,313,143,66,131,0.0629008
591,224,179,55,110,0.0629008
592,448,89,170,336,0.0682554
592,343,154,84,168,0.0682554
592,311,143,66,133,0.0682554
592,174,180,52,104,0.0682554
592,223,178,55,110,0.0682554
592,64,137,59,117,0.0682554
593,452,91,167,334,0.0726209
593,346,154,82,165,0.0726209
593,224,176,56,112,0.0726209
593,175,177,53,105,0.0726209
594,402,145,126,252,0.0574887
594,349,154,86,173,0.0574887
594,452,79,167,345,0.0574887
594,174,172,55,110,0.0574887
594,227,174,56,112,0.0574887
594,314,158,60,119,0.0574887
595,474,89,147,336,0.0568932
595,346,154,89,177,0.0568932
595,404,162,120,239,0.0568932
595,175,177,54,109,0.0568932
595,227,183,56,112,0.0568932
595,315,151,63,126,0.0568932
596,341,150,91,182,0.0600976
596,533,328,62,123,0.0600976
596,175,175,56,111,0.0600976
596,228,182,55,110,0.0600976
597,336,145,101,201,0.0575237
597,420,169,126,253,0.0575237
597,175,180,54,109,0.0575237
597,226,182,57,114,0.0575237
598,420,148,138,276,0.0610544
598,333,143,100,200,0.0610544
598,225,182,57,113,0.0610544
598,173,182,54,107,0.0610544
599,412,127,158,304,0.0614067
599,327,136,110,220,0.0614067
599,5,59,39,159,0.0614067
599,169,178,57,113,0.0614067
599,225,186,58,115,0.0614067
600,427,138,154,294,0.0892118
600,323,138,112,224,0.0892118
600,47,134,65,130,0.0892118
600,224,188,58,116,0.0892118
600,167,180,57,114,0.0892118
601,432,129,165,302,0.0768589
601,312,130,122,245,0.0768589
601,167,183,56,111,0.0768589
601,225,188,58,114,0.0768589
602,308,126,126,252,0.064109
602,442,125,170,306,0.064109
602,166,182,57,114,0.064109
602,225,188,57,114,0.064109
603,304,120,129,257,0.0637337
603,450,136,165,296,0.0637337
603,164,180,58,116,0.0637337
603,223,188,58,116,0.0637337
603,29,130,68,135,0.0637337
604,290,108,141,282,0.0612971
604,163,180,58,116,0.0612971
604,223,189,58,116,0.0612971
605,162,180,58,114,0.0620782
605,223,187,59,118,0.0620782
605,284,100,146,291,0.0620782
606,274,92,151,303,0.0667664
606,377,105,95,190,0.0667664
606,159,183,56,113,0.0667664
606,222,187,59,118,0.0667664
606,487,201,57,113,0.0667664
607,263,88,158,317,0.0720591
607,381,113,90,180,0.0720591
607,221,184,61,121,0.0720591
607,496,197,62,125,0.0720591
607,159,185,55,110,0.0720591
607,99,208,54,107,0.0720591
608,495,174,78,155,0.0607097
608,244,80,170,338,0.0607097
608,159,183,56,111,0.0607097
608,222,186,58,115,0.0607097
608,406,185,54,107,0.0607097
609,495,158,87,174,0.0619763
609,217,68,179,354,0.0619763
609,8,130,63,138,0.0619763
609,367,153,62,125,0.0619763
609,157,180,58,114,0.0619763
609,405,185,55,110,0.0619763
610,195,61,185,361,0.0627938
610,497,163,84,168,0.0627938
610,157,181,57,114,0.0627938
610,408,185,56,112,0.0627938
610,93,206,56,111,0.0627938
611,505,176,78,156,0.0579828
611,158,181,57,113,0.0579828
611,410,184,56,112,0.0579828
611,93,210,55,110,0.0579828
611,211,10,59,109,0.0579828
612,507,173,78,157,0.0643811
612,8,118,62,142,0.0643811
612,342,169,62,122,0.0643811
612,414,188,55,110,0.0643811
613,506,158,86,174,0.0604706
613,343,173,58,118,0.0604706
613,273,164,69,138,0.0604706
613,415,186,56,112,0.0604706
614,506,153,89,178,0.0732015
614,344,179,55,110,0.0732015
614,416,184,55,110,0.0732015
614,83,199,61,121,0.0732015
615,503,153,90,181,0.0707888
615,416,182,57,114,0.0707888
615,347,181,54,108,0.0707888
616,351,182,54,106,0.0735331
616,418,181,58,116,0.0735331
616,55,303,58,118,0.0735331
617,515,159,87,174,0.0792112
617,226,180,61,121,0.0792112
617,354,183,53,106,0.0792112
617,419,181,58,114,0.0792112
617,7,313,54,142,0.0792112
618,513,153,91,182,0.0593299
618,357,147,74,148,0.0593299
618,220,181,62,126,0.0593299
618,148,182,57,114,0.0593299
618,419,181,58,118,0.0593299
619,515,154,90,181,0.0598652
619,143,176,59,118,0.0598652
619,358,169,63,126,0.0598652
619,219,179,63,126,0.0598652
619,420,180,58,117,0.0598652
620,522,170,86,170,0.0697729
620,360,165,66,132,0.0697729
620,217,181,66,131,0.0697729
620,142,180,59,118,0.0697729
620,426,186,58,114,0.0697729
621,362,171,64,128,0.0702609
621,220,185,63,127,0.0702609
621,527,178,82,162,0.0702609
621,142,181,60,120,0.0702609
621,428,187,58,116,0.0702609
622,528,162,93,186,0.059263
622,368,175,64,127,0.059263
622,220,185,66,130,0.059263
622,144,182,62,122,0.059263
622,430,187,59,119,0.059263
623,144,185,61,121,0.0559669
623,219,186,66,132,0.0559669
623,433,189,61,121,0.0559669
623,528,160,96,191,0.0559669
623,370,186,62,123,0.0559669
624,538,169,88,176,0.0639923
624,371,181,65,129,0.0639923
624,142,181,63,126,0.0639923
624,220,187,66,132,0.0639923
624,438,190,58,117,0.0639923
625,541,164,88,182,0.0658929
625,376,173,70,140,0.0658929
625,221,185,69,137,0.0658929
625,142,184,64,127,0.0658929
625,441,190,61,121,0.0658929
626,378,178,70,140,0.0701658
626,548,176,82,174,0.0701658
626,221,188,68,136,0.0701658
626,143,186,64,127,0.0701658
626,443,191,61,121,0.0701658
627,556,183,74,169,0.0568584
627,385,177,72,144,0.0568584
627,224,192,68,136,0.0568584
627,149,188,62,125,0.0568584
627,451,197,60,120,0.0568584
628,390,178,73,145,0.0598697
628,564,177,67,177,0.0598697
628,226,186,71,142,0.0598697
628,151,186,65,130,0.0598697
628,456,194,61,122,0.0598697
629,396,180,70,142,0.0772183
629,228,186,71,143,0.0772183
629,575,194,58,150,0.0772183
629,155,184,66,131,0.0772183
629,34,202,76,151,0.0772183
629,463,200,58,114,0.0772183
630,224,180,74,148,0.0572591
630,156,183,65,130,0.0572591
630,406,181,72,143,0.0572591
630,464,192,62,124,0.0572591
630,22,200,79,159,0.0572591
631,222,180,74,149,0.0634416
631,405,176,74,148,0.0634416
631,156,185,63,126,0.0634416
631,464,191,63,126,0.0634416
632,574,151,58,210,0.0688504
632,223,179,75,150,0.0688504
632,417,192,66,130,0.0688504
632,155,185,63,126,0.0688504
632,467,191,62,126,0.0688504
633,223,178,76,152,0.0567648
633,422,199,63,126,0.0567648
633,155,186,62,126,0.0567648
633,471,192,62,123,0.0567648
633,537,215,52,104,0.0567648
634,154,183,64,127,0.060635
634,474,193,61,122,0.060635
634,222,178,76,152,0.060635
634,424,187,71,142,0.060635
635,214,176,81,161,0.0599698
635,155,187,63,126,0.0599698
635,473,189,64,128,0.0599698
635,428,195,70,138,0.0599698
636,209,174,83,167,0.0606014
636,150,185,66,133,0.0606014
636,473,188,65,130,0.0606014
636,428,188,74,148,0.0606014
636,592,175,42,159,0.0606014
637,446,182,73,146,0.0861467
637,204,166,87,175,0.0861467
637,147,177,70,139,0.0861467
637,541,213,54,107,0.0861467
638,447,173,78,155,0.0588591
638,201,170,84,168,0.0588591
638,389,9,57,106,0.0588591
638,142,169,74,147,0.0588591
638,591,167,43,161,0.0588591
638,398,185,53,106,0.0588591
638,540,213,54,107,0.0588591
639,197,173,85,169,0.0573816
639,457,172,79,158,0.0573816
639,141,165,76,153,0.0573816
639,593,168,42,158,0.0573816
639,379,126,85,170,0.0573816
639,546,214,53,106,0.0573816
640,192,169,89,178,0.0612888
640,454,177,78,154,0.0612888
640,141,164,76,152,0.0612888
640,595,177,40,155,0.0612888
640,378,118,86,173,0.0612888
640,547,212,55,111,0.0612888
641,189,161,94,187,0.055527
641,445,159,92,184,0.055527
641,139,167,75,150,0.055527
641,553,214,54,109,0.055527
641,222,11,66,123,0.055527
641,378,125,85,170,0.055527
642,445,148,106,210,0.0644203
642,182,163,94,187,0.0644203
642,7,191,53,213,0.0644203
642,373,115,90,181,0.0644203
642,136,168,77,154,0.0644203
642,595,187,40,151,0.0644203
642,222,10,63,119,0.0644203
643,175,160,98,194,0.0725114
643,447,151,106,210,0.0725114
643,134,171,76,152,0.0725114
643,371,115,87,175,0.0725114
643,216,9,58,108,0.0725114
644,172,155,102,204,0.0598096
644,452,153,109,217,0.0598096
644,129,161,82,164,0.0598096
644,593,184,42,158,0.0598096
644,216,9,58,108,0.0598096
645,448,121,132,264,0.0649973
645,165,157,102,202,0.0649973
645,125,160,82,166,0.0649973
645,365,110,88,176,0.0649973
646,149,154,98,197,0.0637235
646,467,133,125,250,0.0637235
647,478,158,114,229,0.0623435
647,362,106,95,190,0.0623435
647,155,153,106,212,0.0623435
647,120,151,87,175,0.0623435
648,481,150,120,240,0.0624255
648,144,147,111,222,0.0624255
648,363,120,86,172,0.0624255
648,6,121,44,118,0.0624255
649,478,116,138,277,0.0624842
649,136,140,118,236,0.0624842
649,357,113,89,178,0.0624842
650,125,145,118,234,0.060675
650,484,128,138,282,0.060675
650,348,110,95,190,0.060675
651,111,136,124,247,0.0580005
651,493,131,130,286,0.0580005
651,343,109,94,187,0.0580005
652,102,141,122,244,0.0564684
652,493,128,130,301,0.0564684
652,466,171,85,170,0.0564684
653,94,137,125,250,0.0628304
653,497,82,127,336,0.0628304
653,6,51,51,190,0.0628304
653,329,102,97,193,0.0628304
653,466,173,85,170,0.0628304
654,85,137,129,257,0.061885
654,6,53,49,194,0.061885
654,333,110,95,190,0.061885
654,469,177,86,170,0.061885
655,6,55,47,189,0.0628362
655,473,176,87,174,0.0628362
655,338,123,88,176,0.0628362
655,78,136,133,266,0.0628362
656,70,131,140,280,0.0590135
656,474,176,90,181,0.0590135
656,5,62,41,164,0.0590135
657,57,129,146,293,0.0587983
657,477,173,94,187,0.0587983
657,559,200,68,136,0.0587983
657,4,72,30,122,0.0587983
657,358,207,52,104,0.0587983
658,48,116,158,313,0.0547775
658,481,176,94,189,0.0547775
658,560,204,65,130,0.0547775
658,324,117,86,173,0.0547775
658,358,209,52,104,0.0547775
659,40,119,157,310,0.0580871
659,482,173,97,194,0.0580871
659,435,137,57,114,0.0580871
660,30,128,154,303,0.0604894
660,482,174,97,194,0.0604894
661,486,177,95,190,0.0629229
661,20,98,159,329,0.0629229
661,547,188,71,142,0.0629229
662,490,162,102,205,0.0580639
662,20,95,158,331,0.0580639
662,432,121,60,120,0.0580639
663,496,164,103,206,0.0664514
663,15,74,102,203,0.0664514
663,124,154,70,138,0.0664514
663,19,97,155,330,0.0664514
664,497,158,108,216,0.07695
664,12,63,99,220,0.07695
664,122,158,66,132,0.07695
664,18,107,144,321,0.07695
664,354,200,53,106,0.07695
665,502,160,107,214,0.0614033
665,116,149,65,130,0.0614033
665,31,319,67,134,0.0614033
666,507,162,107,214,0.059007
666,111,147,74,147,0.059007
666,427,125,58,115,0.059007
667,516,163,110,219,0.0634523
667,39,136,120,240,0.0634523
667,103,138,79,159,0.0634523
667,351,193,53,105,0.0634523
668,519,159,108,222,0.0624736
668,35,119,127,254,0.0624736
668,9,23,74,264,0.0624736
668,351,193,54,106,0.0624736
669,522,160,105,222,0.0602171
669,30,114,130,259,0.0602171
669,4,20,34,117,0.0602171
669,353,193,52,103,0.0602171
670,24,116,129,258,0.0636248
670,525,163,102,226,0.0636248
670,351,193,53,105,0.0636248
671,17,110,138,284,0.0626184
671,528,139,99,252,0.0626184
671,351,189,55,110,0.0626184
672,17,97,138,310,0.0602955
672,530,139,98,262,0.0602955
672,351,190,54,107,0.0602955
673,537,142,92,264,0.0563577
673,18,84,142,322,0.0563577
673,303,113,79,159,0.0563577
673,343,190,54,109,0.0563577
674,16,78,131,314,0.058517
674,545,160,84,241,0.058517
674,341,183,57,114,0.058517
675,16,72,129,337,0.0629156
675,532,95,96,331,0.0629156
675,343,195,54,108,0.0629156
675,526,197,62,125,0.0629156
676,16,69,127,339,0.0670264
676,531,90,97,335,0.0670264
676,284,153,65,129,0.0670264
676,340,183,58,116,0.0670264
677,332,143,78,157,0.0594529
677,116,171,54,107,0.0594529
677,287,164,61,121,0.0594529
678,332,143,77,154,0.0576582
678,281,157,66,131,0.0576582
678,513,202,75,150,0.0576582
678,244,182,53,106,0.0576582
679,277,151,71,142,0.0573124
679,338,178,63,127,0.0573124
679,514,201,77,154,0.0573124
679,242,186,54,107,0.0573124
680,339,182,62,124,0.0578123
680,241,191,53,106,0.0578123
680,100,167,59,118,0.0578123
680,276,154,70,140,0.0578123
681,10,115,84,314,0.0800552
681,337,186,59,118,0.0800552
681,274,155,70,141,0.0800552
681,237,191,52,104,0.0800552
681,555,192,60,120,0.0800552
682,10,95,81,323,0.0858573
682,331,159,72,144,0.0858573
682,236,185,54,110,0.0858573
682,278,201,51,102,0.0858573
682,554,193,59,118,0.0858573
682,516,220,62,123,0.0858573
683,8,107,66,259,0.0659254
683,272,157,70,141,0.0659254
683,234,186,54,108,0.0659254
683,338,196,54,109,0.0659254
683,552,190,62,122,0.0659254
684,7,127,58,231,0.0632329
684,231,180,57,113,0.0632329
684,271,145,74,148,0.0632329
684,93,174,56,111,0.0632329
684,277,197,54,107,0.0632329
684,336,196,56,112,0.0632329
684,551,187,62,125,0.0632329
685,228,174,61,121,0.0583815
685,336,184,61,121,0.0583815
685,277,197,54,107,0.0583815
686,274,175,63,126,0.0558124
686,335,178,63,127,0.0558124
686,227,179,58,117,0.0558124
687,477,92,145,290,0.0634167
687,333,174,66,131,0.0634167
687,275,180,61,122,0.0634167
687,226,183,58,114,0.0634167
688,272,171,64,129,0.0608272
688,334,177,63,127,0.0608272
688,5,99,38,134,0.0608272
688,224,185,54,110,0.0608272
688,513,201,60,120,0.0608272
689,263,137,82,163,0.0590341
689,335,186,60,120,0.0590341
689,224,186,55,110,0.0590341
689,516,202,59,118,0.0590341
690,262,142,80,160,0.0646612
690,333,184,61,122,0.0646612
690,221,185,56,112,0.0646612
690,514,207,57,113,0.0646612
691,260,133,86,170,0.075579
691,8,101,66,175,0.075579
691,544,197,83,167,0.075579
691,331,186,62,122,0.075579
691,217,184,57,114,0.075579
691,512,204,58,117,0.075579
692,330,187,62,122,0.059274
692,258,139,84,168,0.059274
692,216,183,58,117,0.059274
692,511,204,58,117,0.059274
693,265,168,69,138,0.0616826
693,329,188,59,119,0.0616826
693,214,186,57,114,0.0616826
693,510,200,61,121,0.0616826
694,261,173,68,137,0.0585019
694,328,184,62,122,0.0585019
694,507,196,62,125,0.0585019
694,71,182,54,107,0.0585019
694,208,188,58,116,0.0585019
695,258,175,68,135,0.0614615
695,326,186,60,120,0.0614615
695,205,187,59,118,0.0614615
695,505,200,61,122,0.0614615
695,69,182,54,107,0.0614615
696,255,182,66,130,0.072155
696,321,155,76,151,0.072155
696,68,182,53,106,0.072155
696,201,187,59,118,0.072155
696,503,200,62,122,0.072155
697,252,176,69,138,0.0646225
697,326,185,60,119,0.0646225
697,197,181,61,122,0.0646225
697,402,190,52,104,0.0646225
698,6,88,47,187,0.0710738
698,250,172,69,138,0.0710738
698,195,182,61,122,0.0710738
698,498,190,64,127,0.0710738
698,538,185,66,131,0.0710738
698,323,185,60,121,0.0710738
698,60,177,54,107,0.0710738
699,48,141,69,138,0.0636505
699,191,181,62,123,0.0636505
699,250,182,66,130,0.0636505
699,500,192,61,122,0.0636505
699,325,184,61,121,0.0636505
699,537,183,65,130,0.0636505
699,407,185,53,106,0.0636505
700,188,182,63,126,0.0583372
700,322,183,61,122,0.0583372
700,248,185,65,130,0.0583372
700,537,186,62,124,0.0583372
700,500,194,61,121,0.0583372
700,41,140,70,142,0.0583372
700,407,186,55,110,0.0583372
701,222,103,109,217,0.056357
701,186,182,62,124,0.056357
701,499,194,60,121,0.056357
701,321,179,64,127,0.056357
701,538,188,60,121,0.056357
701,407,188,55,110,0.056357
702,236,169,76,151,0.0567233
702,30,125,79,159,0.0567233
702,181,185,62,126,0.0567233
702,498,189,63,126,0.0567233
702,409,188,54,109,0.0567233
702,321,180,64,127,0.0567233
702,535,186,63,126,0.0567233
703,214,102,111,222,0.0608709
703,175,177,66,130,0.0608709
703,320,178,64,129,0.0608709
703,499,194,61,122,0.0608709
703,534,182,63,127,0.0608709
703,412,189,54,107,0.0608709
704,318,174,66,132,0.0648798
704,171,177,67,134,0.0648798
704,496,191,62,125,0.0648798
704,227,174,75,150,0.0648798
704,536,180,64,127,0.0648798
704,95,170,57,114,0.0648798
704,358,196,52,104,0.0648798
704,411,187,55,111,0.0648798
705,169,178,64,128,0.0548448
705,315,171,67,134,0.0548448
705,534,181,63,126,0.0548448
705,492,189,64,127,0.0548448
705,206,91,118,237,0.0548448
705,413,187,54,109,0.0548448
706,205,144,94,188,0.0700473
706,311,160,71,142,0.0700473
706,160,171,68,135,0.0700473
706,531,179,65,129,0.0700473
706,488,186,67,134,0.0700473
706,412,181,57,114,0.0700473
707,198,147,97,194,0.0644168
707,154,170,73,146,0.0644168
707,314,179,65,130,0.0644168
707,489,188,67,134,0.0644168
707,412,186,57,114,0.0644168
707,532,187,58,116,0.0644168
708,281,92,110,221,0.0602137
708,189,140,107,214,0.0602137
708,146,171,75,150,0.0602137
708,411,189,58,115,0.0602137
708,528,188,61,121,0.0602137
708,490,198,62,125,0.0602137
709,278,97,109,217,0.0593782
709,179,147,102,204,0.0593782
709,135,167,78,156,0.0593782
709,74,185,52,104,0.0593782
709,411,188,58,115,0.0593782
709,525,188,59,118,0.0593782
709,491,206,62,124,0.0593782
710,293,155,82,163,0.0647774
710,170,144,108,216,0.0647774
710,126,168,79,159,0.0647774
710,525,189,61,121,0.0647774
710,410,191,58,115,0.0647774
710,491,211,62,123,0.0647774
710,74,183,54,107,0.0647774
711,291,159,80,159,0.0613748
711,163,144,110,221,0.0613748
711,118,167,79,158,0.0613748
711,522,189,61,122,0.0613748
711,65,186,54,107,0.0613748
711,408,192,58,114,0.0613748
712,288,157,82,163,0.0576715
712,152,135,114,229,0.0576715
712,517,187,67,134,0.0576715
712,408,193,58,115,0.0576715
712,59,188,54,109,0.0576715
713,139,141,120,240,0.0617863
713,288,159,82,162,0.0617863
713,520,189,65,130,0.0617863
713,98,156,86,174,0.0617863
713,53,188,55,110,0.0617863
713,408,193,58,116,0.0617863
714,128,140,124,247,0.0574179
714,82,152,94,187,0.0574179
714,521,189,66,131,0.0574179
714,267,88,122,242,0.0574179
714,48,191,55,110,0.0574179
714,411,194,59,117,0.0574179
715,268,91,119,238,0.069186
715,118,140,129,257,0.069186
715,76,160,92,184,0.069186
715,44,190,57,113,0.069186
715,412,195,60,120,0.069186
715,526,195,60,119,0.069186
715,6,174,50,131,0.069186
716,106,120,143,286,0.0581971
716,263,76,126,251,0.0581971
716,60,144,102,202,0.0581971
716,6,174,50,131,0.0581971
716,415,195,61,121,0.0581971
716,524,185,64,128,0.0581971
717,275,86,123,246,0.069558
717,40,138,105,210,0.069558
717,6,171,50,131,0.069558
717,419,191,62,125,0.069558
717,528,185,66,131,0.069558
717,33,182,62,123,0.069558
718,81,89,166,330,0.0572803
718,34,183,61,121,0.0572803
718,425,198,58,117,0.0572803
718,271,88,121,242,0.0572803
718,6,170,50,132,0.0572803
719,223,101,69,138,0.0597957
719,271,89,120,240,0.0597957
719,6,166,47,125,0.0597957
719,432,194,61,121,0.0597957
719,182,188,52,104,0.0597957
720,274,105,112,224,0.0629209
720,431,193,63,126,0.0629209
720,139,268,57,113,0.0629209
721,272,89,120,238,0.0637415
721,145,181,58,116,0.0637415
722,269,84,122,245,0.0643132
722,144,186,58,115,0.0643132
722,83,218,63,126,0.0643132
722,182,191,52,104,0.0643132
723,144,185,59,119,0.0648226
723,280,80,126,252,0.0648226
723,183,193,53,105,0.0648226
723,63,244,54,107,0.0648226
724,11,178,87,183,0.0591324
724,449,192,69,138,0.0591324
724,286,75,133,266,0.0591324
724,145,189,58,117,0.0591324
724,183,199,54,107,0.0591324
725,282,76,131,262,0.0572282
725,149,183,61,122,0.0572282
725,457,192,66,133,0.0572282
725,76,188,52,104,0.0572282
725,190,192,53,106,0.0572282
725,499,204,58,116,0.0572282
726,294,77,132,263,0.0590786
726,147,181,61,121,0.0590786
726,461,191,69,138,0.0590786
726,76,182,55,110,0.0590786
726,501,207,57,113,0.0590786
726,190,192,53,106,0.0590786
727,297,69,138,277,0.0613011
727,161,183,59,118,0.0613011
727,466,189,66,131,0.0613011
727,72,180,56,111,0.0613011
727,502,203,61,121,0.0613011
728,302,67,139,279,0.081894
728,143,179,62,124,0.081894
728,185,186,57,114,0.081894
728,503,201,61,122,0.081894
729,310,76,134,269,0.055849
729,140,186,62,123,0.055849
729,184,186,58,117,0.055849
729,499,197,64,127,0.055849
729,66,177,59,118,0.055849
730,6,156,46,184,0.0671538
730,139,188,64,127,0.0671538
730,185,188,60,119,0.0671538
730,331,181,80,160,0.0671538
730,482,186,78,155,0.0671538
730,373,188,58,117,0.0671538
730,399,135,54,107,0.0671538
730,63,190,56,112,0.0671538
731,309,63,150,300,0.0678173
731,495,184,76,151,0.0678173
731,140,184,66,132,0.0678173
731,562,184,66,131,0.0678173
731,189,193,56,112,0.0678173
732,302,73,140,280,0.0595774
732,139,176,70,140,0.0595774
732,501,188,74,149,0.0595774
732,192,198,56,112,0.0595774
732,63,191,57,114,0.0595774
733,329,77,142,286,0.0547099
733,137,180,69,138,0.0547099
733,513,186,68,137,0.0547099
733,194,196,58,114,0.0547099
733,71,199,54,107,0.0547099
734,133,171,77,154,0.0599036
734,354,180,78,155,0.0599036
734,521,185,70,139,0.0599036
734,399,185,62,125,0.0599036
734,66,197,57,113,0.0599036
734,195,193,60,119,0.0599036
735,127,167,80,159,0.0579743
735,517,176,86,170,0.0579743
735,61,184,63,126,0.0579743
735,194,191,61,122,0.0579743
735,357,176,80,161,0.0579743
735,408,188,59,118,0.0579743
735,265,96,59,118,0.0579743
736,57,184,65,129,0.0536118
736,191,186,65,129,0.0536118
736,124,168,82,162,0.0536118
736,359,180,82,164,0.0536118
736,410,187,61,121,0.0536118
737,327,61,160,320,0.0587842
737,54,183,66,133,0.0587842
737,190,192,64,128,0.0587842
737,120,175,80,160,0.0587842
738,115,176,82,162,0.0607301
738,369,175,89,178,0.0607301
738,52,180,69,137,0.0607301
738,191,195,64,127,0.0607301
738,532,198,62,124,0.0607301
738,421,186,59,118,0.0607301
738,562,186,61,121,0.0607301
739,112,176,83,166,0.058305
739,378,175,92,184,0.058305
739,53,188,66,131,0.058305
739,192,197,63,126,0.058305
739,572,184,61,138,0.058305
739,536,199,63,126,0.058305
740,111,158,94,188,0.0619778
740,195,198,66,130,0.0619778
740,391,173,90,178,0.0619778
740,60,191,64,127,0.0619778
740,544,202,61,122,0.0619778
741,107,152,96,193,0.0636899
741,60,193,65,129,0.0636899
741,194,187,72,144,0.0636899
741,398,171,91,183,0.0636899
741,551,202,62,122,0.0636899
742,89,135,112,224,0.059321
742,51,183,70,139,0.059321
742,188,181,75,151,0.059321
742,406,171,90,181,0.059321
743,74,135,114,227,0.0615002
743,415,168,90,180,0.0615002
743,187,185,74,149,0.0615002
744,66,139,116,231,0.0614242
744,420,174,90,180,0.0614242
744,31,151,87,175,0.0614242
744,187,191,73,145,0.0614242
745,429,167,95,190,0.0685814
745,52,126,126,253,0.0685814
745,29,188,71,142,0.0685814
745,177,178,84,167,0.0685814
746,174,176,86,174,0.060936
746,432,161,106,212,0.060936
746,11,180,78,157,0.060936
747,168,174,94,189,0.06178
747,445,169,93,186,0.06178
747,9,174,70,163,0.06178
748,17,97,138,306,0.0632585
748,163,169,93,186,0.0632585
748,450,163,95,190,0.0632585
749,147,167,99,198,0.0614876
749,454,162,96,192,0.0614876
749,553,188,54,107,0.0614876
750,144,159,103,206,0.070582
750,460,163,98,195,0.070582
750,554,199,58,115,0.070582
751,128,146,114,227,0.0571388
751,468,163,98,195,0.0571388
752,473,163,103,206,0.0638608
752,118,156,112,224,0.0638608
753,99,148,124,248,0.0631958
753,477,159,107,213,0.0631958
753,540,206,73,146,0.0631958
753,220,196,52,104,0.0631958
754,88,130,138,274,0.0599921
754,545,210,70,141,0.0599921
754,222,189,53,105,0.0599921
755,75,114,150,300,0.0627638
755,490,153,118,234,0.0627638
755,220,185,54,108,0.0627638
756,54,109,157,314,0.0646968
756,493,147,122,242,0.0646968
756,219,185,53,106,0.0646968
756,596,171,39,140,0.0646968
757,510,143,115,232,0.0654998
757,221,183,53,106,0.0654998
757,22,93,174,333,0.0654998
758,518,147,109,224,0.0635477
758,218,183,54,107,0.0635477
759,532,146,96,227,0.080565
759,216,183,54,110,0.080565
760,537,148,91,228,0.0654755
760,209,141,77,154,0.0654755
761,210,167,66,130,0.0581471
761,430,73,130,259,0.0581471
762,213,185,56,111,0.0652861
762,573,267,58,116,0.0652861
763,561,144,70,259,0.0605359
763,209,180,59,118,0.0605359
764,206,181,59,119,0.0591222
765,206,182,61,122,0.0581826
766,205,183,62,122,0.055965
766,399,204,52,104,0.055965
767,202,181,65,130,0.0584682
767,403,200,54,106,0.0584682
768,200,188,63,126,0.0632832
768,402,200,56,113,0.0632832
769,419,86,123,246,0.0650451
769,554,102,77,295,0.0650451
769,197,188,63,126,0.0650451
769,116,191,54,107,0.0650451
769,405,198,55,110,0.0650451
770,190,186,66,131,0.0632665
770,406,186,60,121,0.0632665
770,113,189,57,113,0.0632665
771,187,187,66,131,0.0620128
771,405,186,59,118,0.0620128
772,185,189,66,131,0.0603242
772,407,181,62,125,0.0603242
772,111,191,56,111,0.0603242
773,409,180,62,126,0.0856823
773,180,184,70,139,0.0856823
774,411,183,62,125,0.0558337
774,177,182,70,142,0.0558337
775,171,179,73,146,0.0605293
775,414,187,63,127,0.0605293
776,169,184,74,146,0.0714968
776,415,181,70,142,0.0714968
777,417,185,69,138,0.057055
777,167,188,71,142,0.057055
778,158,182,78,156,0.0578255
778,416,180,72,143,0.0578255
779,417,162,71,142,0.06585
779,151,180,80,161,0.06585
780,136,172,86,172,0.0593821
781,118,165,91,182,0.0639845
781,441,196,62,123,0.0639845
782,105,160,98,195,0.0604526
782,445,199,59,118,0.0604526
783,414,148,72,144,0.0704853
783,452,196,62,124,0.0704853
783,108,245,58,115,0.0704853
784,75,162,107,214,0.0690734
784,454,190,64,128,0.0690734
785,63,151,114,228,0.0759396
785,457,182,71,142,0.0759396
786,53,145,123,246,0.0616932
786,459,183,73,145,0.0616932
787,43,123,141,281,0.0870958
787,456,172,78,158,0.0870958
788,32,138,137,273,0.0624373
788,468,179,79,158,0.0624373
788,539,208,57,113,0.0624373
789,469,168,86,171,0.0535608
789,539,205,60,120,0.0535608
789,193,188,55,110,0.0535608
790,464,77,142,286,0.0678136
790,197,188,54,107,0.0678136
791,541,208,58,116,0.0629034
792,486,114,120,238,0.0546766
792,194,183,56,111,0.0546766
792,459,195,53,106,0.0546766
793,486,101,128,255,0.0585755
793,581,213,53,192,0.0585755
793,8,258,67,179,0.0585755
793,198,192,52,104,0.0585755
793,460,193,54,107,0.0585755
794,198,187,54,106,0.061228
795,533,182,79,158,0.0580326
795,38,165,87,175,0.0580326
795,200,191,53,106,0.0580326
795,463,196,54,109,0.0580326
795,597,195,38,118,0.0580326
796,526,163,94,186,0.0558934
796,470,159,72,144,0.0558934
796,465,194,54,109,0.0558934
796,598,196,38,125,0.0558934
796,37,172,85,170,0.0558934
796,200,191,53,106,0.0558934
797,37,172,85,170,0.060657
797,469,179,65,129,0.060657
797,519,141,107,230,0.060657
797,198,196,52,104,0.060657
798,470,177,66,132,0.0587413
798,34,174,84,169,0.0587413
798,556,189,74,155,0.0587413
798,200,191,53,106,0.0587413
799,470,173,69,138,0.061214
799,198,192,54,107,0.061214
799,527,216,55,110,0.061214
800,25,170,88,175,0.0686556
800,473,183,63,126,0.0686556
800,196,188,54,108,0.0686556
800,530,217,56,112,0.0686556
801,580,176,54,187,0.0625882
801,471,160,73,146,0.0625882
801,522,206,62,123,0.0625882
801,22,170,88,175,0.0625882
801,195,187,55,110,0.0625882
802,12,163,94,189,0.0590177
802,195,186,55,110,0.0590177
802,472,160,74,147,0.0590177
802,522,215,55,110,0.0590177
803,491,140,95,190,0.0579071
803,12,165,92,189,0.0579071
803,194,186,56,112,0.0579071
803,484,196,55,110,0.0579071
803,598,192,38,125,0.0579071
804,484,157,76,152,0.0635459
804,12,160,94,198,0.0635459
804,191,190,54,109,0.0635459
805,11,159,89,203,0.0570933
805,483,155,76,151,0.0570933
805,190,190,54,109,0.0570933
805,496,205,55,110,0.0570933
806,502,187,71,142,0.0568784
806,11,158,88,201,0.0568784
806,193,185,56,113,0.0568784
807,492,163,82,165,0.0558333
807,192,185,55,111,0.0558333
808,487,147,87,175,0.0586041
808,597,184,38,140,0.0586041
808,190,188,55,110,0.0586041
809,482,144,90,180,0.0688631
809,186,187,56,112,0.0688631
809,598,185,38,138,0.0688631
810,470,113,109,218,0.0564796
810,377,10,62,112,0.0564796
810,187,184,57,114,0.0564796
810,599,185,37,137,0.0564796
811,468,108,111,222,0.0586641
811,599,183,37,141,0.0586641
811,186,187,56,111,0.0586641
812,470,120,105,210,0.0696699
812,599,183,37,140,0.0696699
812,185,187,56,113,0.0696699
813,468,110,111,222,0.0560816
813,600,188,35,130,0.0560816
813,184,183,58,115,0.0560816
814,463,97,118,237,0.0584092
814,601,184,34,131,0.0584092
814,183,188,55,110,0.0584092
815,464,92,120,240,0.0610329
815,181,184,58,114,0.0610329
815,599,182,36,134,0.0610329
816,469,43,144,288,0.0594456
816,599,180,36,134,0.0594456
816,177,186,58,114,0.0594456
817,4,147,30,118,0.0662353
817,175,185,58,114,0.0662353
817,531,192,58,115,0.0662353
817,607,199,30,112,0.0662353
818,459,194,61,122,0.0597981
818,511,71,114,242,0.0597981
818,4,143,28,110,0.0597981
818,174,183,58,116,0.0597981
819,445,176,74,148,0.0674545
819,516,79,110,235,0.0674545
819,173,184,58,117,0.0674545
820,438,159,84,167,0.06789
820,544,174,71,142,0.06789
820,176,186,58,115,0.06789
821,436,153,85,169,0.0589758
821,552,164,77,154,0.0589758
821,171,185,61,122,0.0589758
822,554,155,77,166,0.059568
822,438,167,76,153,0.059568
822,170,187,61,121,0.059568
823,527,82,100,248,0.0616883
823,435,183,70,140,0.0616883
823,168,185,62,124,0.0616883
824,529,83,98,242,0.060066
824,433,188,70,141,0.060066
824,163,187,64,127,0.060066
825,544,102,86,235,0.0619037
825,159,188,65,129,0.0619037
825,432,206,63,126,0.0619037
825,85,185,62,125,0.0619037
826,371,49,150,299,0.059866
826,578,173,55,154,0.059866
826,158,183,66,133,0.059866
826,544,198,85,170,0.059866
827,154,189,66,132,0.0619463
827,585,173,49,162,0.0619463
827,5,150,42,170,0.0619463
827,545,199,83,167,0.0619463
827,81,193,62,123,0.0619463
827,376,55,145,290,0.0619463
828,372,32,155,310,0.0609882
828,554,191,77,182,0.0609882
828,159,180,69,138,0.0609882
828,82,193,61,122,0.0609882
828,5,148,42,171,0.0609882
829,370,38,154,307,0.0568238
829,555,198,75,174,0.0568238
829,169,174,68,135,0.0568238
829,130,188,70,139,0.0568238
830,373,27,158,314,0.0604686
830,170,175,67,134,0.0604686
830,123,185,73,145,0.0604686
831,552,93,78,298,0.0689467
831,117,177,76,152,0.0689467
831,394,184,74,148,0.0689467
831,169,174,67,134,0.0689467
832,556,91,74,280,0.06323
832,387,172,82,164,0.06323
832,167,173,68,135,0.06323
832,114,189,71,142,0.06323
832,62,183,69,138,0.06323
833,557,88,74,277,0.0600283
833,166,169,70,139,0.0600283
833,105,177,78,157,0.0600283
834,98,180,77,154,0.0673499
834,162,168,71,143,0.0673499
834,365,175,78,157,0.0673499
835,365,167,82,163,0.056821
835,162,170,70,141,0.056821
835,95,180,77,154,0.056821
836,365,169,82,162,0.0660323
836,82,175,82,164,0.0660323
836,158,162,74,148,0.0660323
836,608,225,29,110,0.0660323
837,79,167,86,171,0.0613767
837,156,162,74,149,0.0613767
837,366,179,75,150,0.0613767
837,46,171,72,144,0.0613767
838,360,174,78,154,0.0586023
838,68,166,88,176,0.0586023
838,155,154,77,153,0.0586023
839,155,154,78,155,0.0561347
839,56,156,94,188,0.0561347
839,356,174,77,154,0.0561347
839,5,158,42,150,0.0561347
840,5,169,38,142,0.0667795
840,151,153,78,158,0.0667795
840,346,171,78,155,0.0667795
840,46,159,94,188,0.0667795
841,146,153,83,166,0.0701988
841,35,159,98,195,0.0701988
841,339,179,73,146,0.0701988
842,143,152,84,168,0.056262
842,23,152,101,201,0.056262
842,334,177,73,146,0.056262
843,17,171,94,189,0.0710137
843,143,152,85,169,0.0710137
843,329,178,74,149,0.0710137
844,12,144,97,217,0.0587334
844,140,157,84,167,0.0587334
844,320,177,78,154,0.0587334
845,11,167,85,196,0.0602773
845,137,156,84,168,0.0602773
845,310,165,85,170,0.0602773
846,10,175,78,195,0.0795856
846,134,154,88,175,0.0795856
846,300,163,87,174,0.0795856
846,3,8,26,93,0.0795856
847,128,143,95,190,0.0603776
847,10,154,79,216,0.0603776
847,295,159,86,170,0.0603776
848,10,115,79,279,0.0562061
848,125,145,95,190,0.0562061
848,291,176,78,156,0.0562061
849,9,119,71,275,0.0644969
849,123,145,94,189,0.0644969
849,286,184,75,150,0.0644969
850,8,129,67,269,0.0658088
850,118,143,97,193,0.0658088
850,281,181,75,150,0.0658088
851,8,121,67,266,0.0564393
851,116,139,99,198,0.0564393
851,275,184,75,150,0.0564393
852,111,131,104,208,0.0683474
852,268,179,78,155,0.0683474
853,106,130,108,216,0.0582617
853,257,174,79,159,0.0582617
854,101,123,114,226,0.0626632
854,252,180,76,151,0.0626632
855,100,126,110,221,0.063847
855,248,177,77,153,0.063847
856,93,124,115,230,0.0594778
856,236,179,80,159,0.0594778
857,83,116,120,239,0.0600435
857,223,163,90,181,0.0600435
858,210,156,94,187,0.0657612
858,78,123,118,234,0.0657612
859,69,116,122,242,0.0743425
859,195,158,91,183,0.0743425
860,62,107,126,253,0.0618593
860,189,175,81,161,0.0618593
861,55,99,133,265,0.0621457
861,182,172,82,162,0.0621457
862,48,104,131,262,0.0568206
862,177,175,78,157,0.0568206
863,42,103,134,268,0.0561099
863,166,175,80,160,0.0561099
863,533,196,62,125,0.0561099
864,30,98,139,278,0.0594559
864,157,177,83,166,0.0594559
864,538,193,64,127,0.0594559
865,25,95,142,285,0.0574994
865,146,163,88,177,0.0574994
866,18,91,144,294,0.0591854
866,137,172,83,167,0.0591854
867,18,78,146,314,0.0607414
867,563,181,68,139,0.0607414
867,338,147,62,125,0.0607414
868,117,167,85,169,0.0618344
868,573,180,60,145,0.0618344
868,17,86,137,309,0.0618344
869,17,67,134,340,0.0560114
869,104,158,94,189,0.0560114
869,585,183,49,135,0.0560114
869,350,144,66,133,0.0560114
870,96,154,94,188,0.0605045
870,16,57,132,352,0.0605045
871,81,162,90,179,0.0597037
872,70,156,93,185,0.0571105
873,57,170,84,169,0.0602204
873,365,144,66,131,0.0602204
874,433,116,100,199,0.0564089
874,42,161,89,177,0.0564089
875,28,155,94,189,0.0610123
876,22,157,95,190,0.0629807
876,441,144,84,167,0.0629807
876,12,30,95,338,0.0629807
877,12,152,96,202,0.0685147
877,10,27,81,308,0.0685147
878,10,177,80,172,0.0626826
879,10,148,77,205,0.063255
880,10,155,79,279,0.0612457
880,7,144,58,206,0.0612457
881,8,132,63,238,0.0607443
883,75,160,70,141,0.0586495
883,396,182,54,107,0.0586495
883,485,216,54,107,0.0586495
884,399,188,52,104,0.0618751
885,397,179,57,114,0.0580675
886,399,177,58,115,0.0641076
887,397,165,63,126,0.0599161
888,95,172,66,130,0.0612149
888,400,177,58,114,0.0612149
889,96,169,67,134,0.0585987
889,402,177,57,114,0.0585987
889,500,215,58,116,0.0585987
890,97,167,69,138,0.0637878
890,404,176,58,116,0.0637878
890,504,205,63,126,0.0637878
891,99,168,70,138,0.0766573
891,507,205,62,125,0.0766573
891,408,180,55,110,0.0766573
891,277,172,52,104,0.0766573
892,239,174,54,107,0.064386
892,408,179,57,114,0.064386
892,515,214,60,119,0.064386
892,109,176,64,128,0.064386
892,13,164,66,131,0.064386
893,503,151,87,175,0.0563769
893,408,173,59,118,0.0563769
893,116,179,62,123,0.0563769
894,409,172,61,122,0.060826
894,117,179,61,122,0.060826
894,525,210,59,118,0.060826
894,279,171,53,105,0.060826
895,502,126,106,210,0.0674918
895,411,171,60,119,0.0674918
895,116,170,64,127,0.0674918
895,281,169,53,105,0.0674918
895,237,169,55,110,0.0674918
896,496,102,120,239,0.0737361
896,413,176,58,115,0.0737361
896,279,171,53,105,0.0737361
896,114,170,68,136,0.0737361
897,117,171,70,140,0.0614925
897,279,171,53,105,0.0614925
897,236,174,54,107,0.0614925
897,416,180,58,114,0.0614925
897,21,164,65,129,0.0614925
897,543,216,60,120,0.0614925
898,492,79,131,282,0.0616308
898,416,175,61,122,0.0616308
898,237,179,54,106,0.0616308
899,419,180,61,121,0.0583386
899,234,175,57,113,0.0583386
899,480,43,142,334,0.0583386
900,483,41,139,339,0.060084
900,419,182,62,123,0.060084
900,281,176,54,110,0.060084
900,317,175,55,110,0.060084
900,235,178,56,112,0.060084
901,421,185,61,122,0.0585227
901,138,179,66,133,0.0585227
901,285,179,53,106,0.0585227
901,314,171,57,113,0.0585227
901,236,185,54,109,0.0585227
902,41,189,62,123,0.0632964
902,138,179,66,133,0.0632964
902,425,191,59,118,0.0632964
902,233,180,57,114,0.0632964
902,283,179,54,109,0.0632964
903,142,181,65,130,0.0586838
903,426,185,62,125,0.0586838
903,231,182,57,114,0.0586838
903,285,182,54,107,0.0586838
904,429,182,65,130,0.0664039
904,142,177,68,135,0.0664039
904,232,182,57,114,0.0664039
904,285,179,53,106,0.0664039
905,48,181,65,129,0.0611611
905,147,184,63,126,0.0611611
905,433,190,62,123,0.0611611
905,285,182,53,106,0.0611611
905,230,182,57,114,0.0611611
906,436,188,63,126,0.0634823
906,284,180,54,107,0.0634823
906,230,187,58,114,0.0634823
906,54,203,55,110,0.0634823
907,441,191,62,125,0.0614377
907,287,182,54,106,0.0614377
907,233,192,55,111,0.0614377
908,49,169,74,148,0.0614355
908,151,181,66,131,0.0614355
908,444,192,65,129,0.0614355
908,288,182,54,110,0.0614355
908,232,190,58,114,0.0614355
909,154,180,66,133,0.0719714
909,449,189,65,130,0.0719714
909,290,180,56,111,0.0719714
909,231,185,58,116,0.0719714
910,449,177,74,147,0.0616509
910,230,184,59,118,0.0616509
910,147,166,74,148,0.0616509
910,290,182,55,110,0.0616509
910,45,212,54,109,0.0616509
911,451,165,82,162,0.0568169
911,149,169,72,144,0.0568169
911,230,184,60,120,0.0568169
911,291,184,54,110,0.0568169
911,326,188,54,107,0.0568169
912,453,156,89,178,0.0651921
912,229,184,62,125,0.0651921
912,150,172,70,140,0.0651921
912,288,181,58,115,0.0651921
913,457,155,91,182,0.0600067
913,228,182,64,128,0.0600067
913,149,173,71,142,0.0600067
913,290,183,57,114,0.0600067
913,333,190,55,110,0.0600067
914,462,153,95,190,0.0580473
914,68,187,69,137,0.0580473
914,228,183,63,126,0.0580473
914,149,173,71,142,0.0580473
914,289,183,58,114,0.0580473
914,334,193,54,107,0.0580473
915,463,146,102,205,0.06118
915,150,172,70,140,0.06118
915,226,183,64,127,0.06118
915,71,193,65,130,0.06118
915,289,184,56,113,0.06118
915,334,194,54,109,0.06118
916,480,169,91,182,0.0630274
916,148,177,68,136,0.0630274
916,288,184,57,114,0.0630274
916,226,187,62,124,0.0630274
916,334,193,54,109,0.0630274
916,73,200,61,122,0.0630274
917,495,174,90,178,0.0620358
917,66,175,74,146,0.0620358
917,147,179,67,134,0.0620358
917,221,188,63,126,0.0620358
917,288,186,56,112,0.0620358
917,335,193,54,110,0.0620358
918,489,149,106,210,0.0724462
918,70,180,70,140,0.0724462
918,145,175,68,136,0.0724462
918,220,181,66,132,0.0724462
918,288,186,56,113,0.0724462
918,335,192,54,109,0.0724462
919,505,177,91,182,0.0635261
919,4,11,33,126,0.0635261
919,288,183,58,116,0.0635261
919,145,171,69,137,0.0635261
919,217,183,66,132,0.0635261
919,79,199,58,116,0.0635261
919,339,192,54,107,0.0635261
920,518,180,91,182,0.0652997
920,215,176,70,140,0.0652997
920,142,166,71,142,0.0652997
920,287,183,58,117,0.0652997
920,3,9,26,103,0.0652997
920,343,195,53,106,0.0652997
921,516,139,110,235,0.0598674
921,142,174,68,136,0.0598674
921,287,183,58,117,0.0598674
921,71,169,75,150,0.0598674
921,215,181,69,138,0.0598674
921,343,195,53,106,0.0598674
922,522,124,105,265,0.0576167
922,141,161,74,149,0.0576167
922,214,184,68,135,0.0576167
922,74,173,73,145,0.0576167
922,288,180,59,119,0.0576167
922,344,191,54,109,0.0576167
923,144,160,73,146,0.0610105
923,290,177,61,121,0.0610105
923,211,178,71,142,0.0610105
923,346,188,54,110,0.0610105
924,528,67,99,355,0.0606571
924,144,162,71,143,0.0606571
924,211,179,72,144,0.0606571
924,290,175,62,124,0.0606571
924,346,187,55,111,0.0606571
925,142,159,78,157,0.0726508
925,290,180,62,123,0.0726508
925,204,166,83,166,0.0726508
925,348,187,58,117,0.0726508
926,143,161,75,150,0.0560927
926,290,181,62,125,0.0560927
926,352,186,60,120,0.0560927
926,206,185,71,143,0.0560927
927,195,156,88,176,0.0643714
927,145,163,75,150,0.0643714
927,291,183,63,126,0.0643714
927,80,163,79,159,0.0643714
927,356,186,62,123,0.0643714
928,187,151,97,194,0.063168
928,81,162,79,159,0.063168
928,146,171,70,141,0.063168
928,293,184,63,126,0.063168
928,358,185,63,126,0.063168
929,178,151,101,202,0.0588434
929,146,174,70,139,0.0588434
929,294,183,64,129,0.0588434
929,360,186,65,130,0.0588434
929,79,165,82,164,0.0588434
930,171,154,105,210,0.0546471
930,293,182,66,132,0.0546471
930,79,169,81,162,0.0546471
930,362,187,66,131,0.0546471
931,166,152,107,214,0.0575783
931,292,182,68,136,0.0575783
931,365,189,66,131,0.0575783
931,76,173,83,166,0.0575783
932,159,154,109,218,0.0607113
932,294,182,70,141,0.0607113
932,78,175,79,159,0.0607113
932,369,192,68,136,0.0607113
933,162,186,94,186,0.0573876
933,296,184,70,138,0.0573876
933,370,184,70,138,0.0573876
934,142,134,126,252,0.0605051
934,295,180,74,147,0.0605051
934,76,170,80,161,0.0605051
934,371,189,69,137,0.0605051
935,134,121,142,283,0.0555131
935,295,179,74,149,0.0555131
935,374,186,70,140,0.0555131
935,81,199,66,132,0.0555131
936,121,119,153,306,0.0604738
936,297,175,79,158,0.0604738
936,379,181,73,146,0.0604738
937,113,111,163,318,0.0601811
937,299,176,78,156,0.0601811
937,382,174,78,157,0.0601811
938,94,89,179,336,0.0582942
938,302,173,79,158,0.0582942
938,383,168,83,166,0.0582942
939,302,171,82,162,0.0609533
939,389,166,86,172,0.0609533
939,87,86,182,339,0.0609533
940,394,156,92,183,0.0841312
940,305,168,86,172,0.0841312
940,53,79,188,345,0.0841312
940,211,187,59,118,0.0841312
941,306,166,88,175,0.0628541
941,400,163,88,175,0.0628541
941,211,185,60,120,0.0628541
942,405,145,99,198,0.0559476
942,311,169,87,175,0.0559476
942,212,187,59,118,0.0559476
943,316,162,91,182,0.0635355
943,215,186,59,118,0.0635355
943,401,28,167,325,0.0635355
944,324,158,94,190,0.0561365
944,403,29,170,328,0.0561365
944,149,166,74,147,0.0561365
944,215,184,64,127,0.0561365
944,133,238,66,131,0.0561365
944,26,345,68,116,0.0561365
945,438,133,110,218,0.0582794
945,331,154,98,194,0.0582794
945,152,160,74,149,0.0582794
945,215,178,65,130,0.0582794
946,335,144,107,214,0.0582398
946,456,148,105,209,0.0582398
946,215,179,66,133,0.0582398
946,153,163,74,147,0.0582398
947,345,162,103,206,0.0799537
947,464,139,115,230,0.0799537
947,155,161,75,150,0.0799537
947,83,156,86,171,0.0799537
947,215,181,68,137,0.0799537
948,470,113,134,268,0.058004
948,351,137,124,247,0.058004
948,158,169,70,141,0.058004
948,213,177,73,146,0.058004
948,88,179,73,146,0.058004
949,354,137,126,253,0.0569319
949,475,122,132,263,0.0569319
949,89,179,74,147,0.0569319
949,157,170,71,143,0.0569319
949,215,184,71,142,0.0569319
950,364,134,132,263,0.0736963
950,492,131,129,257,0.0736963
950,215,187,71,142,0.0736963
950,158,165,74,147,0.0736963
950,91,185,70,138,0.0736963
951,373,129,139,278,0.061036
951,508,136,118,270,0.061036
951,160,173,70,139,0.061036
951,90,171,81,161,0.061036
951,212,183,76,152,0.061036
952,384,136,143,286,0.0582257
952,213,183,80,161,0.0582257
952,160,172,71,142,0.0582257
952,95,168,82,165,0.0582257
952,331,157,55,111,0.0582257
953,387,105,164,322,0.0598713
953,540,114,89,298,0.0598713
953,211,171,86,174,0.0598713
953,100,171,78,156,0.0598713
953,163,171,70,140,0.0598713
954,400,99,167,328,0.0639816
954,201,161,95,190,0.0639816
954,161,170,71,142,0.0639816
954,99,174,75,150,0.0639816
955,195,160,98,194,0.0567682
955,411,88,178,337,0.0567682
955,99,172,77,154,0.0567682
955,158,169,74,147,0.0567682
955,4,144,33,131,0.0567682
956,190,156,102,204,0.0626639
956,428,91,181,334,0.0626639
956,154,172,68,137,0.0626639
956,98,178,74,148,0.0626639
957,175,147,114,226,0.0691105
957,95,172,78,156,0.0691105
957,439,94,178,332,0.0691105
958,168,156,111,222,0.0683959
958,91,173,78,156,0.0683959
959,157,153,118,237,0.0694969
959,87,170,79,159,0.0694969
960,147,159,121,242,0.0569587
960,82,168,81,162,0.0569587
961,142,178,112,223,0.0730571
961,583,138,50,179,0.0730571
961,79,170,78,158,0.0730571
962,108,132,151,299,0.0581172
962,577,23,56,200,0.0581172
962,82,193,69,138,0.0581172
963,83,131,160,300,0.0618363
963,571,19,62,215,0.0618363
964,574,18,58,210,0.0583957
965,575,21,58,203,0.0607512
966,575,21,58,203,0.0602557
966,348,157,53,106,0.0602557
967,576,18,57,202,0.0633526
967,342,148,57,113,0.0633526
968,581,18,53,194,0.0664944
969,581,20,52,186,0.0579051
970,581,20,53,192,0.0714843
970,41,174,82,166,0.0714843
971,583,20,50,185,0.0644866
971,46,178,78,155,0.0644866
972,584,21,50,182,0.072399
972,24,183,76,152,0.072399
972,63,157,83,166,0.072399
972,342,151,57,113,0.072399
973,583,20,50,185,0.0578143
973,53,156,80,159,0.0578143
973,19,193,69,138,0.0578143
974,581,20,53,192,0.0552956
974,10,191,70,142,0.0552956
974,51,156,76,152,0.0552956
975,581,20,53,194,0.0605034
975,40,153,78,158,0.0605034
975,8,201,66,132,0.0605034
976,9,157,69,182,0.0605398
976,32,151,80,159,0.0605398
977,28,157,78,157,0.0610056
977,8,164,63,170,0.0610056
978,22,158,78,157,0.0623732
978,6,212,47,125,0.0623732
979,11,28,90,321,0.0598107
980,10,26,82,295,0.0604919
981,9,23,69,260,0.06126
982,8,137,66,175,0.0627061
983,263,169,53,106,0.0557913
984,7,19,56,218,0.0783541
988,91,126,84,168,0.0621129
989,204,162,60,120,0.0628085
990,242,174,58,115,0.0570281
991,205,163,58,116,0.0538577
991,241,169,57,113,0.0538577
992,587,18,47,174,0.0627212
992,244,173,56,112,0.0627212
992,202,154,66,131,0.0627212
993,241,173,57,113,0.0587181
994,580,17,54,193,0.055754
994,237,174,56,112,0.055754
995,581,17,53,192,0.0776027
995,232,179,55,110,0.0776027
996,582,16,51,184,0.0609232
996,229,175,56,112,0.0609232
997,582,17,51,185,0.0622548
997,226,177,57,114,0.0622548
998,565,18,66,201,0.0598522
998,222,172,57,114,0.0598522
999,555,18,75,204,0.0609111
999,222,172,57,113,0.0609111
1000,529,18,98,203,0.0606605
