6,563,174,54,153,0
9,4,116,62,285,0
10,3,117,68,287,0
11,2,116,75,287,0
12,4,112,84,287,0
13,4,112,87,286,0
14,2,107,104,284,0
15,4,107,108,282,0
16,9,109,112,290,0
17,13,118,116,277,0
18,20,113,117,280,0
19,33,118,117,279,0
19,447,227,21,65,0
20,52,112,110,287,0
20,448,226,21,66,0
21,70,128,96,267,0
22,88,120,92,277,0
24,107,122,88,274,0
25,121,132,88,255,0
25,529,158,58,186,0
26,125,131,109,256,0
27,132,133,105,249,0
27,449,228,20,62,0
28,449,228,20,62,0
28,525,158,60,193,0
29,449,228,20,63,0
30,449,228,20,64,0
31,190,119,85,264,0
32,201,120,91,263,0
33,208,117,101,262,0
34,216,122,96,257,0
35,236,125,79,252,0
36,242,129,73,218,0
37,249,124,65,229,0
40,271,146,82,203,0
41,274,148,81,205,0
41,556,125,74,258,0
41,494,141,63,216,0
42,556,126,74,258,0
43,556,125,73,257,0
45,551,117,77,268,0
45,315,127,77,218,0
46,548,113,80,272,0
46,322,135,75,212,0
47,544,113,84,271,0
48,542,113,85,276,0
49,345,142,65,198,0
49,531,115,77,275,0
50,529,111,77,281,0
51,529,112,77,284,0
51,359,136,54,193,0
52,525,108,76,289,0
53,520,107,75,298,0
54,514,107,78,302,0
55,513,106,78,304,0
56,507,108,77,307,0
56,437,121,74,286,0
57,504,108,74,312,0
57,425,118,77,295,0
58,501,107,79,311,0
58,411,117,89,293,0
59,497,105,80,314,0
59,406,119,92,295,0
60,488,97,83,322,0
60,399,132,87,283,0
61,488,82,80,340,0
61,393,128,88,291,0
62,384,123,91,298,0
62,485,79,82,342,0
63,484,74,82,349,0
63,384,121,85,302,0
64,385,118,85,302,0
64,476,74,91,352,0
65,384,116,89,307,0
66,375,116,84,314,0
67,371,121,83,309,0
67,453,87,92,345,0
68,368,114,84,327,0
68,448,82,95,357,0
69,357,103,91,338,0
69,441,70,103,375,0
70,437,68,104,377,0
70,349,97,95,349,0
71,431,66,99,388,0
71,339,94,108,360,0
71,101,195,40,130,0
72,420,59,106,407,0
72,3,135,65,274,0
72,105,193,36,134,0
73,416,58,104,415,0
73,6,125,70,281,0
73,317,92,107,369,0
73,103,193,42,133,0
74,313,99,99,366,0
74,413,58,106,416,0
74,5,130,88,268,0
74,105,189,39,137,0
75,308,96,107,372,0
75,14,133,107,276,0
75,410,57,105,421,0
76,23,155,126,244,0
76,304,97,109,372,0
76,404,50,106,414,0
77,35,143,120,259,0
77,289,99,115,378,0
78,283,90,111,387,0
78,60,138,84,266,0
78,398,42,107,430,0
79,388,33,111,443,0
79,61,153,88,245,0
79,275,91,115,376,0
80,381,30,113,447,0
80,61,144,96,251,0
81,369,26,116,450,0
82,362,25,116,454,0
82,251,87,105,381,0
82,111,146,87,245,0
83,344,18,131,461,0
83,117,156,99,234,0
83,242,86,108,379,0
84,334,20,136,459,0
87,472,204,18,91,0
88,180,70,124,409,0
88,472,203,21,92,0
89,170,71,122,408,0
90,143,68,148,401,0
90,299,7,117,455,0
90,473,201,21,100,0
91,289,4,121,472,0
91,118,50,170,423,0
92,285,0,115,470,0
92,91,53,192,426,0
92,474,204,21,96,0
93,262,5,138,466,0
93,0,93,91,336,0
93,81,48,167,424,0
93,474,200,23,95,0
94,257,3,135,473,0
94,4,105,73,312,0
94,478,202,20,90,0
95,237,2,156,471,0
95,481,199,20,95,0
96,226,0,148,476,0
96,482,200,21,93,0
96,17,42,146,415,0
97,484,202,19,93,0
97,1,35,144,430,0
97,211,3,147,476,0
98,483,200,20,95,0
98,547,183,28,100,0
98,0,39,151,421,0
99,90,111,87,305,0
99,481,202,21,92,0
100,66,110,76,315,0
100,90,112,94,313,0
100,481,201,20,94,0
100,548,179,26,106,0
101,123,15,202,457,0
101,66,115,66,304,0
101,482,204,20,92,0
101,548,182,27,102,0
102,96,13,216,460,0
102,484,205,20,94,0
103,80,4,217,470,0
103,484,207,21,92,0
104,69,0,202,480,0
104,483,203,24,99,0
105,48,15,167,461,0
105,483,203,24,102,0
106,185,122,94,279,0
106,482,205,23,97,0
107,173,143,104,250,0
107,482,205,26,94,0
108,175,124,102,277,0
108,542,188,25,95,0
108,367,158,57,184,0
109,2,6,143,462,0
109,541,185,24,101,0
109,190,120,84,281,0
110,48,150,119,285,0
111,48,130,135,300,0
112,49,143,114,283,0
112,86,147,108,269,0
112,391,152,48,188,0
113,61,141,115,283,0
113,390,154,51,183,0
114,396,158,50,179,0
114,91,141,101,279,0
115,93,133,108,284,0
115,400,159,46,179,0
116,128,141,83,281,0
116,404,161,46,171,0
117,140,144,81,274,0
117,402,162,51,168,0
118,407,164,53,167,0
120,148,147,106,256,0
121,176,157,97,238,0
121,421,164,52,161,0
122,196,149,107,247,0
122,423,165,53,161,0
123,432,164,48,159,0
123,217,153,99,236,0
124,438,161,43,162,0
125,439,162,45,160,0
126,442,164,39,154,0
127,443,166,42,152,0
127,293,153,54,228,0
127,230,147,54,249,0
128,298,150,58,242,0
129,292,149,70,239,0
131,469,172,36,141,0
131,269,153,49,228,0
132,467,171,42,144,0
133,467,170,42,148,0
133,337,154,51,216,0
133,286,155,55,220,0
133,6,231,23,71,0
134,471,170,39,145,0
134,294,152,46,223,0
134,398,153,53,192,0
135,471,174,40,139,0
136,356,154,63,213,0
137,423,156,51,171,0
137,363,156,55,202,0
138,431,158,43,165,0
139,433,157,42,179,0
140,438,161,42,172,0
140,331,161,47,191,0
140,394,156,58,193,0
141,337,159,48,195,0
141,436,159,44,180,0
141,400,158,61,200,0
142,444,156,37,188,0
143,436,158,43,184,0
144,432,157,49,184,0
144,504,172,38,134,0
144,359,160,47,179,0
145,431,156,56,189,0
145,507,170,40,142,0
145,364,158,51,185,0
146,425,159,69,189,0
146,366,160,52,185,0
146,508,173,40,137,0
147,435,160,61,183,0
147,370,160,49,180,0
147,514,171,38,140,0
148,370,162,45,177,0
148,441,163,55,179,0
150,452,160,58,184,0
151,457,158,53,181,0
152,461,159,54,181,0
153,465,160,54,179,0
153,404,158,43,174,0
154,466,161,54,177,0
155,470,161,54,174,0
156,398,164,45,164,0
156,472,162,51,171,0
157,401,166,52,162,0
157,471,164,52,168,0
158,402,164,54,169,0
158,474,166,52,168,0
159,399,165,55,167,0
159,475,164,54,170,0
160,405,167,49,161,0
161,405,166,49,161,0
162,407,170,45,152,0
163,405,170,44,148,0
164,412,171,37,147,0
164,381,172,38,144,0
164,438,171,36,148,0
165,378,172,41,143,0
165,438,171,35,149,0
166,433,172,41,146,0
167,438,173,36,146,0
168,438,173,37,145,0
169,441,174,36,145,0
170,443,175,38,143,0
171,446,174,39,146,0
172,446,174,40,146,0
172,379,164,40,159,0
173,448,174,36,146,0
173,377,165,43,161,0
177,371,162,46,172,0
179,509,176,34,134,0
180,510,176,35,136,0
180,477,179,34,133,0
181,509,177,36,135,0
182,506,175,41,139,0
183,509,173,41,138,0
184,513,176,40,135,0
184,6,113,66,306,0
185,361,158,59,183,0
185,515,179,38,133,0
186,360,158,60,183,0
186,30,120,79,295,0
187,27,129,92,290,0
187,355,161,55,180,0
188,45,134,86,281,0
189,348,161,58,184,0
189,538,175,37,129,0
190,539,174,37,132,0
191,539,175,36,129,0
192,541,175,36,128,0
193,129,137,74,267,0
193,546,175,35,127,0
194,132,144,92,252,0
195,549,178,40,126,0
200,516,177,35,126,0
205,576,176,39,122,0
209,255,125,77,272,0
210,247,131,86,262,0
211,234,135,87,259,0
212,220,126,99,274,0
213,218,120,92,283,0
213,317,159,36,165,0
214,206,113,90,296,0
215,201,107,83,303,0
215,330,156,40,178,0
216,193,107,81,315,0
216,334,156,42,182,0
217,187,110,81,312,0
218,176,108,83,321,0
218,347,158,40,178,0
219,173,111,84,323,0
220,161,103,90,345,0
221,152,95,91,349,0
222,136,101,97,339,0
222,0,126,81,282,0
223,120,95,97,351,0
223,1,127,76,276,0
224,91,97,119,354,0
224,3,130,73,274,0
225,78,98,128,349,0
225,8,126,78,283,0
225,470,201,23,83,0
226,75,89,131,352,0
226,7,125,84,278,0
226,472,201,23,82,0
226,387,162,51,159,0
227,51,91,128,366,0
227,479,199,20,84,0
227,399,163,40,153,0
228,39,76,114,392,0
229,35,75,101,383,0
230,21,67,116,386,0
230,577,171,42,126,0
231,6,72,132,395,0
231,575,173,41,124,0
231,475,203,25,77,0
233,82,148,67,242,0
234,439,173,34,138,0
235,445,170,33,140,0
236,549,187,22,92,0
237,116,144,71,244,0
238,547,185,24,94,0
239,546,186,23,97,0
240,548,183,22,100,0
240,137,153,72,242,0
240,582,185,20,88,0
241,138,152,77,233,0
241,551,183,23,102,0
242,149,149,72,244,0
243,408,207,18,73,0
243,154,151,67,221,0
243,0,106,75,324,0
244,1,107,76,328,0
244,408,208,22,73,0
245,2,105,87,329,0
245,412,208,20,72,0
246,413,209,20,70,0
247,43,114,80,310,0
247,489,177,48,126,0
248,42,112,122,312,0
248,482,177,57,125,0
249,41,114,140,315,0
249,495,176,45,124,0
250,67,134,115,288,0
250,496,176,44,125,0
251,497,177,46,126,0
251,94,138,87,281,0
252,119,126,72,296,0
252,555,204,18,67,0
253,143,122,71,291,0
255,158,129,87,281,0
256,154,136,113,273,0
257,186,145,84,253,0
257,450,202,25,92,0
258,204,131,69,263,0
259,448,202,21,85,0
261,481,201,18,85,0
261,447,202,20,83,0
261,241,123,66,271,0
262,237,136,78,254,0
