1,445,190,62,159,1
1,193,198,33,115,1
1,142,196,42,125,1
1,480,195,58,148,1
1,241,208,13,43,1
1,418,193,13,49,1
2,448,187,60,165,1
2,142,197,43,124,1
2,193,198,34,114,1
2,487,193,55,151,1
2,417,193,14,49,1
3,453,186,60,165,1
3,143,197,45,124,1
3,498,191,42,148,1
3,193,198,34,114,1
3,417,194,13,48,1
3,241,206,14,43,1
4,460,183,53,168,1
4,143,198,47,125,1
4,501,188,42,154,1
4,193,198,34,112,1
4,418,194,13,47,1
4,241,206,13,45,1
4,357,198,22,61,1
5,469,183,47,172,1
5,145,197,46,125,1
5,506,189,39,154,1
5,193,197,32,115,1
5,416,194,15,48,1
5,241,207,13,45,1
5,458,195,18,53,1
5,311,195,11,32,1
5,358,197,21,61,1
5,222,204,18,75,1
6,144,198,46,125,1
6,476,183,46,172,1
6,512,190,52,154,1
6,192,197,32,116,1
6,417,194,14,47,1
6,460,194,17,54,1
6,220,201,20,77,1
6,241,207,13,46,1
6,358,197,21,59,1
6,311,196,10,32,1
7,144,198,46,125,1
7,482,183,52,171,1
7,192,197,33,116,1
7,516,187,50,160,1
7,221,199,19,74,1
7,417,194,15,47,1
7,241,208,14,47,1
7,462,195,16,53,1
7,358,199,22,60,1
8,145,199,45,126,1
8,483,186,60,170,1
8,193,197,31,117,1
8,519,190,59,161,1
8,221,199,19,75,1
8,241,206,13,47,1
8,417,195,13,46,1
8,358,197,21,61,1
9,146,199,45,126,1
9,484,190,68,167,1
9,192,196,33,117,1
9,521,194,65,161,1
9,417,196,14,46,1
9,221,199,20,73,1
9,358,200,21,59,1
9,240,205,13,48,1
10,148,198,42,127,1
10,192,196,37,118,1
10,485,184,81,174,1
10,526,192,65,165,1
10,417,196,14,45,1
10,240,204,14,49,1
10,222,198,20,70,1
10,466,195,18,53,1
11,487,182,82,179,1
11,149,198,42,126,1
11,193,197,38,119,1
11,539,190,52,167,1
11,416,196,14,45,1
11,357,199,20,61,1
11,239,205,15,48,1
12,492,183,71,178,1
12,151,199,41,127,1
12,193,195,39,120,1
12,547,182,46,174,1
12,415,195,14,45,1
12,240,205,15,46,1
12,357,199,21,62,1
12,467,195,26,52,1
13,498,180,68,181,1
13,152,198,41,128,1
13,192,196,39,119,1
13,553,179,44,182,1
13,358,198,21,63,1
13,415,195,14,45,1
13,240,205,15,48,1
13,471,199,23,49,1
14,509,182,61,185,1
14,155,198,39,127,1
14,192,195,39,121,1
14,561,185,51,168,1
14,472,196,25,51,1
14,239,204,14,49,1
14,415,196,13,44,1
14,358,198,20,63,1
15,524,176,54,191,1
15,156,199,39,127,1
15,193,195,38,120,1
15,556,197,72,160,1
15,475,194,21,53,1
15,415,195,13,44,1
15,359,195,20,66,1
15,239,204,15,49,1
15,516,206,11,39,1
16,535,175,57,197,1
16,156,199,40,128,1
16,194,196,37,119,1
16,571,196,68,163,1
16,415,195,13,44,1
16,481,194,14,53,1
16,238,205,16,49,1
16,357,198,21,66,1
17,539,177,65,199,1
17,156,198,41,129,1
17,195,195,37,120,1
17,485,192,14,53,1
17,415,195,14,44,1
18,542,175,80,206,1
18,154,198,43,129,1
18,195,194,37,121,1
18,486,192,15,53,1
18,415,195,14,44,1
18,584,178,51,186,1
18,227,215,15,74,1
18,238,204,13,51,1
19,542,178,97,207,1
19,156,198,42,130,1
19,198,195,36,120,1
19,487,194,15,52,1
19,416,195,13,44,1
19,227,205,19,85,1
20,545,178,94,210,1
20,157,199,40,128,1
20,199,195,35,120,1
20,487,193,19,53,1
20,417,195,14,45,1
20,239,205,12,47,1
21,549,177,89,211,1
21,157,199,40,130,1
21,200,195,35,120,1
21,488,194,18,51,1
21,417,194,15,47,1
22,560,175,79,216,1
22,157,198,41,135,1
22,200,196,35,120,1
22,490,193,18,52,1
22,418,193,15,47,1
22,228,206,21,90,1
22,359,202,18,57,1
23,570,170,68,218,1
23,156,197,41,139,1
23,201,197,35,118,1
23,494,195,13,49,1
23,418,192,14,48,1
23,230,207,20,87,1
23,557,185,33,90,1
23,359,202,18,57,1
23,323,207,28,50,1
24,156,197,40,140,1
24,592,172,47,217,1
24,202,197,35,118,1
24,499,195,13,49,1
24,419,193,14,48,1
24,358,203,20,56,1
24,229,204,21,91,1
24,559,179,39,106,1
25,156,198,39,139,1
25,600,168,39,222,1
25,202,196,37,119,1
25,500,195,13,50,1
25,419,193,14,48,1
25,230,202,22,92,1
26,156,197,40,139,1
26,604,171,35,219,1
26,202,197,36,118,1
26,500,194,15,50,1
26,419,192,14,48,1
26,228,207,25,89,1
27,157,197,39,139,1
27,203,197,35,118,1
27,604,177,35,216,1
27,500,195,18,49,1
27,419,191,14,49,1
27,228,207,24,91,1
27,558,184,36,81,1
28,157,196,39,139,1
28,204,197,34,119,1
28,607,183,32,207,1
28,500,195,18,48,1
28,419,192,15,48,1
28,230,204,24,90,1
29,158,197,40,138,1
29,204,198,34,120,1
29,419,192,14,48,1
29,500,194,19,50,1
29,232,203,22,88,1
30,158,197,42,138,1
30,205,198,32,120,1
30,419,191,15,50,1
30,232,204,22,91,1
30,504,196,17,47,1
31,160,200,49,139,1
31,203,199,32,120,1
31,230,200,24,98,1
31,419,190,15,50,1
31,507,196,15,47,1
31,559,189,35,71,1
31,359,200,20,49,1
32,161,200,50,138,1
32,204,200,32,120,1
32,419,191,15,50,1
32,231,202,23,96,1
33,164,200,50,139,1
33,204,199,32,122,1
33,231,204,24,96,1
33,419,191,15,50,1
33,556,185,37,77,1
33,513,195,12,48,1
33,361,195,17,47,1
34,160,200,57,141,1
34,201,199,34,122,1
34,231,205,25,96,1
34,419,192,14,49,1
34,514,193,13,49,1
35,163,200,54,142,1
35,201,198,35,122,1
35,419,191,14,49,1
35,231,203,26,96,1
35,513,194,14,49,1
35,555,183,40,80,1
36,165,200,51,142,1
36,203,197,33,123,1
36,418,192,15,49,1
36,231,206,26,92,1
36,514,193,14,51,1
37,168,200,48,142,1
37,204,196,33,125,1
37,231,202,30,97,1
37,419,192,15,49,1
37,611,209,24,78,1
38,170,200,47,142,1
38,206,196,30,125,1
38,231,204,30,95,1
38,419,192,15,49,1
39,173,198,45,144,1
39,232,202,33,98,1
39,207,197,30,123,1
39,419,193,15,48,1
39,358,199,19,62,1
39,555,183,39,79,1
40,174,198,45,145,1
40,233,203,36,97,1
40,208,198,28,122,1
40,419,193,15,48,1
40,357,197,20,65,1
40,555,185,39,76,1
41,175,197,42,148,1
41,233,203,38,97,1
41,210,199,28,123,1
41,419,193,14,48,1
41,358,196,20,64,1
41,556,184,38,80,1
42,235,203,36,99,1
42,176,197,43,148,1
42,419,193,14,47,1
42,211,200,28,123,1
42,360,196,18,63,1
42,557,182,37,92,1
43,235,202,37,100,1
43,176,198,45,144,1
43,419,191,15,49,1
43,210,200,31,123,1
43,360,197,18,60,1
43,557,184,37,80,1
44,237,200,36,101,1
44,178,199,42,145,1
44,419,192,15,49,1
44,210,199,32,127,1
44,557,185,38,78,1
45,237,199,36,102,1
45,419,192,15,48,1
45,168,200,35,135,1
45,185,199,37,145,1
45,211,197,34,129,1
45,359,203,18,49,1
45,556,184,38,78,1
46,241,199,34,102,1
46,419,193,15,47,1
46,213,196,34,133,1
46,185,201,38,146,1
46,168,200,33,133,1
46,556,185,38,79,1
46,356,205,21,53,1
47,242,200,35,101,1
47,213,197,33,130,1
47,419,193,15,47,1
47,185,201,38,149,1
47,557,184,37,81,1
48,245,198,31,104,1
48,211,197,38,136,1
48,418,195,15,46,1
48,186,201,35,153,1
48,168,199,34,137,1
48,556,183,38,82,1
49,211,196,38,131,1
49,246,199,33,105,1
49,418,194,15,47,1
49,186,198,35,154,1
49,557,187,37,77,1
49,166,196,34,140,1
50,212,195,39,133,1
50,248,200,32,103,1
50,419,194,14,46,1
50,187,197,33,158,1
51,249,202,32,102,1
51,212,196,38,133,1
51,186,198,35,158,1
51,418,194,14,46,1
51,358,197,20,62,1
52,214,194,38,135,1
52,182,197,41,159,1
52,249,201,32,102,1
52,417,196,14,45,1
52,356,200,21,62,1
53,179,199,45,156,1
53,217,194,38,136,1
53,249,202,33,104,1
53,417,196,14,44,1
53,356,198,23,65,1
53,558,188,36,80,1
54,179,199,48,159,1
54,218,194,36,139,1
54,251,203,31,104,1
54,416,196,14,44,1
54,356,198,22,64,1
54,558,187,36,82,1
55,178,199,52,158,1
55,219,195,34,137,1
55,251,200,32,107,1
55,416,196,13,44,1
55,558,190,37,77,1
55,384,194,10,37,1
55,357,196,21,63,1
56,181,199,49,160,1
56,220,194,35,138,1
56,252,200,29,108,1
56,415,196,15,43,1
56,558,188,37,84,1
57,180,198,51,162,1
57,221,194,36,139,1
57,253,200,30,107,1
57,415,196,15,43,1
57,557,180,37,96,1
57,311,196,10,33,1
58,180,198,51,163,1
58,253,199,32,109,1
58,222,195,35,137,1
58,413,196,13,42,1
58,311,196,10,33,1
58,559,188,36,82,1
59,177,197,56,166,1
59,253,200,33,108,1
59,222,194,34,141,1
59,360,196,18,63,1
59,414,195,11,42,1
59,559,187,35,82,1
59,311,196,10,33,1
59,164,205,15,47,1
59,385,194,11,37,1
60,177,196,56,171,1
60,253,201,35,108,1
60,224,195,34,142,1
60,310,195,12,35,1
60,145,209,14,40,1
60,162,203,16,45,1
60,360,196,19,59,1
61,179,198,54,171,1
61,253,202,40,107,1
61,225,195,35,145,1
61,413,195,11,42,1
61,163,202,15,48,1
61,144,207,12,43,1
61,559,186,35,83,1
62,183,197,53,173,1
62,256,202,37,108,1
62,226,194,33,146,1
62,410,202,13,37,1
62,145,209,12,41,1
63,179,197,58,174,1
63,258,204,36,106,1
63,226,194,35,145,1
63,409,200,14,39,1
63,359,197,19,63,1
64,184,196,53,176,1
64,258,201,38,109,1
64,227,194,34,145,1
64,407,201,15,38,1
64,359,199,19,63,1
64,384,195,12,36,1
65,188,197,50,174,1
65,259,203,37,109,1
65,227,195,35,141,1
65,406,207,15,33,1
65,359,198,19,62,1
65,384,195,12,37,1
65,558,185,36,78,1
66,186,195,54,176,1
66,260,203,37,108,1
66,228,192,33,146,1
66,405,207,17,33,1
66,359,197,20,62,1
66,384,196,11,36,1
66,559,185,36,84,1
67,192,196,47,176,1
67,261,206,37,106,1
67,229,194,34,142,1
67,404,204,18,36,1
67,360,197,18,62,1
67,384,196,12,36,1
68,192,194,49,183,1
68,260,204,38,108,1
68,230,193,33,145,1
68,405,201,13,39,1
68,360,198,18,59,1
68,558,187,35,78,1
69,189,195,53,186,1
69,264,201,34,112,1
69,230,194,36,142,1
69,404,199,12,42,1
69,162,204,13,45,1
69,137,207,16,43,1
69,558,185,37,80,1
70,189,195,54,187,1
70,230,194,38,143,1
70,269,200,30,115,1
70,403,198,12,42,1
70,558,186,36,79,1
70,161,203,14,47,1
70,137,206,15,44,1
71,187,195,56,189,1
71,231,194,40,146,1
71,270,198,31,119,1
71,402,197,12,41,1
71,161,204,14,48,1
71,558,186,36,78,1
71,383,194,12,37,1
71,137,210,17,40,1
72,187,196,54,192,1
72,230,196,49,141,1
72,270,200,31,118,1
72,400,197,13,42,1
72,161,204,14,45,1
72,558,185,36,80,1
72,383,195,11,37,1
73,187,196,52,195,1
73,229,196,51,143,1
73,271,200,30,117,1
73,160,202,15,49,1
73,401,197,12,43,1
73,559,186,34,83,1
73,292,195,27,105,1
74,187,195,54,199,1
74,234,195,47,145,1
74,273,201,29,116,1
74,159,202,17,50,1
74,400,198,12,43,1
74,294,197,28,101,1
74,559,187,33,79,1
75,183,195,57,200,1
75,235,194,47,146,1
75,296,200,26,100,1
75,273,201,27,118,1
75,398,197,13,44,1
75,159,204,17,48,1
75,375,207,11,31,1
75,560,187,33,84,1
76,180,192,60,203,1
76,236,194,46,145,1
76,275,202,28,119,1
76,397,196,14,44,1
76,297,201,26,98,1
76,162,203,15,46,1
77,178,192,63,203,1
77,236,194,46,146,1
77,297,194,26,106,1
77,397,197,13,43,1
77,277,196,27,126,1
77,610,211,25,78,1
78,177,190,62,201,1
78,237,194,44,147,1
78,396,197,14,43,1
78,298,198,25,104,1
78,276,199,30,127,1
79,174,191,64,199,1
79,239,193,44,148,1
79,395,198,13,43,1
79,278,198,32,128,1
79,297,198,30,107,1
79,381,193,13,47,1
80,173,191,66,201,1
80,242,195,43,146,1
80,279,197,30,129,1
80,220,194,26,154,1
80,301,196,29,107,1
80,380,194,14,46,1
81,174,191,67,203,1
81,243,194,43,148,1
81,280,198,31,126,1
81,303,197,32,110,1
81,221,198,24,154,1
81,380,194,15,45,1
81,395,201,10,40,1
82,174,191,68,206,1
82,245,195,42,149,1
82,282,199,33,127,1
82,305,200,27,106,1
82,381,195,15,45,1
82,221,197,25,162,1
82,555,185,38,82,1
83,173,192,73,206,1
83,248,195,41,150,1
83,284,200,39,123,1
83,309,196,25,109,1
83,557,188,37,74,1
83,222,196,26,158,1
83,382,194,14,45,1
84,177,190,71,210,1
84,248,195,41,152,1
84,286,200,42,126,1
84,311,195,24,102,1
84,556,184,38,75,1
84,381,194,14,46,1
84,360,201,16,61,1
84,222,197,27,162,1
85,177,191,77,209,1
85,249,195,41,153,1
85,286,202,42,123,1
85,313,194,26,106,1
85,359,199,16,64,1
86,178,192,80,209,1
86,249,194,43,153,1
86,287,201,42,127,1
86,315,196,28,110,1
86,382,196,15,44,1
86,556,185,39,80,1
87,181,193,81,209,1
87,249,195,45,152,1
87,287,201,44,126,1
87,383,196,17,45,1
87,317,197,27,108,1
87,359,201,18,61,1
87,152,206,13,48,1
88,187,193,73,212,1
88,253,197,42,151,1
88,290,200,43,128,1
88,319,196,30,111,1
88,384,199,17,43,1
88,557,186,36,78,1
88,610,208,25,79,1
89,186,193,75,214,1
89,256,197,38,153,1
89,293,200,39,128,1
89,322,198,34,110,1
89,384,200,18,42,1
89,556,190,37,65,1
90,189,192,72,214,1
90,257,195,41,155,1
90,294,198,37,131,1
90,324,198,34,111,1
90,383,196,15,46,1
90,155,208,14,45,1
91,189,191,73,215,1
91,258,194,41,158,1
91,301,199,31,130,1
91,326,198,32,112,1
91,383,197,14,45,1
91,361,199,16,61,1
91,189,206,16,43,1
92,196,190,66,216,1
92,258,193,42,160,1
92,303,196,32,135,1
92,328,199,32,112,1
92,383,197,13,45,1
92,190,207,15,48,1
92,158,210,11,39,1
92,556,183,39,77,1
92,360,200,17,62,1
93,199,187,65,219,1
93,259,195,42,159,1
93,329,196,32,115,1
93,307,195,29,142,1
93,384,197,15,44,1
93,190,206,18,62,1
93,157,211,12,38,1
94,201,189,64,221,1
94,261,194,42,161,1
94,332,194,30,118,1
94,309,200,31,133,1
94,383,196,16,45,1
94,190,205,18,65,1
94,555,181,40,79,1
94,158,211,11,38,1
95,206,190,60,226,1
95,263,193,40,161,1
95,334,196,28,115,1
95,310,200,37,132,1
95,383,196,15,45,1
95,190,207,18,63,1
95,556,183,39,78,1
95,154,209,14,44,1
95,167,203,11,45,1
96,208,188,59,233,1
96,265,194,40,158,1
96,311,201,39,132,1
96,189,204,18,67,1
96,384,197,16,45,1
96,335,200,31,112,1
96,154,208,13,44,1
96,165,201,14,47,1
96,556,182,38,78,1
97,210,188,59,236,1
97,266,195,43,158,1
97,311,200,40,134,1
97,339,200,33,112,1
97,190,202,19,70,1
97,385,197,16,45,1
97,164,200,13,49,1
97,557,183,37,81,1
97,152,209,11,41,1
98,215,189,57,241,1
98,266,193,49,161,1
98,315,199,39,137,1
98,189,203,20,70,1
98,341,194,33,124,1
98,152,210,12,40,1
98,386,195,14,47,1
98,557,186,36,76,1
98,166,203,13,45,1
99,268,196,53,160,1
99,217,188,54,238,1
99,189,203,21,70,1
99,316,199,40,138,1
99,344,197,33,118,1
99,385,196,15,46,1
99,152,207,11,44,1
99,558,186,36,77,1
99,168,204,12,44,1
100,269,195,55,160,1
100,217,190,57,239,1
100,189,204,21,69,1
100,322,199,34,137,1
100,347,198,31,121,1
100,152,210,11,42,1
100,555,184,39,79,1
100,168,205,13,44,1
101,220,188,57,240,1
101,271,196,55,161,1
101,325,196,32,142,1
101,189,204,24,68,1
101,350,195,31,128,1
101,151,210,11,43,1
101,382,194,13,47,1
101,555,184,39,82,1
101,392,197,12,44,1
102,219,189,61,242,1
102,273,196,54,163,1
102,191,205,22,68,1
102,327,195,36,142,1
102,354,194,29,125,1
102,151,210,11,42,1
102,392,198,14,44,1
102,167,207,12,41,1
102,555,184,40,81,1
103,221,187,60,253,1
103,274,195,54,164,1
103,330,192,36,147,1
103,191,205,23,68,1
103,356,195,26,126,1
103,555,185,39,80,1
103,393,200,15,42,1
103,167,206,11,42,1
103,381,192,12,47,1
103,149,211,15,42,1
104,276,195,54,162,1
104,224,183,59,261,1
104,331,198,45,140,1
104,193,200,23,74,1
104,395,200,14,43,1
104,357,194,29,119,1
104,168,204,11,44,1
104,148,210,14,44,1
104,382,192,12,45,1
104,556,184,38,80,1
105,277,195,54,163,1
105,224,183,59,254,1
105,336,198,46,139,1
105,193,203,23,70,1
105,146,209,14,45,1
105,394,198,14,46,1
105,556,182,38,83,1
105,383,192,11,40,1
105,169,205,10,42,1
105,431,188,12,47,1
106,283,194,49,164,1
106,336,199,54,138,1
106,224,181,59,256,1
106,195,202,21,72,1
106,395,196,15,47,1
106,431,189,11,47,1
106,169,204,11,43,1
106,556,182,38,83,1
106,146,208,14,40,1
107,287,194,47,164,1
107,337,200,54,140,1
107,228,180,58,263,1
107,195,203,21,72,1
107,396,195,15,48,1
107,145,206,14,47,1
107,555,181,40,83,1
107,168,205,11,42,1
108,229,182,61,261,1
108,290,192,44,167,1
108,337,200,57,140,1
108,198,204,23,73,1
108,145,208,13,45,1
108,555,181,39,84,1
108,398,194,14,49,1
108,170,205,11,42,1
109,291,192,47,171,1
109,341,198,54,142,1
109,226,179,66,265,1
109,198,202,22,74,1
109,145,207,14,46,1
109,399,195,14,47,1
109,169,204,12,43,1
109,555,181,39,79,1
109,101,200,15,50,1
110,293,192,45,176,1
110,345,196,53,145,1
110,233,180,65,260,1
110,198,202,22,75,1
110,170,204,12,43,1
110,146,209,13,42,1
110,401,197,13,44,1
110,556,185,38,72,1
111,295,191,46,178,1
111,233,185,73,253,1
111,352,197,45,144,1
111,199,203,21,73,1
111,168,202,13,45,1
111,145,208,14,43,1
112,236,189,92,249,1
112,296,192,46,177,1
112,363,194,34,149,1
112,200,204,21,73,1
112,168,202,15,46,1
112,144,209,15,44,1
112,389,196,26,129,1
112,556,189,37,70,1
112,609,206,26,82,1
113,237,186,98,252,1
113,299,191,45,176,1
113,367,196,34,148,1
113,201,205,21,73,1
113,391,191,25,134,1
113,169,204,13,43,1
113,556,183,37,80,1
113,142,208,15,47,1
114,241,188,102,252,1
114,299,190,48,180,1
114,369,195,33,154,1
114,200,202,21,75,1
114,392,188,26,141,1
114,170,205,13,43,1
114,554,185,40,77,1
114,143,209,14,45,1
115,247,187,100,253,1
115,371,199,41,148,1
115,301,191,47,177,1
115,196,200,26,78,1
115,556,186,38,80,1
115,141,209,17,47,1
115,170,204,11,43,1
116,250,188,94,249,1
116,374,198,46,151,1
116,305,191,43,176,1
116,202,203,23,75,1
116,141,210,17,45,1
116,170,203,12,44,1
116,555,186,38,70,1
116,400,189,24,81,1
117,253,188,91,250,1
117,375,199,47,150,1
117,203,205,22,73,1
117,308,191,42,176,1
117,140,208,17,47,1
117,170,203,12,44,1
117,556,186,37,71,1
118,377,198,50,153,1
118,205,205,22,74,1
118,258,192,87,244,1
118,310,190,43,181,1
118,139,207,16,48,1
118,556,184,37,76,1
118,170,203,11,44,1
118,248,190,48,190,1
119,378,195,49,157,1
119,261,192,85,248,1
119,206,201,22,79,1
119,139,206,13,49,1
119,168,202,13,45,1
119,431,189,12,50,1
119,311,189,41,150,1
119,242,192,52,190,1
120,383,195,46,156,1
120,266,189,82,251,1
120,207,204,24,75,1
120,243,194,49,192,1
120,139,205,12,48,1
120,169,202,12,46,1
120,556,186,37,69,1
121,390,197,39,158,1
121,208,205,22,75,1
121,271,192,77,248,1
121,244,195,51,189,1
121,168,201,13,46,1
121,137,206,13,47,1
121,314,185,40,181,1
122,282,183,69,257,1
122,398,194,38,160,1
122,247,195,50,192,1
122,209,205,22,75,1
122,167,202,14,45,1
122,137,206,15,47,1
123,401,194,39,161,1
123,251,195,48,191,1
123,210,205,22,78,1
123,287,178,68,272,1
123,168,201,13,46,1
123,137,208,15,46,1
123,426,183,18,108,1
124,404,195,43,161,1
124,253,196,53,195,1
124,210,202,24,80,1
124,136,207,14,48,1
124,291,180,72,271,1
124,168,202,13,46,1
124,361,194,18,48,1
125,405,192,59,165,1
125,256,195,51,200,1
125,213,204,24,76,1
125,137,208,13,46,1
125,169,203,13,45,1
125,364,196,16,47,1
125,297,180,72,277,1
125,383,194,10,37,1
126,406,190,68,170,1
126,259,194,51,199,1
126,215,205,24,74,1
126,305,180,67,279,1
126,170,203,13,46,1
126,137,209,14,44,1
126,616,224,22,120,1
127,407,190,69,169,1
127,261,193,47,202,1
127,217,201,24,78,1
127,305,182,68,276,1
127,609,183,29,163,1
127,134,207,15,47,1
127,169,202,13,46,1
128,409,191,68,170,1
128,604,177,35,170,1
128,264,194,46,203,1
128,307,185,69,268,1
128,133,206,16,49,1
128,217,203,24,76,1
128,170,202,12,46,1
129,413,193,66,167,1
129,308,181,69,278,1
129,599,182,39,162,1
129,266,193,45,212,1
129,219,203,23,80,1
129,132,206,16,48,1
129,169,203,13,44,1
129,366,196,18,49,1
130,421,188,57,172,1
130,583,183,56,163,1
130,265,194,47,213,1
130,310,179,71,284,1
130,220,204,22,78,1
130,132,207,16,47,1
130,168,200,14,48,1
130,427,194,13,50,1
130,366,195,16,50,1
131,557,183,82,160,1
131,311,184,69,277,1
131,432,188,48,175,1
131,266,192,47,218,1
131,130,207,17,45,1
131,220,202,23,81,1
131,168,202,14,45,1
132,553,187,84,156,1
132,442,189,39,173,1
132,270,193,43,218,1
132,310,181,74,280,1
132,222,204,24,80,1
132,131,207,16,43,1
132,168,203,14,44,1
132,556,183,31,85,1
133,551,188,79,154,1
133,447,192,40,176,1
133,269,192,45,221,1
133,311,183,69,281,1
133,223,206,26,75,1
133,129,206,17,46,1
133,168,202,14,45,1
134,550,188,68,149,1
134,449,195,49,175,1
134,312,183,67,283,1
134,267,192,47,220,1
134,224,207,25,76,1
134,130,205,15,47,1
134,168,201,14,47,1
135,451,193,64,178,1
135,550,186,48,150,1
135,268,192,49,220,1
135,315,183,61,278,1
135,223,199,27,79,1
135,168,202,14,46,1
135,131,206,15,48,1
135,152,207,11,41,1
136,452,198,69,175,1
136,266,191,51,224,1
136,317,182,63,280,1
136,547,193,33,140,1
136,131,206,15,47,1
136,223,201,28,78,1
136,168,202,14,46,1
136,152,207,11,42,1
136,382,193,11,42,1
137,454,196,69,179,1
137,266,189,52,224,1
137,538,188,35,144,1
137,318,181,63,278,1
137,130,205,15,48,1
137,169,202,13,46,1
137,228,204,26,79,1
137,152,209,10,39,1
138,520,186,52,147,1
138,458,195,66,181,1
138,266,190,54,223,1
138,319,180,63,281,1
138,130,205,15,50,1
138,229,204,28,78,1
138,169,202,13,45,1
139,267,189,53,222,1
139,463,191,80,186,1
139,516,191,55,143,1
139,322,177,61,288,1
139,234,203,26,82,1
139,130,206,15,48,1
139,169,201,13,46,1
140,268,190,54,219,1
140,480,190,52,189,1
140,322,179,62,287,1
140,233,209,30,77,1
140,520,190,47,146,1
140,129,204,16,50,1
140,168,201,15,47,1
141,269,192,57,217,1
141,486,187,46,193,1
141,325,178,59,290,1
141,168,202,14,46,1
141,127,203,16,52,1
141,237,210,28,75,1
141,515,187,41,156,1
141,556,185,37,78,1
141,379,191,15,44,1
142,489,183,51,197,1
142,269,190,63,221,1
142,327,180,58,288,1
142,237,203,30,82,1
142,127,205,18,50,1
142,169,202,13,46,1
142,447,198,12,43,1
142,431,190,13,49,1
142,555,183,38,79,1
143,495,192,54,187,1
143,271,191,65,221,1
143,237,201,32,86,1
143,328,178,58,286,1
143,124,202,21,53,1
143,448,198,13,43,1
143,170,202,12,46,1
143,431,190,13,48,1
144,497,190,72,192,1
144,274,192,63,221,1
144,237,201,33,86,1
144,327,181,60,282,1
144,124,203,20,51,1
144,168,203,14,45,1
145,276,192,60,219,1
145,500,194,80,187,1
145,329,176,59,289,1
145,240,201,30,85,1
145,479,192,40,131,1
145,124,204,18,50,1
145,168,203,15,43,1
146,278,191,60,223,1
146,502,196,78,188,1
146,331,180,56,284,1
146,243,204,29,82,1
146,466,197,52,134,1
146,125,204,18,50,1
147,280,189,58,223,1
147,503,194,78,189,1
147,333,180,57,284,1
147,245,201,31,84,1
147,465,195,52,123,1
147,124,204,18,50,1
147,385,194,15,51,1
148,282,189,56,223,1
148,508,194,76,194,1
148,464,194,55,123,1
148,246,201,29,86,1
148,332,177,59,290,1
148,124,204,18,50,1
148,385,195,16,50,1
149,465,194,43,120,1
149,285,191,55,221,1
149,513,193,75,193,1
149,246,199,30,87,1
149,333,182,67,281,1
149,125,203,17,51,1
149,385,195,19,49,1
149,520,187,31,117,1
150,462,191,32,125,1
150,520,190,73,202,1
150,286,188,54,228,1
150,251,200,27,88,1
150,332,182,75,282,1
150,386,195,18,49,1
150,526,186,29,108,1
150,125,201,16,53,1
150,168,201,13,45,1
150,610,210,25,76,1
151,543,184,54,210,1
151,251,200,31,89,1
151,289,188,51,229,1
151,458,196,27,118,1
151,333,180,68,274,1
151,0,304,37,78,1
151,125,203,15,52,1
151,387,196,17,49,1
151,530,184,30,114,1
151,170,204,11,42,1
152,551,182,53,220,1
152,449,195,32,118,1
152,289,188,52,231,1
152,253,200,28,89,1
152,334,180,68,271,1
152,1,261,37,122,1
152,124,204,16,51,1
152,534,185,31,137,1
152,168,203,13,43,1
152,387,194,17,50,1
153,441,194,39,119,1
153,553,184,62,219,1
153,334,184,75,271,1
153,289,186,51,236,1
153,255,202,28,88,1
153,1,206,35,173,1
153,124,204,17,52,1
153,166,202,14,44,1
153,392,197,16,47,1
153,536,183,38,165,1
154,556,187,72,218,1
154,435,195,45,118,1
154,331,185,77,267,1
154,290,186,51,235,1
154,259,200,26,89,1
154,1,172,35,205,1
154,536,180,45,173,1
154,125,204,16,51,1
154,166,204,15,43,1
154,393,194,15,49,1
155,556,191,81,218,1
155,427,194,50,119,1
155,335,184,76,266,1
155,289,188,51,233,1
155,1,177,35,198,1
155,261,201,24,89,1
155,124,204,16,52,1
155,540,183,49,165,1
155,165,203,15,45,1
155,395,195,15,47,1
155,242,214,17,42,1
156,558,190,81,219,1
156,289,186,51,236,1
156,1,176,41,204,1
156,336,185,77,267,1
156,426,193,41,115,1
156,541,184,50,169,1
156,263,206,24,85,1
156,125,205,15,51,1
156,165,203,15,45,1
156,241,211,16,48,1
156,395,194,14,50,1
157,3,181,50,194,1
157,287,188,55,230,1
157,563,188,76,222,1
157,338,185,76,267,1
157,426,196,30,112,1
157,263,204,26,87,1
157,544,187,52,164,1
157,242,213,16,47,1
157,395,193,15,51,1
157,125,204,14,51,1
157,164,202,15,47,1
158,7,180,71,199,1
158,285,182,58,238,1
158,340,183,75,267,1
158,424,195,26,111,1
158,566,192,73,215,1
158,397,194,15,49,1
158,264,200,25,92,1
158,551,182,55,164,1
158,164,202,16,45,1
158,125,205,15,51,1
158,242,209,15,48,1
158,473,196,13,47,1
159,10,183,85,194,1
159,286,182,57,239,1
159,342,182,76,270,1
159,417,196,29,109,1
159,588,182,51,229,1
159,559,181,53,186,1
159,264,199,26,94,1
159,123,205,16,51,1
159,163,202,15,46,1
159,399,196,14,48,1
160,8,179,95,197,1
160,344,181,73,268,1
160,285,183,58,238,1
160,411,195,35,110,1
160,566,178,52,193,1
160,161,202,16,46,1
160,584,178,49,223,1
160,606,172,32,246,1
160,122,205,17,51,1
160,476,195,15,47,1
160,266,200,25,91,1
161,7,179,100,195,1
161,285,182,60,240,1
161,345,178,73,272,1
161,574,176,51,198,1
161,411,197,34,109,1
161,479,196,14,47,1
161,161,203,15,45,1
161,123,206,16,50,1
161,556,188,30,73,1
161,270,200,22,91,1
162,13,180,94,196,1
162,285,186,60,238,1
162,347,181,72,268,1
162,579,175,52,202,1
162,480,196,18,46,1
162,162,202,15,47,1
162,406,198,38,109,1
162,123,206,16,51,1
162,272,202,23,90,1
162,556,188,32,74,1
163,19,181,88,191,1
163,282,186,63,237,1
163,588,173,49,208,1
163,350,180,70,271,1
163,480,197,17,46,1
163,161,203,15,46,1
163,123,207,17,50,1
163,273,201,25,89,1
163,403,204,33,94,1
164,36,180,72,188,1
164,282,188,64,234,1
164,350,179,67,273,1
164,588,174,51,202,1
164,483,196,16,46,1
164,162,203,14,45,1
164,123,207,18,48,1
165,50,182,57,184,1
165,287,183,61,239,1
165,587,178,52,199,1
165,352,178,67,272,1
165,487,196,12,45,1
165,162,202,14,47,1
165,123,207,18,48,1
166,352,177,65,273,1
166,287,183,60,239,1
166,588,180,50,201,1
166,61,180,49,184,1
166,488,196,12,46,1
166,2,281,23,71,1
166,123,206,19,49,1
166,162,200,14,47,1
166,557,186,37,78,1
167,352,178,68,272,1
167,289,185,58,235,1
167,65,178,57,187,1
167,591,192,46,184,1
167,0,265,43,82,1
167,491,194,13,46,1
167,162,202,13,46,1
167,124,206,17,50,1
168,290,187,58,235,1
168,66,179,67,184,1
168,352,179,66,272,1
168,0,194,47,152,1
168,492,194,14,47,1
168,124,205,20,50,1
169,290,188,58,233,1
169,352,176,67,274,1
169,72,179,73,186,1
169,0,196,51,150,1
169,493,196,15,45,1
169,556,188,37,68,1
170,290,187,57,234,1
170,76,180,74,185,1
170,352,179,71,273,1
170,0,194,51,153,1
170,494,194,18,46,1
170,557,185,37,75,1
171,78,193,77,170,1
171,292,187,56,232,1
171,353,178,71,276,1
171,2,203,48,141,1
171,494,194,19,47,1
172,81,189,74,174,1
172,293,188,54,232,1
172,354,179,72,274,1
172,2,198,48,152,1
172,496,193,16,48,1
172,557,182,37,83,1
172,242,211,16,50,1
173,88,183,65,178,1
173,294,189,55,232,1
173,354,178,71,274,1
173,13,192,40,153,1
173,557,185,37,74,1
173,242,209,16,54,1
173,430,189,13,48,1
174,97,182,57,178,1
174,295,190,55,230,1
174,354,175,71,277,1
174,16,197,44,149,1
174,501,192,13,49,1
174,557,186,37,74,1
174,244,212,14,52,1
175,354,177,67,276,1
175,19,196,54,147,1
175,296,189,56,231,1
175,105,184,50,173,1
175,558,185,37,75,1
175,242,210,16,54,1
176,296,189,58,232,1
176,26,197,64,150,1
176,353,175,73,277,1
176,112,182,43,171,1
176,556,183,39,87,1
176,241,209,18,53,1
177,27,198,70,148,1
177,353,176,74,274,1
177,297,189,56,230,1
177,118,183,45,171,1
177,557,188,38,73,1
177,0,204,29,168,1
177,242,210,16,51,1
178,30,199,72,146,1
178,298,186,54,232,1
178,353,179,75,273,1
178,123,183,48,168,1
178,0,197,44,174,1
178,351,199,20,86,1
178,557,190,37,69,1
178,243,210,15,52,1
179,354,176,74,277,1
179,123,182,63,170,1
179,41,195,61,145,1
179,1,200,63,171,1
179,298,188,53,233,1
179,243,209,15,55,1
179,349,198,21,88,1
179,557,190,36,68,1
180,125,184,68,166,1
180,1,201,69,171,1
180,354,179,74,273,1
180,300,189,54,227,1
180,48,195,53,143,1
180,243,210,15,56,1
180,557,186,37,75,1
180,345,196,20,90,1
181,127,184,69,168,1
181,352,181,77,270,1
181,2,199,73,176,1
181,300,188,56,230,1
181,54,197,44,141,1
181,243,207,15,58,1
181,344,197,20,89,1
181,556,185,36,77,1
182,129,187,70,165,1
182,352,182,76,271,1
182,302,188,57,226,1
182,2,199,74,174,1
182,64,194,36,145,1
182,555,184,38,78,1
182,414,195,15,46,1
182,244,210,14,54,1
182,430,188,13,50,1
183,352,181,80,271,1
183,130,186,68,165,1
183,6,198,72,174,1
183,304,189,55,228,1
183,69,194,34,144,1
183,243,211,14,53,1
183,556,188,37,69,1
183,415,194,16,47,1
183,430,189,14,49,1
184,352,183,79,269,1
184,133,188,66,161,1
184,22,198,58,171,1
184,306,189,54,229,1
184,73,194,41,146,1
184,556,184,38,76,1
184,416,194,15,47,1
185,139,183,60,166,1
185,351,182,84,268,1
185,76,195,54,142,1
185,35,196,49,168,1
185,308,188,51,231,1
185,555,184,38,77,1
185,430,188,13,50,1
185,121,207,23,47,1
185,416,193,16,47,1
186,353,182,81,268,1
186,148,183,53,159,1
186,78,197,57,141,1
186,308,186,53,233,1
186,41,195,50,169,1
186,556,186,38,72,1
186,418,193,15,47,1
186,121,206,21,48,1
186,431,189,13,49,1
187,354,177,78,275,1
187,47,197,50,167,1
187,310,184,55,236,1
187,157,178,43,163,1
187,82,196,58,150,1
187,122,205,21,50,1
187,430,190,15,48,1
187,557,184,37,82,1
187,418,192,16,48,1
188,355,179,77,272,1
188,49,198,65,164,1
188,311,183,54,235,1
188,161,180,45,161,1
188,91,197,47,135,1
188,1,188,21,170,1
188,557,184,38,80,1
188,431,190,14,48,1
188,418,194,16,45,1
189,356,179,76,271,1
189,50,198,70,164,1
189,312,184,53,233,1
189,163,178,51,164,1
189,0,190,45,166,1
189,556,186,40,74,1
189,99,206,38,125,1
189,419,194,16,46,1
190,50,200,72,162,1
190,355,177,80,274,1
190,0,192,51,163,1
190,313,181,53,234,1
190,168,178,52,163,1
190,103,202,35,130,1
190,556,182,38,78,1
190,419,194,16,46,1
191,356,179,80,270,1
191,55,199,70,161,1
191,0,200,58,157,1
191,173,182,50,159,1
191,314,181,53,234,1
191,109,194,34,138,1
191,556,182,38,79,1
192,0,195,67,162,1
192,356,180,82,270,1
192,68,200,59,158,1
192,175,182,55,159,1
192,317,177,49,241,1
192,115,199,36,131,1
192,557,182,38,80,1
193,2,196,69,160,1
193,350,178,89,272,1
193,176,187,53,154,1
193,75,199,51,156,1
193,318,181,51,235,1
193,118,206,43,124,1
193,555,182,39,79,1
193,611,209,24,79,1
194,5,195,65,161,1
194,346,181,96,269,1
194,179,186,51,154,1
194,120,214,55,116,1
194,82,196,45,159,1
194,317,177,51,238,1
194,610,208,24,79,1
194,242,210,15,51,1
195,12,193,60,159,1
195,337,182,106,270,1
195,184,187,46,151,1
195,120,210,59,121,1
195,84,198,47,155,1
195,318,179,50,236,1
195,556,183,39,77,1
196,346,183,97,267,1
196,22,196,50,156,1
196,189,183,42,156,1
196,317,186,52,230,1
196,127,207,54,127,1
196,91,197,45,158,1
196,555,181,39,80,1
196,309,195,16,63,1
196,610,210,24,77,1
197,342,183,103,267,1
197,26,191,51,160,1
197,97,197,58,156,1
197,318,185,51,231,1
197,192,183,41,151,1
197,132,200,51,129,1
197,238,207,19,56,1
197,306,198,19,69,1
197,555,184,39,77,1
198,350,185,98,265,1
198,32,191,55,160,1
198,100,201,59,152,1
198,319,185,50,232,1
198,194,183,42,146,1
198,142,211,38,115,1
198,304,198,21,72,1
198,555,183,39,79,1
198,610,208,24,79,1
199,353,184,91,267,1
199,40,194,57,156,1
199,103,202,58,150,1
199,196,186,44,143,1
199,320,187,49,231,1
199,301,203,20,68,1
199,147,208,36,118,1
199,239,205,18,59,1
199,556,182,37,84,1
200,350,184,92,269,1
200,45,195,63,158,1
200,105,204,54,148,1
200,194,186,53,145,1
200,320,185,48,233,1
200,299,201,20,71,1
200,152,208,31,115,1
200,556,183,39,78,1
200,238,208,17,56,1
201,355,177,82,275,1
201,47,194,65,159,1
201,199,183,55,146,1
201,110,204,52,147,1
201,320,188,49,230,1
201,155,205,35,116,1
201,298,201,21,71,1
201,556,185,38,74,1
201,414,198,13,38,1
202,355,178,82,274,1
202,49,194,68,157,1
202,204,186,55,142,1
202,120,200,42,147,1
202,319,186,49,233,1
202,160,203,44,119,1
202,296,201,22,71,1
202,557,186,37,79,1
202,415,197,12,39,1
202,429,190,13,45,1
202,610,209,24,79,1
202,237,206,16,65,1
203,54,193,61,156,1
203,206,190,57,138,1
203,355,180,77,274,1
203,164,202,48,122,1
203,319,187,49,230,1
203,293,200,23,70,1
203,557,185,38,76,1
203,129,195,35,145,1
203,429,190,13,46,1
204,355,174,71,279,1
204,209,185,54,145,1
204,64,193,54,154,1
204,164,199,50,125,1
204,318,187,50,233,1
204,291,201,26,70,1
204,132,195,37,146,1
204,558,189,36,71,1
204,430,191,13,45,1
204,414,197,12,43,1
205,212,184,51,144,1
205,356,176,65,278,1
205,77,192,41,151,1
205,319,186,49,230,1
205,167,200,45,123,1
205,289,199,26,71,1
205,136,195,40,146,1
205,560,188,34,80,1
206,213,183,51,144,1
206,352,176,71,277,1
206,85,191,38,150,1
206,138,198,55,142,1
206,319,186,49,233,1
206,290,197,24,73,1
206,172,200,44,122,1
206,559,188,35,81,1
207,352,176,67,276,1
207,86,192,45,148,1
207,214,182,52,144,1
207,141,197,56,142,1
207,319,185,48,230,1
207,287,197,24,73,1
207,182,198,37,119,1
207,560,187,34,81,1
208,348,176,70,278,1
208,91,192,48,147,1
208,143,201,54,138,1
208,221,183,46,143,1
208,318,188,47,231,1
208,187,197,30,121,1
208,286,196,20,72,1
208,560,187,34,78,1
209,349,177,69,274,1
209,144,201,55,139,1
209,93,194,53,144,1
209,226,183,40,141,1
209,322,188,43,229,1
209,190,200,33,116,1
209,284,196,19,72,1
209,560,187,35,80,1
210,97,195,54,144,1
210,345,176,72,280,1
210,149,199,50,140,1
210,227,185,40,138,1
210,322,190,42,226,1
210,195,199,33,118,1
210,282,198,19,70,1
210,559,187,35,75,1
211,97,196,63,143,1
211,153,198,47,140,1
211,345,181,72,273,1
211,231,184,37,136,1
211,196,199,45,118,1
211,281,201,21,65,1
211,321,185,42,233,1
211,559,187,35,77,1
212,99,194,63,144,1
212,344,180,73,278,1
212,197,199,51,120,1
212,159,196,40,141,1
212,234,185,38,136,1
212,282,199,19,67,1
212,323,186,41,231,1
212,559,187,35,78,1
213,110,196,55,140,1
213,345,178,67,283,1
213,199,200,51,118,1
213,234,181,40,139,1
213,280,199,19,67,1
213,167,198,35,136,1
213,322,205,42,210,1
214,118,196,46,137,1
214,345,179,61,280,1
214,201,203,46,115,1
214,238,183,39,137,1
214,165,199,43,135,1
214,566,140,72,275,1
214,277,198,19,68,1
214,324,191,40,227,1
215,169,198,45,137,1
215,126,197,39,134,1
215,348,179,61,285,1
215,239,184,40,138,1
215,325,196,39,222,1
215,206,204,45,112,1
215,276,196,17,68,1
215,531,144,108,300,1
216,486,135,153,320,1
216,174,196,49,138,1
216,128,196,40,137,1
216,326,187,42,232,1
216,350,175,64,284,1
216,214,199,36,113,1
216,244,192,36,130,1
216,276,196,17,66,1
216,395,185,48,160,1
217,179,199,48,135,1
217,460,136,173,317,1
217,132,200,38,130,1
217,327,186,46,233,1
217,244,186,37,133,1
217,226,204,25,107,1
217,276,197,15,68,1
217,358,178,54,217,1
217,612,209,23,78,1
218,177,199,52,136,1
218,431,137,156,308,1
218,136,198,42,136,1
218,246,185,38,133,1
218,362,176,55,192,1
218,328,187,46,172,1
218,230,196,26,120,1
219,181,198,49,138,1
219,140,200,43,133,1
219,403,142,136,301,1
219,363,175,54,207,1
219,329,184,49,191,1
219,247,184,39,133,1
219,229,195,34,118,1
220,182,197,50,137,1
220,142,201,45,131,1
220,329,188,54,197,1
220,377,157,119,287,1
220,232,196,35,116,1
220,252,193,34,123,1
220,557,185,38,76,1
221,430,190,56,146,1
221,144,198,47,132,1
221,340,161,112,282,1
221,186,198,45,133,1
221,254,190,33,123,1
221,232,197,39,117,1
221,115,224,25,59,1
221,558,184,37,78,1
222,192,199,39,131,1
222,433,193,52,143,1
222,108,225,28,60,1
222,310,156,108,294,1
222,148,196,43,130,1
222,257,192,32,120,1
222,236,197,39,120,1
222,393,183,55,185,1
223,373,185,79,284,1
223,442,191,44,144,1
223,153,199,40,124,1
223,259,187,34,125,1
223,234,199,44,116,1
223,286,153,102,293,1
223,246,191,40,123,1
223,103,226,26,64,1
223,198,192,33,136,1
223,558,184,37,78,1
224,159,201,36,114,1
224,99,226,28,65,1
224,378,178,66,284,1
224,447,191,39,143,1
224,239,205,42,110,1
224,264,145,106,312,1
224,558,185,36,79,1
224,201,200,33,127,1
225,93,229,29,66,1
225,342,187,55,245,1
225,381,181,70,286,1
225,451,190,39,147,1
225,160,194,39,125,1
225,237,147,112,318,1
225,211,197,27,131,1
225,193,207,25,80,1
225,560,187,34,81,1
226,452,188,42,150,1
226,375,180,97,290,1
226,86,232,30,60,1
226,343,191,60,237,1
226,217,157,106,310,1
226,165,198,39,118,1
226,559,184,36,86,1
226,125,206,16,48,1
226,362,448,54,29,1
227,382,179,101,294,1
227,456,189,40,151,1
227,345,188,57,238,1
227,82,232,29,59,1
227,165,197,36,122,1
227,273,192,18,76,1
227,124,205,17,50,1
227,185,161,117,302,1
227,560,187,35,90,1
228,458,188,41,154,1
228,384,181,104,292,1
228,351,188,55,238,1
228,78,234,29,57,1
228,264,189,35,124,1
228,157,173,121,292,1
228,124,203,19,51,1
229,461,194,47,152,1
229,385,186,104,288,1
229,356,189,53,237,1
229,72,230,30,60,1
229,264,191,36,121,1
229,128,169,126,299,1
229,224,201,40,125,1
229,124,205,18,48,1
230,465,190,58,159,1
230,387,181,98,294,1
230,220,197,45,129,1
230,361,188,51,239,1
230,265,194,39,115,1
230,112,173,121,296,1
230,64,236,33,51,1
230,192,194,18,59,1
231,467,193,58,159,1
231,392,180,96,293,1
231,364,187,52,247,1
231,219,198,45,129,1
231,265,198,41,111,1
231,93,165,121,305,1
231,59,232,34,62,1
231,184,194,35,117,1
232,472,191,56,164,1
232,396,176,97,298,1
232,367,186,53,243,1
232,72,166,132,295,1
232,225,196,38,127,1
232,268,192,39,119,1
232,181,194,38,118,1
232,55,234,31,61,1
233,403,180,89,293,1
233,478,190,48,164,1
233,369,189,54,244,1
233,51,167,133,310,1
233,182,196,40,118,1
233,234,194,33,131,1
233,270,194,36,116,1
233,165,207,26,72,1
234,34,174,134,302,1
234,372,192,54,244,1
234,415,178,84,294,1
234,487,190,42,165,1
234,236,193,35,134,1
234,192,194,31,120,1
234,274,188,33,122,1
234,162,205,26,78,1
235,11,174,136,298,1
235,373,200,56,243,1
235,493,183,38,172,1
235,425,183,78,287,1
235,238,194,38,130,1
235,275,190,30,120,1
235,194,194,31,118,1
235,155,211,28,76,1
235,139,222,21,61,1
236,0,184,133,291,1
236,376,201,55,248,1
236,498,184,40,171,1
236,431,177,79,291,1
236,241,194,39,130,1
236,193,193,34,120,1
236,276,191,31,120,1
236,153,209,28,82,1
236,359,210,21,53,1
236,559,187,36,78,1
237,379,195,56,252,1
237,1,178,116,300,1
237,242,195,42,130,1
237,501,183,41,168,1
237,197,196,33,118,1
237,148,212,30,79,1
237,436,182,78,281,1
237,278,192,30,118,1
238,380,185,59,264,1
238,0,173,101,303,1
238,504,183,50,175,1
238,245,194,38,132,1
238,442,178,77,288,1
238,199,199,34,112,1
238,279,194,29,118,1
238,145,212,28,82,1
238,611,209,24,79,1
239,506,182,65,176,1
239,383,186,59,266,1
239,1,172,91,303,1
239,247,194,38,131,1
239,444,176,76,298,1
239,200,198,36,112,1
239,280,191,27,119,1
239,141,214,28,81,1
239,299,205,30,95,1
239,363,196,18,66,1
239,121,213,24,75,1
240,510,185,70,177,1
240,447,175,82,298,1
240,386,192,57,262,1
240,204,202,35,108,1
240,251,193,35,131,1
240,136,212,28,85,1
240,1,185,75,292,1
240,280,194,27,117,1
240,362,195,19,67,1
240,299,212,33,87,1
240,119,215,23,73,1
241,515,185,68,183,1
241,450,174,88,301,1
241,389,198,58,254,1
241,206,194,34,118,1
241,2,227,62,246,1
241,300,200,35,102,1
241,257,195,32,126,1
241,129,216,29,81,1
241,282,197,24,111,1
241,364,194,18,68,1
242,521,186,61,184,1
242,208,195,36,115,1
242,451,176,94,298,1
242,394,194,55,253,1
242,261,195,29,125,1
242,127,212,30,87,1
242,0,240,55,189,1
242,304,207,29,92,1
242,285,197,23,112,1
242,10,240,25,42,1
243,397,193,55,253,1
243,454,182,95,292,1
243,528,188,57,183,1
243,209,199,41,109,1
243,296,205,38,97,1
243,116,218,34,82,1
243,264,194,33,127,1
243,362,199,22,62,1
243,285,198,22,104,1
243,1,241,25,43,1
244,531,186,53,186,1
244,264,198,45,124,1
244,212,198,42,110,1
244,456,180,97,292,1
244,397,189,63,266,1
244,305,203,30,97,1
244,0,238,22,57,1
244,113,218,33,83,1
244,361,198,21,64,1
245,399,188,62,262,1
245,212,199,41,109,1
245,538,184,48,190,1
245,265,199,46,123,1
245,105,219,34,82,1
245,471,180,89,293,1
245,310,205,26,94,1
245,0,244,16,42,1
245,566,182,31,101,1
246,399,189,64,263,1
246,266,198,47,123,1
246,214,197,41,113,1
246,543,183,47,190,1
246,461,174,101,299,1
246,102,212,31,93,1
246,314,202,26,98,1
246,242,202,15,50,1
247,401,187,67,263,1
247,267,203,45,119,1
247,460,175,98,296,1
247,215,197,40,113,1
247,546,183,51,165,1
247,99,211,30,98,1
247,317,199,27,101,1
248,402,187,71,264,1
248,271,202,43,120,1
248,218,198,37,113,1
248,547,178,55,171,1
248,462,172,98,300,1
248,317,201,36,99,1
248,94,208,29,102,1
248,364,194,19,66,1
249,405,188,73,264,1
249,219,194,38,118,1
249,552,179,59,213,1
249,318,204,41,96,1
249,278,200,35,119,1
249,478,173,93,295,1
249,84,209,33,100,1
249,456,180,54,255,1
249,361,194,22,65,1
250,410,184,70,269,1
250,76,212,34,103,1
250,555,181,70,217,1
250,224,195,32,115,1
250,318,201,43,99,1
250,279,198,39,124,1
250,359,193,25,67,1
250,496,167,74,265,1
250,458,179,60,250,1
251,419,183,64,269,1
251,227,194,29,116,1
251,321,205,41,96,1
251,559,184,73,217,1
251,285,197,36,125,1
251,70,211,35,106,1
251,500,164,70,276,1
251,464,179,55,240,1
251,361,194,23,67,1
252,429,185,58,266,1
252,229,196,30,115,1
252,565,182,73,224,1
252,60,219,39,97,1
252,288,198,40,123,1
252,329,206,33,94,1
252,480,169,87,264,1
252,362,195,22,66,1
253,434,183,57,286,1
253,291,198,47,123,1
253,568,190,69,214,1
253,52,217,41,108,1
253,231,197,32,114,1
253,490,167,87,274,1
253,334,208,29,93,1
253,364,195,21,67,1
254,295,200,50,120,1
254,438,185,58,280,1
254,44,216,42,108,1
254,231,196,40,114,1
254,580,178,56,226,1
254,495,165,88,273,1
254,338,205,26,95,1
254,364,197,20,65,1
255,439,188,74,278,1
255,296,202,50,119,1
255,233,195,44,116,1
255,34,215,41,108,1
255,588,173,51,225,1
255,503,167,89,303,1
255,344,213,25,86,1
255,488,184,42,238,1
255,365,198,21,61,1
255,290,197,24,117,1
256,438,188,78,280,1
256,235,194,44,117,1
256,296,201,52,119,1
256,596,169,42,231,1
256,25,222,42,103,1
256,505,166,85,299,1
256,344,206,27,94,1
256,364,194,22,67,1
256,290,198,25,112,1
256,489,179,43,240,1
257,438,187,80,280,1
257,297,206,54,115,1
257,237,196,43,114,1
257,15,223,46,102,1
257,344,202,35,99,1
257,510,166,86,310,1
257,604,166,35,239,1
257,289,196,27,116,1
258,440,188,81,279,1
258,239,194,40,115,1
258,299,202,50,117,1
258,346,204,35,94,1
258,517,169,97,300,1
258,7,218,48,104,1
258,608,170,31,231,1
258,227,201,16,53,1
258,289,195,30,116,1
258,188,203,10,33,1
258,499,180,43,244,1
259,442,188,84,281,1
259,300,201,52,118,1
259,243,195,36,114,1
259,527,168,98,308,1
259,347,196,36,105,1
259,3,229,45,101,1
259,290,193,29,118,1
259,226,203,18,50,1
259,501,185,43,235,1
259,612,173,27,218,1
259,188,202,10,34,1
260,445,186,85,282,1
260,304,200,47,116,1
260,246,193,35,114,1
260,528,173,101,300,1
260,348,204,35,96,1
260,3,217,39,113,1
260,225,203,16,51,1
260,290,191,30,119,1
260,506,186,44,236,1
261,448,186,85,284,1
261,249,193,32,112,1
261,312,201,40,117,1
261,349,202,34,97,1
261,530,164,93,306,1
261,291,192,29,117,1
261,1,230,33,103,1
261,224,202,16,50,1
261,507,187,50,245,1
262,455,186,85,285,1
262,351,204,33,94,1
262,532,166,101,304,1
262,253,193,31,112,1
262,318,199,38,118,1
262,293,188,30,121,1
262,5,237,22,97,1
262,513,187,51,242,1
262,223,200,17,53,1
262,10,237,17,65,1
263,355,207,32,92,1
263,537,165,98,303,1
263,470,184,71,285,1
263,256,192,30,114,1
263,322,199,34,120,1
263,513,190,54,256,1
263,222,202,17,50,1
263,1,234,21,57,1
263,296,188,28,124,1
264,481,185,61,289,1
264,258,193,38,112,1
264,538,169,101,302,1
264,220,204,17,49,1
264,358,205,32,92,1
264,524,184,50,260,1
264,327,200,32,119,1
264,300,184,27,129,1
264,189,202,10,35,1
265,483,183,63,290,1
265,259,194,42,109,1
265,220,202,17,50,1
265,525,183,57,260,1
265,325,198,41,121,1
265,545,168,94,295,1
265,363,202,28,95,1
265,301,184,26,128,1
265,235,200,15,38,1
265,189,202,11,35,1
265,498,181,66,284,1
266,483,185,70,289,1
266,261,198,43,104,1
266,219,202,16,49,1
266,329,203,45,117,1
266,527,184,62,264,1
266,553,166,84,306,1
266,304,193,27,119,1
266,365,202,27,96,1
266,189,202,11,36,1
266,235,201,14,39,1
266,137,205,13,47,1
267,483,186,75,288,1
267,263,201,41,102,1
267,532,181,62,274,1
267,333,202,43,117,1
267,218,201,16,50,1
267,562,160,77,310,1
267,364,199,30,98,1
267,189,201,11,37,1
267,235,202,13,38,1
267,302,196,32,114,1
268,484,182,74,294,1
268,265,196,42,109,1
268,332,201,48,118,1
268,582,156,57,322,1
268,218,202,15,48,1
268,533,182,65,273,1
268,367,196,28,100,1
268,303,189,36,124,1
268,190,202,11,37,1
268,235,202,12,38,1
269,486,186,78,288,1
269,266,195,40,110,1
269,334,202,45,118,1
269,588,159,51,320,1
269,219,203,14,46,1
269,537,182,61,279,1
269,305,197,40,118,1
269,369,196,28,101,1
269,190,202,11,37,1
269,236,202,11,37,1
270,489,183,83,288,1
270,267,194,41,111,1
270,593,164,46,312,1
270,218,204,14,45,1
270,304,189,42,126,1
270,338,197,41,122,1
270,539,184,63,272,1
270,370,197,27,102,1
270,190,202,10,36,1
270,121,208,18,45,1
271,492,182,85,288,1
271,270,195,40,109,1
271,544,183,63,273,1
271,600,168,39,306,1
271,304,197,44,117,1
271,342,195,40,123,1
271,218,203,15,47,1
271,371,199,24,103,1
271,190,202,12,36,1
271,137,205,13,48,1
272,276,195,35,109,1
272,501,179,76,291,1
272,546,182,67,271,1
272,217,202,14,49,1
272,305,199,42,114,1
272,607,178,30,293,1
272,347,197,35,120,1
272,373,195,23,105,1
272,190,202,12,37,1
272,235,202,11,38,1
273,283,194,30,110,1
273,515,180,71,289,1
273,551,182,65,273,1
273,306,197,43,114,1
273,217,202,15,49,1
273,614,209,25,208,1
273,374,194,28,108,1
273,190,200,12,38,1
273,353,200,35,118,1
273,234,202,12,38,1
274,517,179,67,294,1
274,216,202,15,47,1
274,285,196,31,105,1
274,549,184,71,278,1
274,313,192,35,118,1
274,373,193,28,107,1
274,190,201,11,37,1
274,235,201,14,39,1
274,362,195,32,113,1
275,518,178,65,292,1
275,289,196,29,105,1
275,557,179,69,278,1
275,316,193,34,118,1
275,216,202,15,47,1
275,235,202,14,38,1
275,373,194,29,109,1
275,361,196,34,120,1
275,190,201,12,37,1
275,138,204,13,48,1
276,519,181,72,292,1
276,562,180,66,285,1
276,291,194,29,108,1
276,215,202,16,46,1
276,361,194,36,124,1
276,236,200,14,41,1
276,323,188,29,121,1
276,138,204,12,48,1
276,190,201,12,38,1
277,518,183,77,290,1
277,292,194,33,108,1
277,567,176,66,289,1
277,214,204,15,45,1
277,325,189,30,120,1
277,235,200,14,41,1
277,361,196,37,122,1
277,138,204,13,48,1
277,374,196,30,112,1
277,190,201,11,37,1
278,520,178,80,295,1
278,292,196,35,107,1
278,360,195,41,124,1
278,565,184,69,281,1
278,328,192,30,117,1
278,213,204,16,44,1
278,236,199,14,41,1
278,138,205,13,47,1
279,519,179,95,292,1
279,296,197,32,105,1
279,363,195,40,124,1
279,212,204,16,45,1
279,329,193,35,118,1
279,235,199,15,43,1
279,138,205,13,47,1
279,190,201,11,37,1
279,578,179,61,259,1
280,521,177,101,295,1
280,296,193,34,109,1
280,362,195,45,123,1
280,330,192,42,119,1
280,235,198,15,43,1
280,212,202,15,46,1
280,138,204,13,48,1
280,190,201,11,37,1
280,585,174,53,273,1
281,523,178,99,295,1
281,300,195,32,108,1
281,368,194,40,122,1
281,331,195,44,115,1
281,211,203,15,45,1
281,585,165,54,287,1
281,236,198,15,42,1
281,139,204,13,48,1
281,190,201,12,37,1
282,530,177,98,297,1
282,370,194,41,121,1
282,305,194,29,107,1
282,332,198,45,110,1
282,212,202,14,46,1
282,236,199,15,41,1
282,138,204,14,49,1
282,592,179,47,261,1
283,545,174,80,298,1
283,332,200,46,109,1
283,374,194,39,123,1
283,308,197,30,102,1
283,212,204,15,44,1
283,236,201,14,40,1
283,139,203,13,49,1
284,552,175,72,301,1
284,375,194,40,122,1
284,330,197,50,112,1
284,311,197,29,102,1
284,212,204,14,44,1
284,139,205,13,49,1
285,377,194,43,124,1
285,556,178,74,296,1
285,332,192,48,118,1
285,311,195,30,103,1
285,210,204,14,43,1
285,237,199,14,43,1
285,139,204,13,48,1
286,559,175,72,298,1
286,379,195,49,123,1
286,313,194,33,106,1
286,335,195,44,114,1
286,209,203,15,44,1
286,138,204,13,48,1
286,555,181,27,72,1
286,237,198,13,43,1
287,559,176,77,298,1
287,381,196,47,121,1
287,312,197,35,102,1
287,339,200,42,110,1
287,209,204,15,43,1
287,557,180,28,78,1
287,138,205,13,47,1
287,237,199,13,42,1
288,383,196,47,121,1
288,315,197,38,103,1
288,560,172,79,302,1
288,209,202,14,44,1
288,237,199,14,43,1
288,345,195,36,112,1
288,138,204,13,49,1
289,382,195,47,123,1
289,557,176,82,297,1
289,316,203,38,94,1
289,347,198,32,111,1
289,238,200,14,42,1
289,209,202,13,44,1
289,306,215,15,42,1
290,555,177,84,296,1
290,385,198,45,119,1
290,318,202,37,96,1
290,350,198,30,110,1
290,238,200,14,42,1
290,209,203,14,44,1
290,306,213,19,45,1
290,138,207,14,44,1
291,556,176,83,299,1
291,389,194,46,123,1
291,319,201,38,97,1
291,238,201,14,41,1
291,209,203,12,43,1
291,305,217,20,41,1
291,354,191,28,118,1
291,138,205,13,48,1
292,321,200,37,98,1
292,556,177,83,300,1
292,392,195,42,122,1
292,238,200,15,42,1
292,358,195,27,114,1
292,209,203,12,44,1
292,138,204,13,50,1
292,303,217,24,41,1
293,325,202,33,96,1
293,560,178,79,296,1
293,399,194,36,121,1
293,358,195,29,114,1
293,239,200,14,42,1
293,208,203,13,43,1
293,138,203,13,50,1
294,563,176,75,297,1
294,327,202,31,94,1
294,359,195,32,113,1
294,402,195,34,119,1
294,208,204,13,42,1
294,240,200,13,43,1
294,306,219,17,38,1
294,393,197,33,107,1
294,137,203,13,50,1
295,574,197,65,278,1
295,332,205,28,90,1
295,406,195,33,120,1
295,360,193,32,115,1
295,206,201,14,45,1
295,240,200,13,43,1
295,305,219,17,38,1
295,394,195,22,103,1
295,136,204,15,50,1
296,362,193,33,114,1
296,335,202,26,93,1
296,410,196,34,118,1
296,394,192,25,107,1
296,240,200,14,43,1
296,591,208,47,270,1
296,205,200,15,46,1
296,137,204,14,48,1
297,411,198,37,118,1
297,361,188,35,118,1
297,336,197,29,97,1
297,240,200,13,43,1
297,393,193,29,106,1
297,206,200,14,45,1
297,137,204,15,48,1
297,123,206,17,49,1
297,306,219,18,38,1
298,337,201,29,93,1
298,414,195,36,121,1
298,362,194,35,113,1
298,390,191,32,109,1
298,240,200,13,44,1
298,206,200,14,45,1
298,124,206,16,50,1
298,137,207,14,45,1
299,415,195,36,121,1
299,339,203,29,93,1
299,365,197,34,108,1
299,391,197,32,102,1
299,239,200,14,45,1
299,124,207,16,48,1
299,206,201,14,44,1
299,137,207,14,46,1
300,340,201,32,94,1
300,417,195,35,120,1
300,371,196,29,108,1
300,395,198,29,102,1
300,240,200,13,45,1
300,207,201,13,43,1
300,124,207,16,48,1
300,137,209,15,44,1
