1,434,187,77,153,0.084133
1,176,174,73,145,0.084133
1,599,165,37,128,0.084133
2,435,187,76,152,0.0578643
2,176,174,73,145,0.0578643
2,600,171,35,123,0.0578643
3,440,185,77,153,0.059719
3,177,175,72,145,0.059719
3,600,171,35,122,0.059719
4,441,181,78,157,0.0580688
4,180,178,69,137,0.0580688
4,600,169,35,122,0.0580688
4,139,201,59,119,0.0580688
5,443,182,78,157,0.0628273
5,600,169,35,122,0.0628273
5,176,174,73,145,0.0628273
5,140,207,58,114,0.0628273
6,446,182,78,156,0.0596216
6,600,169,35,122,0.0596216
6,141,213,54,107,0.0596216
6,175,173,74,149,0.0596216
7,445,179,81,162,0.0630261
7,180,180,68,135,0.0630261
7,143,214,53,106,0.0630261
7,599,166,36,125,0.0630261
8,448,178,82,165,0.0716073
8,178,178,68,136,0.0716073
8,600,169,35,122,0.0716073
8,143,209,58,115,0.0716073
9,460,173,86,174,0.0597962
9,599,166,36,125,0.0597962
9,144,209,57,114,0.0597962
10,458,175,90,178,0.0610557
10,145,209,57,114,0.0610557
10,599,165,37,128,0.0610557
10,180,185,64,128,0.0610557
11,462,176,90,180,0.0596279
11,178,183,66,131,0.0596279
11,599,164,36,129,0.0596279
11,144,207,58,117,0.0596279
12,462,176,90,180,0.0806002
12,163,168,75,151,0.0806002
13,471,175,91,182,0.0584869
13,162,168,75,151,0.0584869
13,599,169,36,124,0.0584869
13,145,208,58,117,0.0584869
14,165,170,74,148,0.0633744
14,471,175,90,182,0.0633744
14,599,165,37,128,0.0633744
14,144,208,59,118,0.0633744
15,470,172,93,186,0.0655797
15,167,172,74,148,0.0655797
15,144,208,59,118,0.0655797
15,600,171,35,120,0.0655797
16,471,172,94,188,0.0621176
16,167,171,74,147,0.0621176
16,144,207,59,118,0.0621176
16,600,171,35,120,0.0621176
17,480,169,95,190,0.0587527
17,168,174,74,147,0.0587527
17,601,172,34,118,0.0587527
17,146,208,60,120,0.0587527
18,487,169,94,189,0.0602256
18,168,173,74,148,0.0602256
18,599,169,36,124,0.0602256
18,145,207,60,119,0.0602256
19,486,161,99,199,0.0731188
19,168,174,74,147,0.0731188
19,599,169,36,124,0.0731188
19,145,207,60,119,0.0731188
20,482,169,91,183,0.0585674
20,166,170,76,152,0.0585674
20,599,165,37,128,0.0585674
21,484,169,93,185,0.0586919
21,173,179,70,139,0.0586919
21,600,171,35,120,0.0586919
21,146,207,60,120,0.0586919
22,130,139,95,190,0.0720139
22,490,170,90,181,0.0720139
22,177,181,68,137,0.0720139
22,599,166,37,133,0.0720139
23,497,161,101,202,0.0672872
23,169,171,74,150,0.0672872
23,146,205,60,119,0.0672872
23,599,165,37,128,0.0672872
24,501,151,109,218,0.0674065
24,169,171,74,150,0.0674065
24,146,205,60,119,0.0674065
24,599,165,37,128,0.0674065
25,503,158,105,210,0.0598758
25,600,171,35,120,0.0598758
25,146,207,61,121,0.0598758
25,177,175,73,146,0.0598758
26,503,168,98,195,0.068467
26,179,177,71,142,0.068467
26,146,207,61,121,0.068467
26,600,171,35,120,0.068467
27,505,166,99,198,0.0601365
27,179,178,70,141,0.0601365
27,145,204,62,124,0.0601365
27,600,171,35,120,0.0601365
28,510,168,99,198,0.0656336
28,169,170,75,151,0.0656336
28,146,207,59,118,0.0656336
29,506,164,102,204,0.0645091
29,180,177,71,142,0.0645091
29,146,207,62,122,0.0645091
30,506,163,104,207,0.0577795
30,180,177,72,144,0.0577795
30,148,216,57,113,0.0577795
31,512,169,98,197,0.0582078
31,180,175,72,145,0.0582078
31,600,166,35,125,0.0582078
31,146,210,59,117,0.0582078
32,511,173,99,198,0.0726094
32,182,177,71,142,0.0726094
32,600,166,35,125,0.0726094
33,514,170,101,202,0.0685647
33,184,181,70,140,0.0685647
33,604,167,32,118,0.0685647
34,516,170,104,207,0.0619665
34,184,179,71,142,0.0619665
35,518,170,107,213,0.0623664
35,185,179,70,140,0.0623664
36,525,181,96,191,0.0632676
36,186,182,70,138,0.0632676
36,146,201,66,134,0.0632676
37,529,192,90,181,0.0673276
37,186,181,70,141,0.0673276
38,529,174,98,199,0.066445
38,187,183,68,136,0.066445
39,535,175,94,198,0.068963
39,187,182,70,138,0.068963
39,149,194,66,134,0.068963
40,538,175,90,198,0.0638938
40,188,184,69,137,0.0638938
41,541,178,88,194,0.0609748
41,188,181,70,138,0.0609748
42,189,184,69,138,0.0660246
42,146,201,66,134,0.0660246
42,552,176,78,174,0.0660246
43,554,179,77,182,0.0729889
43,189,185,67,135,0.0729889
43,144,193,72,144,0.0729889
44,188,184,68,136,0.0785701
45,557,163,74,218,0.0593448
45,189,186,68,135,0.0593448
46,562,163,70,218,0.0592345
46,191,187,66,133,0.0592345
46,148,221,57,113,0.0592345
47,564,155,67,234,0.0580731
47,192,188,66,132,0.0580731
47,146,211,62,125,0.0580731
48,569,162,63,227,0.0680748
48,191,184,68,135,0.0680748
48,146,211,62,125,0.0680748
49,192,182,68,137,0.055215
49,569,162,63,227,0.055215
49,147,222,57,114,0.055215
50,564,159,67,239,0.0639753
50,191,183,69,137,0.0639753
50,148,224,57,113,0.0639753
51,193,184,66,133,0.0724153
51,147,212,62,125,0.0724153
51,564,156,67,242,0.0724153
52,570,161,62,226,0.0670304
52,192,183,67,135,0.0670304
52,144,193,72,144,0.0670304
53,570,159,62,222,0.0612752
53,192,182,69,137,0.0612752
54,573,165,59,214,0.0804621
54,194,182,67,134,0.0804621
55,580,184,54,194,0.0741574
55,192,179,70,139,0.0741574
56,584,205,50,186,0.0616554
56,190,180,70,139,0.0616554
57,189,180,70,140,0.0616063
57,609,169,28,110,0.0616063
58,191,180,70,139,0.0574596
58,609,165,28,110,0.0574596
59,576,191,57,204,0.0597897
59,189,181,70,140,0.0597897
60,582,204,51,186,0.0608534
60,190,181,70,139,0.0608534
61,192,181,70,139,0.0547765
61,600,172,35,122,0.0547765
62,192,180,70,139,0.0569216
62,599,169,36,124,0.0569216
63,189,181,70,139,0.0708368
63,599,165,37,128,0.0708368
64,189,182,69,138,0.0606144
64,599,164,36,129,0.0606144
65,190,182,70,140,0.0577258
65,599,164,36,129,0.0577258
66,189,183,69,138,0.0674969
66,599,164,36,129,0.0674969
67,189,181,70,139,0.0613781
67,599,165,37,128,0.0613781
68,189,185,70,138,0.0648301
68,599,164,36,129,0.0648301
69,189,183,69,138,0.0582836
69,599,164,36,129,0.0582836
70,170,176,78,157,0.0569297
70,600,168,35,126,0.0569297
70,218,189,54,109,0.0569297
71,188,180,72,143,0.0785723
71,136,152,103,206,0.0785723
71,600,168,35,126,0.0785723
72,169,172,82,163,0.0588499
72,601,168,34,123,0.0588499
73,165,171,83,166,0.0576767
73,599,165,37,128,0.0576767
73,219,186,57,113,0.0576767
74,176,175,78,156,0.0604078
74,601,170,34,120,0.0604078
75,181,176,76,152,0.0591195
75,601,167,34,122,0.0591195
76,165,171,84,168,0.0561054
76,600,166,35,124,0.0561054
76,222,191,55,110,0.0561054
77,184,178,74,146,0.0615041
77,600,166,35,124,0.0615041
78,160,171,85,170,0.0586183
78,600,166,35,124,0.0586183
78,222,192,56,111,0.0586183
79,163,173,85,169,0.0813522
79,223,191,55,110,0.0813522
79,602,167,34,122,0.0813522
80,164,173,83,166,0.0596614
80,223,188,56,113,0.0596614
80,601,170,34,120,0.0596614
81,166,176,82,164,0.058312
81,222,189,56,113,0.058312
81,600,171,35,123,0.058312
82,161,173,86,172,0.0620314
82,599,165,37,128,0.0620314
82,223,188,56,113,0.0620314
83,163,171,86,171,0.0572496
83,601,167,34,122,0.0572496
83,224,187,58,114,0.0572496
84,161,178,85,170,0.0641731
84,601,167,34,122,0.0641731
84,225,188,58,114,0.0641731
85,162,182,82,164,0.0605776
85,225,189,57,113,0.0605776
85,599,165,37,128,0.0605776
86,165,189,79,158,0.0664801
86,599,169,37,128,0.0664801
86,227,191,56,111,0.0664801
87,163,184,82,162,0.0567155
87,600,166,35,128,0.0567155
87,227,191,56,111,0.0567155
88,164,182,82,164,0.0612
88,599,169,36,124,0.0612
88,226,190,57,113,0.0612
89,161,184,84,168,0.0586493
89,228,191,55,110,0.0586493
89,599,169,36,124,0.0586493
90,162,177,86,174,0.0578518
90,229,190,56,112,0.0578518
90,599,169,36,124,0.0578518
91,161,180,86,174,0.0630354
91,599,169,36,124,0.0630354
91,229,190,57,113,0.0630354
92,160,179,89,178,0.0561329
92,599,169,36,124,0.0561329
92,230,190,57,113,0.0561329
93,160,180,87,175,0.0635452
93,600,171,35,120,0.0635452
93,230,189,57,114,0.0635452
94,161,181,91,183,0.0592471
94,600,171,35,120,0.0592471
94,231,188,57,114,0.0592471
95,164,193,84,168,0.0570027
95,599,169,36,124,0.0570027
95,233,190,56,112,0.0570027
96,158,172,95,191,0.0626581
96,599,165,37,128,0.0626581
96,234,192,57,113,0.0626581
97,153,169,97,194,0.0546596
97,600,171,35,123,0.0546596
97,234,193,56,112,0.0546596
98,155,172,97,194,0.0578869
98,236,192,55,110,0.0578869
98,599,169,36,124,0.0578869
99,157,183,89,177,0.0575118
99,599,169,36,124,0.0575118
99,235,191,56,113,0.0575118
100,599,169,36,124,0.0614335
100,184,191,74,147,0.0614335
100,235,188,58,115,0.0614335
101,188,197,70,140,0.0643762
101,237,191,54,109,0.0643762
101,601,172,34,118,0.0643762
102,195,186,74,146,0.0591366
102,599,170,36,123,0.0591366
103,188,185,75,151,0.0725858
103,237,193,56,111,0.0725858
103,600,171,35,120,0.0725858
104,195,192,71,142,0.0604662
104,599,169,36,124,0.0604662
104,236,192,57,114,0.0604662
105,197,194,70,140,0.0597469
105,600,171,35,120,0.0597469
105,236,191,58,115,0.0597469
106,194,200,70,139,0.0564287
106,600,168,35,126,0.0564287
106,239,194,54,107,0.0564287
107,197,197,70,139,0.0567888
107,600,171,35,120,0.0567888
108,196,201,67,134,0.0610359
108,600,171,35,120,0.0610359
109,194,199,70,141,0.0752705
109,599,169,36,124,0.0752705
110,192,192,74,148,0.0611732
110,599,169,36,124,0.0611732
111,201,187,71,142,0.062381
111,599,169,36,124,0.062381
112,161,192,87,175,0.0697156
112,202,187,70,139,0.0697156
112,600,171,35,123,0.0697156
113,206,188,65,129,0.0605463
113,599,169,36,124,0.0605463
113,165,195,88,176,0.0605463
114,167,199,85,170,0.0603715
114,205,186,66,130,0.0603715
114,600,171,35,120,0.0603715
114,238,191,59,118,0.0603715
115,167,195,87,174,0.0550241
115,599,169,36,124,0.0550241
115,239,191,59,118,0.0550241
116,167,192,87,174,0.0725312
116,600,171,35,120,0.0725312
116,239,192,60,120,0.0725312
117,161,181,93,186,0.0635021
117,600,171,35,120,0.0635021
117,243,198,57,113,0.0635021
118,167,201,84,169,0.0666668
118,240,195,58,117,0.0666668
118,601,172,34,118,0.0666668
119,167,193,89,177,0.0582183
119,243,197,57,114,0.0582183
119,600,171,35,120,0.0582183
120,168,195,88,176,0.0616361
120,601,172,34,118,0.0616361
120,243,196,58,114,0.0616361
121,171,205,83,166,0.0614145
121,242,197,58,115,0.0614145
121,600,171,35,123,0.0614145
122,177,209,78,158,0.0564124
122,600,171,35,120,0.0564124
122,244,192,61,121,0.0564124
123,208,178,80,161,0.0565055
123,181,234,68,135,0.0565055
123,599,169,36,124,0.0565055
123,166,193,55,110,0.0565055
124,184,198,82,163,0.0568471
124,600,172,35,122,0.0568471
124,244,192,61,121,0.0568471
125,174,208,82,163,0.0613804
125,601,173,34,120,0.0613804
125,245,191,61,122,0.0613804
126,172,194,91,182,0.0677292
126,600,171,35,123,0.0677292
127,173,197,89,177,0.0567835
127,599,165,37,128,0.0567835
127,245,193,62,123,0.0567835
128,172,194,90,181,0.0721362
128,601,173,34,120,0.0721362
128,247,191,61,122,0.0721362
129,177,196,87,174,0.0665235
129,600,171,35,123,0.0665235
129,248,195,61,122,0.0665235
130,177,203,85,169,0.059418
130,248,190,63,126,0.059418
130,601,173,34,120,0.059418
131,184,198,82,164,0.0712967
131,247,188,64,128,0.0712967
131,600,171,35,123,0.0712967
132,187,202,80,161,0.0552171
132,600,171,35,123,0.0552171
132,249,198,59,118,0.0552171
133,184,208,79,159,0.0583952
133,249,187,64,128,0.0583952
133,601,173,34,120,0.0583952
134,187,201,81,162,0.05458
134,247,184,66,131,0.05458
134,600,171,35,120,0.05458
135,191,199,80,160,0.0590229
135,245,171,72,144,0.0590229
135,600,171,35,123,0.0590229
136,191,194,81,162,0.0595598
136,248,180,68,136,0.0595598
136,600,171,35,123,0.0595598
137,195,196,80,159,0.0566547
137,250,188,64,128,0.0566547
137,599,169,36,124,0.0566547
138,194,194,80,160,0.058865
138,250,186,66,131,0.058865
138,599,169,36,124,0.058865
139,196,188,82,164,0.0599572
139,252,184,66,130,0.0599572
139,600,171,35,122,0.0599572
140,197,183,85,169,0.0631194
140,602,170,34,119,0.0631194
140,254,190,64,126,0.0631194
141,194,185,85,170,0.0688464
141,257,186,64,127,0.0688464
141,600,170,35,122,0.0688464
142,193,190,83,167,0.0592362
142,602,171,34,120,0.0592362
143,197,184,85,169,0.059855
143,602,172,34,118,0.059855
144,195,187,84,168,0.0650419
144,602,173,34,118,0.0650419
145,196,185,85,170,0.0698244
145,601,172,34,118,0.0698244
146,194,190,83,166,0.0721398
146,601,172,34,118,0.0721398
147,205,180,85,169,0.061686
147,600,171,35,120,0.061686
148,206,181,83,166,0.0729501
148,179,240,70,141,0.0729501
148,600,171,35,120,0.0729501
149,204,179,86,173,0.0636593
149,601,172,34,118,0.0636593
150,215,181,82,163,0.0701026
150,161,178,104,208,0.0701026
150,600,171,35,120,0.0701026
150,280,189,57,113,0.0701026
151,204,180,86,171,0.0592774
151,178,238,72,143,0.0592774
151,282,189,56,112,0.0592774
151,601,172,34,118,0.0592774
152,218,182,79,158,0.0642485
152,163,183,102,203,0.0642485
152,600,171,35,120,0.0642485
152,283,189,57,113,0.0642485
153,206,181,85,170,0.0614449
153,600,171,35,120,0.0614449
154,220,182,78,158,0.0658008
154,599,166,37,133,0.0658008
154,163,183,102,203,0.0658008
154,283,189,57,113,0.0658008
155,161,180,105,210,0.0615843
155,216,180,85,170,0.0615843
155,599,166,37,133,0.0615843
155,284,189,55,110,0.0615843
156,220,181,81,161,0.0565892
156,162,168,109,217,0.0565892
156,599,169,36,124,0.0565892
157,223,186,75,150,0.0545227
157,162,168,109,217,0.0545227
157,599,169,36,124,0.0545227
157,275,191,59,118,0.0545227
158,158,166,113,225,0.0617851
158,222,178,80,161,0.0617851
158,599,169,36,124,0.0617851
158,289,189,57,113,0.0617851
159,162,171,109,218,0.0601588
159,599,165,37,128,0.0601588
159,284,189,61,121,0.0601588
159,224,183,77,154,0.0601588
160,160,171,110,221,0.0582789
160,599,169,37,128,0.0582789
160,284,187,62,122,0.0582789
160,223,182,81,161,0.0582789
161,160,171,110,219,0.0575201
161,226,181,80,161,0.0575201
161,599,169,36,124,0.0575201
161,284,187,62,122,0.0575201
162,224,181,84,168,0.0632466
162,159,177,107,213,0.0632466
162,600,171,35,122,0.0632466
162,284,187,61,121,0.0632466
163,162,181,109,218,0.0670042
163,227,177,85,169,0.0670042
163,599,170,36,127,0.0670042
163,278,197,62,122,0.0670042
164,162,177,110,219,0.061238
164,228,175,85,170,0.061238
164,600,171,35,123,0.061238
165,158,171,116,231,0.057049
165,226,175,87,174,0.057049
165,601,172,34,118,0.057049
165,292,191,56,111,0.057049
166,156,169,119,238,0.0579627
166,230,183,82,163,0.0579627
166,600,171,35,120,0.0579627
167,231,182,83,166,0.0569431
167,275,191,65,130,0.0569431
167,154,166,122,243,0.0569431
167,600,171,35,120,0.0569431
168,154,166,121,242,0.0650843
168,232,184,82,163,0.0650843
168,271,193,67,134,0.0650843
168,599,169,36,124,0.0650843
169,157,169,121,241,0.0659512
169,267,191,68,135,0.0659512
169,600,168,35,126,0.0659512
170,156,172,121,242,0.0630203
170,271,193,69,137,0.0630203
170,232,184,82,163,0.0630203
170,599,166,37,131,0.0630203
171,159,172,119,238,0.0652329
171,232,184,82,163,0.0652329
171,599,169,36,124,0.0652329
171,271,195,67,134,0.0652329
172,157,168,122,242,0.0578629
172,273,192,70,140,0.0578629
172,599,169,37,128,0.0578629
173,156,166,123,246,0.0639399
173,280,191,68,135,0.0639399
173,598,168,38,134,0.0639399
174,160,173,120,240,0.062524
174,234,184,82,163,0.062524
174,282,187,69,138,0.062524
174,599,169,37,128,0.062524
175,160,169,121,242,0.0566748
175,281,195,66,133,0.0566748
175,599,166,37,131,0.0566748
175,233,181,86,171,0.0566748
176,164,170,118,235,0.0637638
176,597,164,38,138,0.0637638
176,234,182,83,166,0.0637638
176,288,182,69,137,0.0637638
177,597,164,38,138,0.0568097
177,237,186,79,159,0.0568097
177,165,170,121,241,0.0568097
177,285,192,65,129,0.0568097
178,174,191,104,208,0.0588269
178,234,182,85,169,0.0588269
178,599,164,36,129,0.0588269
179,173,186,110,221,0.0639793
179,234,182,85,169,0.0639793
179,599,166,36,125,0.0639793
180,232,176,90,180,0.0640826
180,599,165,37,128,0.0640826
181,173,179,114,227,0.0670235
181,284,194,69,138,0.0670235
181,599,166,37,133,0.0670235
181,232,178,88,175,0.0670235
182,232,176,90,180,0.0622543
182,287,204,63,126,0.0622543
182,599,165,37,128,0.0622543
183,234,178,87,174,0.0647186
183,176,182,116,231,0.0647186
183,599,165,37,128,0.0647186
184,599,165,37,128,0.0608907
184,235,181,85,170,0.0608907
185,236,181,84,167,0.0574116
185,599,165,37,128,0.0574116
186,238,181,82,165,0.0592705
186,599,165,37,128,0.0592705
187,237,182,82,163,0.0791302
187,599,165,37,128,0.0791302
188,185,196,110,220,0.0603939
188,241,184,81,162,0.0603939
188,292,189,72,145,0.0603939
188,599,165,37,128,0.0603939
189,298,203,64,128,0.055291
189,186,186,114,227,0.055291
189,599,169,36,124,0.055291
190,241,176,90,180,0.0614945
190,296,187,73,145,0.0614945
190,599,169,36,124,0.0614945
191,242,175,89,178,0.0600287
191,298,202,65,130,0.0600287
191,599,169,36,124,0.0600287
192,243,176,88,176,0.0611046
192,298,206,64,128,0.0611046
192,599,165,37,128,0.0611046
193,242,180,89,178,0.0556491
193,299,206,63,126,0.0556491
193,599,165,37,128,0.0556491
194,240,180,91,182,0.0671434
194,599,166,37,133,0.0671434
194,295,186,74,150,0.0671434
195,233,180,93,186,0.0901629
195,599,169,36,124,0.0901629
196,239,184,90,182,0.0601169
196,599,169,37,128,0.0601169
197,239,176,94,189,0.0623495
197,599,169,36,124,0.0623495
198,241,172,95,190,0.0585334
198,326,192,62,123,0.0585334
198,600,168,35,126,0.0585334
199,243,173,91,182,0.0639324
199,600,168,35,126,0.0639324
199,333,195,57,113,0.0639324
200,248,174,90,180,0.0584783
200,600,168,35,126,0.0584783
201,254,171,93,186,0.0675384
201,188,185,115,229,0.0675384
201,600,163,35,126,0.0675384
202,188,185,115,229,0.0600883
202,599,164,36,129,0.0600883
202,317,225,55,110,0.0600883
202,257,189,86,172,0.0600883
203,257,187,86,174,0.0599601
203,599,166,37,134,0.0599601
203,186,186,118,234,0.0599601
203,336,187,65,130,0.0599601
204,183,186,122,243,0.0555998
204,255,185,90,180,0.0555998
204,599,162,37,134,0.0555998
204,337,189,64,127,0.0555998
205,184,184,124,248,0.0607848
205,254,179,94,186,0.0607848
205,599,166,37,133,0.0607848
206,186,184,123,246,0.0580657
206,256,180,92,183,0.0580657
206,315,182,78,155,0.0580657
206,599,165,37,128,0.0580657
207,189,181,126,251,0.0658947
207,318,205,68,136,0.0658947
207,599,165,37,128,0.0658947
208,187,180,128,257,0.0609589
208,320,207,66,134,0.0609589
208,600,168,35,126,0.0609589
209,187,179,132,259,0.0637867
209,320,201,70,141,0.0637867
209,599,165,37,128,0.0637867
210,186,179,136,259,0.0607929
210,261,165,102,202,0.0607929
210,599,166,37,133,0.0607929
210,320,204,67,134,0.0607929
211,186,179,136,259,0.0595656
211,319,176,82,164,0.0595656
211,265,185,86,173,0.0595656
211,599,164,37,133,0.0595656
212,319,163,89,177,0.0635771
212,265,185,86,173,0.0635771
212,599,166,37,133,0.0635771
213,320,167,87,174,0.0659329
213,598,163,38,138,0.0659329
213,189,173,138,264,0.0659329
214,323,170,85,170,0.0695057
214,598,163,38,138,0.0695057
214,272,197,81,162,0.0695057
214,194,171,136,266,0.0695057
215,320,160,92,183,0.0669696
215,271,190,85,170,0.0669696
215,598,164,38,136,0.0669696
216,329,173,82,165,0.0589387
216,599,164,37,133,0.0589387
216,270,182,89,178,0.0589387
217,332,170,86,172,0.0609997
217,599,165,37,128,0.0609997
217,270,182,89,178,0.0609997
218,336,179,80,162,0.061213
218,599,165,37,128,0.061213
219,197,171,136,266,0.0585378
219,337,182,79,159,0.0585378
219,600,166,35,125,0.0585378
220,201,171,136,266,0.0723598
220,335,165,90,179,0.0723598
220,600,166,35,125,0.0723598
221,338,168,86,174,0.061137
221,239,315,66,133,0.061137
221,601,169,34,123,0.061137
222,601,173,34,120,0.0848165
222,343,178,80,160,0.0848165
223,342,180,82,164,0.0586735
223,599,170,36,127,0.0586735
224,205,175,134,262,0.0734827
224,344,176,82,165,0.0734827
224,599,165,36,130,0.0734827
225,205,168,138,268,0.063202
225,345,171,86,171,0.063202
225,600,168,35,126,0.063202
226,205,175,134,262,0.059517
226,350,179,80,160,0.059517
226,599,170,36,127,0.059517
227,208,163,140,273,0.0704247
227,596,162,39,142,0.0704247
227,352,182,78,157,0.0704247
227,277,185,88,176,0.0704247
227,359,230,59,118,0.0704247
228,208,163,140,273,0.0587436
228,354,201,73,146,0.0587436
228,598,163,38,138,0.0587436
229,354,199,74,149,0.0593983
229,599,164,37,138,0.0593983
230,214,152,146,282,0.0607889
230,357,200,74,146,0.0607889
230,598,164,38,136,0.0607889
231,213,158,142,277,0.0604078
231,359,201,73,146,0.0604078
231,6,87,49,193,0.0604078
231,600,171,35,120,0.0604078
232,358,198,74,149,0.0617041
232,6,87,49,193,0.0617041
232,284,184,83,167,0.0617041
232,599,166,37,133,0.0617041
233,222,161,141,274,0.0730769
233,361,199,75,151,0.0730769
233,599,169,37,128,0.0730769
234,222,161,141,274,0.0784821
234,361,196,78,155,0.0784821
234,598,164,38,136,0.0784821
235,217,147,149,286,0.0611483
235,360,182,85,169,0.0611483
235,596,163,39,139,0.0611483
236,219,146,149,287,0.0625008
236,366,191,80,159,0.0625008
236,599,164,37,133,0.0625008
236,187,174,56,112,0.0625008
237,216,153,147,282,0.059533
237,368,198,78,155,0.059533
237,599,167,37,130,0.059533
237,188,176,56,112,0.059533
238,220,146,150,287,0.0615583
238,370,193,79,159,0.0615583
238,599,167,37,130,0.0615583
238,189,175,56,112,0.0615583
239,225,149,149,285,0.070676
239,367,170,91,182,0.070676
239,598,168,38,133,0.070676
239,188,175,57,114,0.070676
240,368,172,90,179,0.0570658
240,234,166,139,270,0.0570658
240,600,171,35,120,0.0570658
240,189,176,56,113,0.0570658
241,234,166,139,270,0.0588473
241,373,188,82,163,0.0588473
241,190,177,57,114,0.0588473
241,597,167,38,134,0.0588473
242,227,146,150,287,0.0590155
242,376,193,79,158,0.0590155
242,192,176,57,113,0.0590155
242,597,167,38,134,0.0590155
243,239,154,148,281,0.05534
243,377,194,79,158,0.05534
243,599,166,37,133,0.05534
243,192,179,55,110,0.05534
244,245,188,131,251,0.0615688
244,381,211,73,145,0.0615688
244,599,169,37,128,0.0615688
244,195,183,56,111,0.0615688
245,250,200,126,241,0.0577055
245,383,214,72,144,0.0577055
245,195,177,57,113,0.0577055
245,597,167,38,134,0.0577055
246,384,207,74,149,0.0588127
246,255,222,114,222,0.0588127
246,599,166,37,131,0.0588127
246,195,178,58,115,0.0588127
247,387,212,73,146,0.0604569
247,597,167,38,134,0.0604569
247,258,228,112,217,0.0604569
247,195,176,58,115,0.0604569
248,387,204,78,157,0.0601523
248,197,178,58,114,0.0601523
248,596,163,39,139,0.0601523
249,387,199,81,162,0.0542197
249,230,182,106,211,0.0542197
249,197,178,58,115,0.0542197
249,597,164,38,131,0.0542197
250,231,183,104,207,0.0658344
250,271,229,116,216,0.0658344
250,390,200,78,155,0.0658344
251,237,201,96,192,0.0607397
251,272,232,115,214,0.0607397
251,391,179,84,169,0.0607397
251,594,192,41,156,0.0607397
251,202,183,54,107,0.0607397
252,269,212,123,230,0.0640751
252,238,200,95,190,0.0640751
252,397,180,80,161,0.0640751
252,592,188,42,158,0.0640751
252,202,185,53,106,0.0640751
253,270,209,125,233,0.0575695
253,593,196,42,150,0.0575695
253,202,183,54,107,0.0575695
253,393,185,88,176,0.0575695
254,268,202,127,239,0.0557227
254,591,192,43,158,0.0557227
254,203,183,54,106,0.0557227
255,274,205,128,237,0.0691031
255,587,178,47,174,0.0691031
255,205,183,54,106,0.0691031
256,290,237,111,209,0.0723924
256,587,169,47,174,0.0723924
256,206,185,54,107,0.0723924
257,294,248,106,199,0.0563201
257,583,162,50,182,0.0563201
257,241,208,90,181,0.0563201
257,206,185,53,106,0.0563201
258,296,261,100,189,0.0605667
258,408,175,93,186,0.0605667
258,576,162,57,201,0.0605667
258,206,185,53,106,0.0605667
259,573,179,59,173,0.0596968
259,299,271,96,180,0.0596968
259,409,182,89,178,0.0596968
259,205,185,53,106,0.0596968
260,412,179,90,178,0.0639059
260,253,128,166,302,0.0639059
260,207,183,54,106,0.0639059
261,251,132,160,299,0.0727934
261,417,175,86,171,0.0727934
261,207,182,54,109,0.0727934
262,251,132,160,299,0.0623764
262,422,179,78,157,0.0623764
262,209,188,53,105,0.0623764
263,251,132,160,299,0.0543705
263,421,175,82,163,0.0543705
263,209,188,53,105,0.0543705
264,276,195,131,245,0.0579583
264,423,174,82,164,0.0579583
264,210,190,54,109,0.0579583
265,279,201,130,240,0.0636787
265,209,183,55,110,0.0636787
265,424,175,88,175,0.0636787
266,432,212,74,150,0.0676928
266,310,314,74,143,0.0676928
266,600,166,35,125,0.0676928
266,552,163,53,106,0.0676928
266,210,184,55,110,0.0676928
267,434,212,75,150,0.0603494
267,289,223,118,221,0.0603494
267,599,165,37,128,0.0603494
267,209,185,54,109,0.0603494
267,547,162,53,106,0.0603494
268,434,206,78,155,0.0660359
268,535,188,73,146,0.0660359
268,313,327,67,132,0.0660359
268,209,183,55,110,0.0660359
268,597,164,38,131,0.0660359
269,435,200,79,158,0.0573957
269,314,327,68,132,0.0573957
269,535,191,70,141,0.0573957
269,545,164,53,106,0.0573957
269,212,185,54,107,0.0573957
269,597,164,38,131,0.0573957
270,248,115,168,314,0.0701106
270,437,204,78,157,0.0701106
270,531,175,79,159,0.0701106
270,211,186,54,109,0.0701106
270,598,170,38,125,0.0701106
271,260,116,160,313,0.0605159
271,434,182,91,182,0.0605159
271,533,183,76,152,0.0605159
271,597,164,38,131,0.0605159
272,529,190,73,146,0.0578302
272,438,187,87,174,0.0578302
272,316,329,66,130,0.0578302
273,312,250,106,198,0.0590671
273,526,191,73,145,0.0590671
273,439,185,90,180,0.0590671
273,599,166,37,133,0.0590671
274,523,196,70,138,0.0589468
274,320,340,62,121,0.0589468
274,599,165,37,128,0.0589468
275,519,193,70,139,0.0598852
275,257,122,168,308,0.0598852
275,599,165,37,128,0.0598852
275,215,189,53,106,0.0598852
276,446,180,95,190,0.0628386
276,312,250,106,198,0.0628386
276,517,190,69,138,0.0628386
276,599,165,37,128,0.0628386
276,214,187,53,105,0.0628386
277,513,189,68,135,0.0568568
277,317,324,68,134,0.0568568
277,599,165,37,128,0.0568568
278,218,190,52,104,0.070752
278,322,342,61,118,0.070752
278,599,166,37,133,0.070752
279,596,163,39,139,0.0657383
279,219,189,53,106,0.0657383
280,249,203,102,202,0.0601599
280,312,250,106,198,0.0601599
280,599,166,37,133,0.0601599
281,464,178,91,182,0.0577311
281,248,205,102,202,0.0577311
281,599,169,36,124,0.0577311
282,464,174,98,197,0.0616687
282,247,205,102,205,0.0616687
282,599,166,37,133,0.0616687
283,462,175,100,200,0.0560204
283,249,206,102,204,0.0560204
283,599,169,37,128,0.0560204
283,269,141,160,292,0.0560204
284,471,202,89,177,0.0579423
284,245,201,107,214,0.0579423
284,598,164,38,136,0.0579423
285,476,208,87,174,0.0600234
285,253,211,102,204,0.0600234
285,598,164,38,136,0.0600234
286,475,209,90,180,0.0646487
286,246,201,106,211,0.0646487
286,598,164,38,136,0.0646487
287,473,196,98,196,0.055888
287,247,200,106,211,0.055888
287,597,163,38,141,0.055888
288,472,179,107,214,0.0739994
288,255,102,179,325,0.0739994
288,598,164,38,136,0.0739994
289,473,168,111,222,0.0627583
289,242,186,115,230,0.0627583
289,599,165,36,131,0.0627583
290,247,201,106,212,0.0621375
290,598,164,38,136,0.0621375
290,334,353,54,109,0.0621375
291,249,195,110,218,0.0606102
291,473,177,89,178,0.0606102
291,599,165,37,132,0.0606102
292,251,201,106,212,0.0750417
292,469,176,79,158,0.0750417
292,600,166,35,125,0.0750417
293,467,173,84,167,0.059311
293,260,95,182,331,0.059311
293,597,164,38,139,0.059311
294,271,136,159,296,0.0585219
294,259,206,103,206,0.0585219
294,492,184,96,191,0.0585219
294,597,164,38,139,0.0585219
295,285,178,142,260,0.0593147
295,259,203,104,208,0.0593147
295,600,166,35,125,0.0593147
295,465,251,57,113,0.0593147
296,261,209,102,206,0.0564926
296,450,188,66,131,0.0564926
296,599,166,36,130,0.0564926
297,264,209,102,203,0.0621093
297,447,185,66,131,0.0621093
297,599,166,37,133,0.0621093
298,264,209,102,203,0.0606087
298,599,166,37,133,0.0606087
298,447,191,64,127,0.0606087
299,270,113,166,316,0.0568997
299,599,166,37,133,0.0568997
299,444,188,65,130,0.0568997
299,236,188,52,104,0.0568997
300,513,169,110,221,0.0574632
300,262,202,106,210,0.0574632
300,445,188,64,127,0.0574632
300,599,165,37,132,0.0574632
301,512,167,113,226,0.0633527
301,262,202,106,210,0.0633527
301,444,189,62,123,0.0633527
301,4,244,36,142,0.0633527
301,600,166,35,125,0.0633527
301,238,186,54,110,0.0633527
302,9,84,74,299,0.0645414
302,514,172,110,221,0.0645414
302,442,190,61,122,0.0645414
302,599,169,36,124,0.0645414
302,240,188,54,106,0.0645414
303,284,154,149,281,0.0598521
303,8,123,65,262,0.0598521
303,521,178,106,216,0.0598521
303,440,192,62,123,0.0598521
303,599,169,36,124,0.0598521
304,8,123,65,261,0.070111
304,301,194,130,246,0.070111
304,436,187,64,128,0.070111
304,519,173,107,232,0.070111
304,241,190,54,106,0.070111
305,8,123,66,261,0.0578595
305,522,166,105,237,0.0578595
305,305,201,127,240,0.0578595
305,434,184,66,131,0.0578595
305,242,189,54,107,0.0578595
306,6,182,52,204,0.0731052
306,521,168,106,227,0.0731052
306,323,229,111,216,0.0731052
306,432,186,63,126,0.0731052
306,244,191,53,106,0.0731052
307,6,179,51,202,0.0563081
307,528,168,99,229,0.0563081
307,312,205,122,237,0.0563081
307,430,188,62,125,0.0563081
308,6,172,51,206,0.0585314
308,530,162,98,230,0.0585314
308,315,208,120,234,0.0585314
308,427,186,65,129,0.0585314
309,7,160,54,218,0.0610157
309,325,228,110,217,0.0610157
309,537,173,92,227,0.0610157
309,426,191,61,122,0.0610157
310,7,146,58,229,0.0562185
310,266,208,102,202,0.0562185
310,309,193,128,247,0.0562185
310,536,164,93,232,0.0562185
310,420,190,59,118,0.0562185
311,7,156,57,223,0.0595904
311,308,194,128,246,0.0595904
311,604,165,32,118,0.0595904
312,8,112,68,266,0.0656037
312,309,189,130,250,0.0656037
312,268,213,97,193,0.0656037
312,606,169,30,113,0.0656037
313,10,73,76,303,0.0616182
313,315,205,120,237,0.0616182
313,266,209,99,198,0.0616182
314,266,209,99,198,0.0661445
314,311,194,127,246,0.0661445
314,10,78,77,298,0.0661445
315,313,199,125,242,0.0669975
315,10,69,80,320,0.0669975
315,266,208,102,202,0.0669975
315,529,174,92,184,0.0669975
316,281,112,170,317,0.0817174
316,10,69,80,320,0.0817174
316,409,186,58,117,0.0817174
316,544,287,59,118,0.0817174
317,282,107,172,321,0.0663295
317,540,176,89,181,0.0663295
318,311,192,130,248,0.0707248
318,266,208,102,202,0.0707248
318,8,189,68,155,0.0707248
318,565,168,66,250,0.0707248
319,262,202,106,210,0.0599424
319,307,177,137,261,0.0599424
319,564,166,67,252,0.0599424
319,9,182,72,162,0.0599424
320,308,175,138,262,0.0591295
320,263,204,104,208,0.0591295
320,564,161,67,255,0.0591295
320,9,188,74,154,0.0591295
320,258,190,54,106,0.0591295
321,288,128,160,302,0.0669384
321,10,186,79,158,0.0669384
321,563,162,69,256,0.0669384
322,290,136,155,296,0.0565509
322,10,188,82,166,0.0565509
322,564,161,67,255,0.0565509
323,291,134,158,298,0.0617966
323,20,189,73,146,0.0617966
324,293,133,158,298,0.057138
324,16,111,126,259,0.057138
325,295,134,159,298,0.0776286
325,16,105,128,266,0.0776286
326,293,131,159,300,0.0636126
326,16,110,130,259,0.0636126
327,289,127,161,304,0.0592449
327,34,187,72,145,0.0592449
328,292,133,159,298,0.0687132
329,294,132,158,299,0.0590474
329,30,191,90,178,0.0590474
330,293,135,158,297,0.0610356
330,33,184,92,183,0.0610356
331,580,168,54,193,0.0615419
331,45,211,76,152,0.0615419
331,262,202,106,210,0.0615419
331,316,179,136,259,0.0615419
332,319,185,133,254,0.0612587
332,580,168,54,193,0.0612587
332,266,208,102,202,0.0612587
332,43,189,85,170,0.0612587
332,4,247,28,112,0.0612587
333,43,184,91,182,0.0551144
333,578,167,55,198,0.0551144
333,266,209,99,198,0.0551144
333,315,167,142,270,0.0551144
333,9,83,70,281,0.0551144
334,9,78,70,278,0.0599018
334,300,129,158,302,0.0599018
334,47,186,86,173,0.0599018
334,578,169,55,199,0.0599018
335,9,76,70,281,0.0572209
335,294,124,161,306,0.0572209
335,57,207,77,154,0.0572209
335,583,175,50,186,0.0572209
335,267,212,97,194,0.0572209
336,9,84,69,274,0.0846741
336,287,107,171,321,0.0846741
336,55,190,86,171,0.0846741
336,581,174,52,190,0.0846741
336,266,208,102,202,0.0846741
337,9,76,70,281,0.0585707
337,296,121,162,309,0.0585707
337,53,184,90,182,0.0585707
337,602,176,34,124,0.0585707
338,301,132,157,299,0.0547701
338,5,184,40,159,0.0547701
338,599,166,36,125,0.0547701
338,58,192,82,165,0.0547701
339,9,76,70,281,0.0603143
339,297,125,161,306,0.0603143
339,63,197,74,147,0.0603143
339,601,170,34,118,0.0603143
340,67,197,72,143,0.0608974
340,600,171,35,120,0.0608974
340,9,79,72,267,0.0608974
340,291,115,167,314,0.0608974
341,9,76,70,281,0.0708214
341,305,135,154,297,0.0708214
341,70,198,74,147,0.0708214
341,599,172,37,120,0.0708214
342,300,122,162,308,0.0619023
342,7,208,53,133,0.0619023
342,73,199,75,150,0.0619023
342,599,169,36,124,0.0619023
343,299,117,164,312,0.0556638
343,75,189,78,158,0.0556638
343,7,195,55,142,0.0556638
343,599,165,37,128,0.0556638
344,80,191,78,156,0.0620674
344,7,189,59,150,0.0620674
344,600,166,35,125,0.0620674
344,296,121,162,309,0.0620674
345,305,129,158,302,0.0602391
345,8,202,60,140,0.0602391
345,81,190,80,160,0.0602391
345,599,165,37,128,0.0602391
346,308,133,157,298,0.0539892
346,8,206,62,142,0.0539892
346,84,191,73,146,0.0539892
346,599,165,37,128,0.0539892
347,305,129,158,302,0.0630958
347,8,185,68,162,0.0630958
347,85,198,81,162,0.0630958
347,599,165,37,128,0.0630958
348,8,216,65,132,0.0610812
348,86,198,82,163,0.0610812
348,307,130,159,301,0.0610812
348,600,166,35,125,0.0610812
349,322,169,141,267,0.0695734
349,88,174,91,182,0.0695734
349,8,207,68,138,0.0695734
350,305,135,154,297,0.0605403
350,90,169,95,190,0.0605403
350,9,204,72,144,0.0605403
351,90,138,110,218,0.0640053
351,10,185,78,162,0.0640053
351,318,168,140,269,0.0640053
352,315,154,148,281,0.058652
352,13,192,73,145,0.058652
352,600,166,35,125,0.058652
352,4,218,29,114,0.058652
353,311,150,149,284,0.0564717
353,89,135,110,219,0.0564717
353,4,197,34,135,0.0564717
353,15,194,71,142,0.0564717
353,603,164,33,122,0.0564717
354,9,88,73,293,0.062465
354,320,163,142,273,0.062465
354,96,163,96,191,0.062465
354,20,196,68,136,0.062465
354,600,163,35,134,0.062465
355,7,156,58,230,0.0602604
355,323,178,136,260,0.0602604
355,101,170,93,186,0.0602604
355,599,163,36,134,0.0602604
356,325,179,135,259,0.0555401
356,101,165,95,190,0.0555401
356,6,183,52,206,0.0555401
356,27,201,64,127,0.0555401
356,284,213,88,175,0.0555401
357,100,158,100,200,0.0620356
357,29,196,68,135,0.0620356
357,599,164,36,129,0.0620356
357,324,168,140,268,0.0620356
358,307,186,122,244,0.0679334
358,102,157,100,200,0.0679334
358,32,197,66,133,0.0679334
358,6,204,50,131,0.0679334
359,303,177,128,255,0.0620929
359,106,167,91,182,0.0620929
359,599,169,36,124,0.0620929
359,38,198,66,133,0.0620929
359,7,200,53,140,0.0620929
360,302,180,124,249,0.0686004
360,107,162,91,182,0.0686004
360,7,199,56,148,0.0686004
360,599,165,37,128,0.0686004
360,40,197,64,128,0.0686004
361,313,150,149,284,0.059406
361,112,175,83,166,0.059406
361,8,199,61,158,0.059406
361,599,166,37,133,0.059406
361,41,193,67,134,0.059406
362,308,141,154,292,0.0608274
362,599,164,37,135,0.0608274
362,117,178,78,155,0.0608274
362,46,199,65,129,0.0608274
362,8,203,62,145,0.0608274
363,318,169,140,267,0.0616476
363,597,164,38,138,0.0616476
363,45,193,70,141,0.0616476
363,8,201,65,146,0.0616476
363,122,186,72,145,0.0616476
364,319,168,141,268,0.0627805
364,9,194,71,164,0.0627805
364,50,197,65,130,0.0627805
364,596,163,39,139,0.0627805
364,125,186,71,142,0.0627805
365,317,165,142,271,0.0611016
365,127,187,73,146,0.0611016
365,10,190,78,179,0.0611016
365,52,193,66,132,0.0611016
365,599,166,37,133,0.0611016
366,319,166,142,270,0.0767439
366,131,192,67,134,0.0767439
366,10,193,78,163,0.0767439
366,54,192,66,133,0.0767439
366,598,164,38,136,0.0767439
367,314,157,146,278,0.0589549
367,134,188,68,136,0.0589549
367,56,208,66,134,0.0589549
367,597,164,38,138,0.0589549
367,11,189,82,165,0.0589549
368,324,180,135,258,0.0603178
368,12,184,92,184,0.0603178
368,280,202,103,206,0.0603178
368,597,167,38,134,0.0603178
368,57,192,66,130,0.0603178
368,134,191,67,134,0.0603178
369,12,179,95,190,0.0566243
369,299,164,137,272,0.0566243
369,596,163,39,139,0.0566243
369,139,195,66,133,0.0566243
370,20,190,79,158,0.0612312
370,143,195,66,132,0.0612312
370,598,164,38,136,0.0612312
370,317,168,141,269,0.0612312
370,63,195,64,128,0.0612312
371,317,165,143,271,0.0587841
371,24,197,77,153,0.0587841
371,597,163,38,140,0.0587841
371,144,193,66,131,0.0587841
371,68,195,62,125,0.0587841
372,308,163,140,273,0.0663373
372,27,201,78,155,0.0663373
372,144,190,70,138,0.0663373
372,599,169,37,128,0.0663373
372,70,192,63,126,0.0663373
373,32,200,77,153,0.0613283
373,314,159,144,276,0.0613283
373,73,195,63,126,0.0613283
373,147,190,70,139,0.0613283
373,599,164,36,129,0.0613283
373,3,252,26,107,0.0613283
374,317,163,142,273,0.0618611
374,32,196,82,162,0.0618611
374,77,197,62,125,0.0618611
374,145,185,75,150,0.0618611
374,599,169,37,128,0.0618611
374,4,247,28,114,0.0618611
375,317,168,139,269,0.066955
375,33,187,83,166,0.066955
375,4,244,30,122,0.066955
375,152,204,66,130,0.066955
375,80,195,62,123,0.066955
375,600,166,35,125,0.066955
376,315,163,142,273,0.0616607
376,5,222,38,147,0.0616607
376,599,165,37,128,0.0616607
376,34,193,81,162,0.0616607
376,83,196,62,122,0.0616607
376,146,181,79,159,0.0616607
377,317,171,138,266,0.0537646
377,39,193,78,158,0.0537646
377,599,166,37,133,0.0537646
377,84,194,61,122,0.0537646
377,157,195,57,113,0.0537646
377,9,77,71,286,0.0537646
378,315,163,143,273,0.0672579
378,6,186,45,177,0.0672579
378,43,196,74,150,0.0672579
378,599,166,37,133,0.0672579
378,88,192,58,116,0.0672579
379,313,157,146,278,0.0575253
379,6,174,46,182,0.0575253
379,151,175,82,164,0.0575253
379,599,169,37,128,0.0575253
379,90,190,59,118,0.0575253
379,51,202,62,125,0.0575253
380,310,153,147,282,0.0620557
380,154,185,79,158,0.0620557
380,6,176,46,176,0.0620557
380,599,169,36,124,0.0620557
381,8,123,64,239,0.0735164
381,317,159,146,276,0.0735164
381,152,171,83,166,0.0735164
381,58,201,62,126,0.0735164
381,599,169,36,124,0.0735164
381,95,190,59,118,0.0735164
382,323,169,140,267,0.0593952
382,9,77,71,286,0.0593952
382,157,176,78,158,0.0593952
382,58,195,75,151,0.0593952
382,599,165,37,128,0.0593952
382,98,189,61,121,0.0593952
383,321,158,146,277,0.0564177
383,159,174,79,158,0.0564177
383,600,171,35,120,0.0564177
383,3,257,26,107,0.0564177
383,56,192,87,175,0.0564177
384,162,177,76,152,0.0579995
384,5,214,37,146,0.0579995
384,63,197,72,144,0.0579995
384,102,205,61,122,0.0579995
384,320,155,147,279,0.0579995
384,600,171,35,120,0.0579995
385,314,146,153,287,0.0686076
385,164,180,78,155,0.0686076
385,105,212,60,120,0.0686076
385,600,166,35,125,0.0686076
386,317,150,150,284,0.0589386
386,168,185,72,144,0.0589386
386,8,189,66,152,0.0589386
386,103,198,66,131,0.0589386
386,67,200,76,151,0.0589386
386,599,175,36,117,0.0589386
387,316,150,152,284,0.0577523
387,170,183,72,144,0.0577523
387,107,196,64,128,0.0577523
387,9,184,73,167,0.0577523
387,70,196,78,155,0.0577523
387,600,166,35,125,0.0577523
388,319,165,143,271,0.0585116
388,171,175,79,159,0.0585116
388,9,184,73,167,0.0585116
388,73,194,72,143,0.0585116
388,599,165,37,128,0.0585116
388,113,198,57,113,0.0585116
389,318,170,140,266,0.0571246
389,171,174,81,161,0.0571246
389,10,183,78,167,0.0571246
389,75,204,74,147,0.0571246
389,600,166,35,125,0.0571246
390,315,167,142,270,0.0673954
390,10,181,79,170,0.0673954
390,176,187,72,144,0.0673954
390,77,194,72,145,0.0673954
390,599,164,36,129,0.0673954
391,318,171,138,266,0.0664974
391,175,185,74,148,0.0664974
391,81,211,70,141,0.0664974
391,10,186,79,164,0.0664974
392,319,168,142,269,0.0596895
392,10,187,80,163,0.0596895
392,82,197,74,149,0.0596895
392,179,185,69,138,0.0596895
392,600,166,35,125,0.0596895
393,320,172,139,265,0.0652426
393,179,183,71,142,0.0652426
393,10,190,81,162,0.0652426
393,84,198,72,144,0.0652426
393,127,197,56,112,0.0652426
393,599,166,36,125,0.0652426
394,321,175,138,262,0.0546117
394,179,181,74,147,0.0546117
394,17,194,77,154,0.0546117
394,86,193,72,144,0.0546117
394,600,166,35,125,0.0546117
394,132,198,55,110,0.0546117
395,320,169,142,267,0.0592443
395,21,207,74,147,0.0592443
395,86,199,74,149,0.0592443
395,181,183,73,146,0.0592443
395,600,166,35,125,0.0592443
395,130,195,56,112,0.0592443
396,320,167,143,270,0.0561534
396,186,178,70,141,0.0561534
396,22,206,75,150,0.0561534
396,600,166,35,125,0.0561534
397,318,165,143,271,0.0632756
397,184,178,75,150,0.0632756
397,27,210,73,145,0.0632756
397,600,166,35,125,0.0632756
398,318,166,143,270,0.0670984
398,186,180,72,144,0.0670984
398,28,196,77,154,0.0670984
398,600,166,35,125,0.0670984
399,316,167,143,270,0.0558209
399,187,181,73,146,0.0558209
399,30,196,76,152,0.0558209
399,600,166,35,125,0.0558209
400,317,170,141,266,0.0691189
400,101,135,106,213,0.0691189
400,187,178,74,148,0.0691189
400,32,196,74,150,0.0691189
400,600,166,35,125,0.0691189
401,315,166,143,270,0.0616777
401,101,135,106,213,0.0616777
401,189,178,74,146,0.0616777
401,600,166,35,125,0.0616777
401,15,112,123,246,0.0616777
402,6,86,51,202,0.0563819
402,190,181,73,145,0.0563819
402,314,161,146,274,0.0563819
402,600,166,35,125,0.0563819
402,16,107,126,250,0.0563819
403,15,108,123,246,0.0692363
403,314,165,144,271,0.0692363
403,191,181,73,146,0.0692363
403,599,165,37,128,0.0692363
404,311,161,146,274,0.0592657
404,140,182,72,144,0.0592657
404,190,180,74,148,0.0592657
404,600,166,35,125,0.0592657
404,47,192,74,148,0.0592657
405,310,161,146,274,0.0577053
405,127,184,76,152,0.0577053
405,191,181,74,149,0.0577053
405,50,194,70,141,0.0577053
405,599,166,36,125,0.0577053
406,310,154,149,281,0.0728638
406,598,165,38,134,0.0728638
406,188,171,82,164,0.0728638
406,118,189,76,152,0.0728638
406,53,196,67,134,0.0728638
407,310,165,145,271,0.0544889
407,198,182,69,138,0.0544889
407,57,198,70,140,0.0544889
407,119,189,78,155,0.0544889
407,601,167,34,122,0.0544889
408,308,156,146,278,0.0618083
408,200,183,70,139,0.0618083
408,123,207,69,137,0.0618083
408,60,200,67,135,0.0618083
408,600,166,35,125,0.0618083
409,309,158,146,277,0.0553697
409,202,186,67,134,0.0553697
409,122,189,76,152,0.0553697
409,61,200,68,135,0.0553697
409,601,172,34,118,0.0553697
410,307,154,150,281,0.0701325
410,204,187,64,128,0.0701325
410,64,194,72,144,0.0701325
410,122,189,76,152,0.0701325
410,599,170,36,126,0.0701325
411,307,151,151,283,0.0586886
411,194,172,82,163,0.0586886
411,70,213,64,128,0.0586886
411,125,203,70,139,0.0586886
411,599,167,37,133,0.0586886
412,309,161,145,274,0.0571242
412,71,198,66,132,0.0571242
412,602,173,34,118,0.0571242
412,164,187,59,118,0.0571242
412,199,178,77,154,0.0571242
412,125,191,74,150,0.0571242
413,304,146,153,287,0.0568788
413,210,185,66,130,0.0568788
413,73,198,69,138,0.0568788
413,603,170,33,122,0.0568788
414,306,148,150,286,0.0672103
414,212,188,63,126,0.0672103
414,76,213,66,131,0.0672103
414,601,172,34,118,0.0672103
415,308,150,149,284,0.057504
415,214,188,66,134,0.057504
415,78,205,66,130,0.057504
415,602,173,34,118,0.057504
416,306,154,148,281,0.0705706
416,214,186,66,133,0.0705706
416,78,202,72,144,0.0705706
416,138,194,69,138,0.0705706
416,602,173,34,118,0.0705706
417,307,154,146,281,0.059359
417,215,188,69,137,0.059359
417,80,193,67,134,0.059359
417,601,172,34,118,0.059359
418,307,155,145,280,0.0650799
418,215,193,66,132,0.0650799
418,81,192,68,135,0.0650799
418,139,193,72,144,0.0650799
418,602,173,34,118,0.0650799
419,307,155,146,280,0.0672221
419,166,189,67,134,0.0672221
419,215,194,67,134,0.0672221
419,85,195,62,124,0.0672221
419,601,172,34,118,0.0672221
420,307,148,148,286,0.0579611
420,215,194,67,134,0.0579611
420,183,194,62,122,0.0579611
420,141,191,74,148,0.0579611
420,600,166,35,125,0.0579611
420,95,195,57,113,0.0579611
421,306,151,145,283,0.0635172
421,199,190,68,135,0.0635172
421,600,171,35,120,0.0635172
422,305,155,144,280,0.0818114
422,182,183,66,131,0.0818114
422,215,189,69,137,0.0818114
422,601,169,34,123,0.0818114
423,305,154,146,281,0.057822
423,213,183,74,146,0.057822
423,184,187,62,124,0.057822
424,308,155,147,280,0.0597081
424,144,193,72,144,0.0597081
424,187,187,62,122,0.0597081
424,220,196,65,129,0.0597081
424,601,172,34,118,0.0597081
425,314,162,145,274,0.0602074
425,218,190,68,135,0.0602074
425,99,192,76,152,0.0602074
425,191,189,57,114,0.0602074
426,317,169,143,267,0.0548429
426,220,188,69,138,0.0548429
426,101,195,72,145,0.0548429
426,195,192,55,110,0.0548429
427,317,168,145,268,0.0606086
427,223,194,66,132,0.0606086
427,177,189,66,133,0.0606086
427,106,202,68,135,0.0606086
428,314,168,146,269,0.0734201
428,156,189,76,152,0.0734201
428,223,191,68,136,0.0734201
428,109,197,69,136,0.0734201
429,304,149,154,285,0.0596628
429,110,198,69,138,0.0596628
429,158,193,74,146,0.0596628
429,225,193,67,134,0.0596628
430,306,150,152,284,0.0558557
430,161,192,71,142,0.0558557
430,112,201,66,131,0.0558557
430,226,187,70,138,0.0558557
431,304,155,144,279,0.0607485
431,160,185,75,150,0.0607485
431,226,190,68,136,0.0607485
432,306,153,149,282,0.0601235
432,161,186,74,147,0.0601235
432,225,185,70,141,0.0601235
433,165,184,75,150,0.0630457
433,226,189,68,135,0.0630457
433,600,171,35,120,0.0630457
433,305,154,144,281,0.0630457
434,227,186,69,138,0.0585751
434,168,189,71,142,0.0585751
434,123,210,62,124,0.0585751
434,600,171,35,120,0.0585751
434,404,252,54,107,0.0585751
435,226,179,72,145,0.0725187
435,166,190,75,150,0.0725187
435,121,197,69,137,0.0725187
435,599,169,36,124,0.0725187
436,226,182,70,139,0.0562287
436,121,194,69,138,0.0562287
436,166,190,75,150,0.0562287
436,599,169,36,124,0.0562287
437,228,184,69,138,0.0614167
437,122,193,70,140,0.0614167
437,166,189,77,153,0.0614167
437,599,170,36,123,0.0614167
438,224,183,68,136,0.0588488
438,170,189,77,153,0.0588488
438,600,171,35,120,0.0588488
439,226,185,69,137,0.0587834
439,174,191,74,147,0.0587834
439,604,178,32,114,0.0587834
439,130,198,66,131,0.0587834
440,222,182,68,136,0.0679318
440,176,191,72,145,0.0679318
440,601,172,34,118,0.0679318
441,226,184,65,129,0.0609582
441,176,189,74,147,0.0609582
441,601,172,34,118,0.0609582
442,231,189,62,122,0.059808
442,178,191,74,147,0.059808
442,601,172,34,118,0.059808
443,230,188,62,124,0.0772453
443,600,171,35,120,0.0772453
444,228,187,63,126,0.0654102
444,599,169,36,124,0.0654102
444,145,202,62,122,0.0654102
445,205,187,69,138,0.0701787
445,601,173,34,120,0.0701787
446,601,173,34,120,0.0591985
446,235,188,61,122,0.0591985
446,146,204,59,118,0.0591985
447,601,173,34,120,0.061705
447,237,187,63,126,0.061705
448,600,171,35,120,0.0672055
448,238,186,59,118,0.0672055
449,434,194,72,145,0.0559073
449,150,191,66,132,0.0559073
449,600,171,35,120,0.0559073
450,153,199,62,125,0.0575876
450,600,171,35,120,0.0575876
450,435,190,73,145,0.0575876
451,601,172,34,118,0.0577113
451,435,189,73,146,0.0577113
451,150,193,66,132,0.0577113
452,434,190,74,148,0.0572271
452,602,173,34,118,0.0572271
452,151,195,66,131,0.0572271
453,439,190,70,140,0.0668586
453,601,173,34,120,0.0668586
453,151,191,66,131,0.0668586
454,438,181,74,147,0.0569444
454,600,172,35,122,0.0569444
455,445,196,66,131,0.073064
455,601,173,34,120,0.073064
455,246,188,66,131,0.073064
456,250,190,62,124,0.0675778
456,446,190,69,138,0.0675778
456,601,173,34,120,0.0675778
457,448,195,70,138,0.0559527
457,216,186,81,162,0.0559527
457,251,186,64,128,0.0559527
457,601,169,34,123,0.0559527
458,449,195,70,141,0.0616754
458,253,188,64,127,0.0616754
458,603,170,33,122,0.0616754
458,414,177,54,107,0.0616754
459,451,196,68,136,0.0589864
459,203,186,81,162,0.0589864
459,253,187,64,127,0.0589864
459,602,173,34,118,0.0589864
459,416,177,54,107,0.0589864
460,452,194,70,141,0.0624346
460,255,187,62,124,0.0624346
460,601,173,34,120,0.0624346
460,418,177,54,107,0.0624346
461,256,183,64,128,0.0623204
461,454,191,70,142,0.0623204
461,601,169,34,123,0.0623204
462,258,181,66,131,0.0545078
462,457,192,71,142,0.0545078
462,168,193,70,141,0.0545078
462,601,173,34,120,0.0545078
462,223,192,54,110,0.0545078
463,461,193,70,141,0.0550565
463,258,180,67,134,0.0550565
463,164,181,76,151,0.0550565
463,220,188,63,126,0.0550565
463,600,168,35,124,0.0550565
464,463,196,73,146,0.0663156
464,602,171,34,118,0.0663156
464,222,190,57,114,0.0663156
465,465,178,82,163,0.0792417
465,222,187,62,125,0.0792417
465,180,185,62,125,0.0792417
465,601,167,34,122,0.0792417
465,57,361,58,102,0.0792417
466,467,177,85,169,0.0600007
466,178,190,64,128,0.0600007
466,223,187,59,118,0.0600007
466,599,166,36,125,0.0600007
466,263,198,58,114,0.0600007
467,181,190,62,125,0.0699884
467,225,188,60,120,0.0699884
467,467,178,80,160,0.0699884
467,599,166,36,125,0.0699884
467,263,197,58,117,0.0699884
468,180,190,62,123,0.0587434
468,224,186,64,127,0.0587434
468,466,176,84,169,0.0587434
468,601,172,34,118,0.0587434
468,263,197,58,115,0.0587434
468,18,363,58,101,0.0587434
469,225,188,65,130,0.0669731
469,601,172,34,118,0.0669731
469,180,191,62,122,0.0669731
470,227,187,66,131,0.0707112
470,6,366,44,98,0.0707112
470,600,166,35,125,0.0707112
470,180,189,63,126,0.0707112
471,227,188,68,137,0.0577712
471,5,369,38,95,0.0577712
471,600,171,35,120,0.0577712
472,229,188,70,139,0.0581536
472,186,185,58,117,0.0581536
472,4,366,29,98,0.0581536
472,601,172,34,118,0.0581536
473,231,189,70,141,0.0564502
473,4,364,30,100,0.0564502
473,471,174,92,184,0.0564502
474,229,185,70,142,0.0606078
474,187,190,59,118,0.0606078
474,3,364,26,100,0.0606078
474,600,166,35,125,0.0606078
475,232,187,70,138,0.0650315
475,600,171,35,120,0.0650315
475,189,186,60,120,0.0650315
475,3,384,26,82,0.0650315
475,477,176,90,179,0.0650315
476,422,250,116,198,0.0595495
476,479,175,89,177,0.0595495
476,237,187,69,136,0.0595495
476,600,171,35,120,0.0595495
476,190,186,60,120,0.0595495
477,481,176,94,187,0.0651634
477,237,187,69,136,0.0651634
477,600,171,35,120,0.0651634
477,191,186,61,121,0.0651634
478,5,148,41,162,0.05833
478,242,180,72,143,0.05833
478,483,175,96,191,0.05833
478,600,171,35,120,0.05833
478,192,186,57,113,0.05833
479,4,151,34,138,0.0576427
479,244,182,70,139,0.0576427
479,485,176,94,187,0.0576427
479,367,220,101,201,0.0576427
479,194,185,58,114,0.0576427
479,600,171,35,120,0.0576427
480,4,162,32,125,0.0596602
480,245,179,71,142,0.0596602
480,366,211,108,215,0.0596602
480,490,183,86,171,0.0596602
480,601,172,34,118,0.0596602
480,194,185,60,120,0.0596602
481,370,130,168,301,0.0573383
481,491,181,86,171,0.0573383
481,194,179,62,125,0.0573383
481,247,180,70,141,0.0573383
481,4,172,29,115,0.0573383
481,600,171,35,120,0.0573383
482,491,181,88,176,0.0670462
482,194,180,63,126,0.0670462
482,250,170,74,149,0.0670462
482,364,216,112,224,0.0670462
482,331,133,66,131,0.0670462
482,600,171,35,120,0.0670462
483,497,183,87,174,0.057789
483,194,180,64,128,0.057789
483,258,181,69,138,0.057789
483,362,210,118,232,0.057789
483,601,170,34,118,0.057789
484,503,185,86,171,0.0548172
484,193,179,66,130,0.0548172
484,360,189,130,250,0.0548172
484,248,181,70,141,0.0548172
484,600,171,35,120,0.0548172
485,364,201,122,240,0.0585886
485,498,174,98,196,0.0585886
485,8,211,62,231,0.0585886
485,194,181,65,129,0.0585886
485,249,185,70,140,0.0585886
485,599,172,36,118,0.0585886
485,289,187,59,118,0.0585886
486,370,216,117,227,0.0687371
486,500,179,98,194,0.0687371
486,7,234,53,211,0.0687371
486,195,179,65,130,0.0687371
486,253,188,69,137,0.0687371
486,600,171,35,120,0.0687371
486,290,188,58,114,0.0687371
487,371,227,109,217,0.0611816
487,506,173,103,206,0.0611816
487,10,109,77,306,0.0611816
487,195,177,66,131,0.0611816
487,253,188,69,138,0.0611816
487,600,171,35,120,0.0611816
488,370,212,119,230,0.0608962
488,506,172,106,211,0.0608962
488,253,187,70,138,0.0608962
488,4,229,34,134,0.0608962
488,4,301,31,123,0.0608962
488,602,171,34,118,0.0608962
488,198,181,64,128,0.0608962
489,506,172,106,211,0.0612329
489,372,217,118,226,0.0612329
489,257,192,66,133,0.0612329
489,600,171,35,122,0.0612329
489,200,183,62,126,0.0612329
490,373,225,113,219,0.0588276
490,509,176,102,202,0.0588276
490,202,184,62,123,0.0588276
490,258,191,66,131,0.0588276
490,602,169,34,121,0.0588276
490,298,186,57,113,0.0588276
491,376,212,118,230,0.0604645
491,511,168,106,213,0.0604645
491,8,71,63,253,0.0604645
491,203,183,62,124,0.0604645
491,258,190,67,134,0.0604645
491,602,171,34,118,0.0604645
492,378,218,115,226,0.0583312
492,8,71,63,253,0.0583312
492,204,182,62,125,0.0583312
492,259,194,63,126,0.0583312
492,601,169,34,123,0.0583312
493,8,71,63,253,0.0623042
493,524,174,93,186,0.0623042
493,380,215,114,228,0.0623042
493,203,179,66,130,0.0623042
493,331,133,66,131,0.0623042
493,600,168,35,126,0.0623042
493,264,196,62,125,0.0623042
494,379,208,122,234,0.0575048
494,530,178,82,163,0.0575048
494,206,182,64,127,0.0575048
494,600,168,35,126,0.0575048
494,303,190,58,114,0.0575048
494,266,196,59,118,0.0575048
494,339,138,65,129,0.0575048
495,379,205,123,237,0.0605756
495,532,176,79,158,0.0605756
495,206,180,63,126,0.0605756
495,600,168,35,126,0.0605756
495,267,197,60,120,0.0605756
495,303,186,59,118,0.0605756
496,382,211,121,231,0.0605292
496,208,182,62,123,0.0605292
496,532,180,82,165,0.0605292
496,600,168,35,126,0.0605292
496,306,189,57,113,0.0605292
496,267,197,60,120,0.0605292
497,600,169,35,125,0.0579554
497,541,182,72,144,0.0579554
497,208,183,62,125,0.0579554
497,380,199,127,242,0.0579554
497,267,197,59,118,0.0579554
498,210,184,61,122,0.0612477
498,384,198,125,242,0.0612477
498,269,196,62,123,0.0612477
498,527,174,101,227,0.0612477
499,389,212,118,230,0.0638343
499,527,174,101,227,0.0638343
499,212,185,59,118,0.0638343
499,270,195,62,125,0.0638343
500,398,212,112,223,0.0648737
500,213,183,62,122,0.0648737
500,601,169,34,123,0.0648737
500,270,195,62,125,0.0648737
501,404,204,109,218,0.0637354
501,540,180,89,196,0.0637354
501,272,195,63,126,0.0637354
501,216,184,61,121,0.0637354
501,603,169,33,118,0.0637354
501,62,207,60,120,0.0637354
502,542,181,87,189,0.074497
502,404,206,107,214,0.074497
502,272,192,67,134,0.074497
502,603,170,33,120,0.074497
502,217,186,59,118,0.074497
503,398,190,130,250,0.0581336
503,540,175,89,208,0.0581336
503,273,192,66,134,0.0581336
503,219,189,57,114,0.0581336
504,399,187,131,252,0.0574599
504,539,171,90,227,0.0574599
504,275,193,67,134,0.0574599
504,219,190,57,114,0.0574599
505,466,164,134,267,0.0611124
505,399,191,131,249,0.0611124
505,546,189,83,214,0.0611124
505,278,190,67,134,0.0611124
505,219,191,60,120,0.0611124
506,549,190,81,209,0.0570893
506,219,189,59,118,0.0570893
506,280,190,66,132,0.0570893
506,42,211,61,121,0.0570893
506,396,181,139,257,0.0570893
507,545,166,85,230,0.0634836
507,282,190,66,132,0.0634836
507,220,191,59,118,0.0634836
507,398,187,136,252,0.0634836
507,350,163,52,104,0.0634836
508,396,181,139,257,0.0685066
508,550,164,80,235,0.0685066
508,220,188,61,122,0.0685066
508,284,196,63,126,0.0685066
508,34,211,63,127,0.0685066
509,399,184,136,254,0.0573023
509,222,188,60,120,0.0573023
509,287,197,62,125,0.0573023
510,404,193,131,247,0.0606677
510,222,187,60,119,0.0606677
510,289,195,64,128,0.0606677
511,418,193,130,247,0.0560023
511,225,187,60,120,0.0560023
512,418,193,130,247,0.0597467
512,226,187,62,122,0.0597467
512,329,181,62,125,0.0597467
513,420,198,129,242,0.0693381
513,228,188,60,119,0.0693381
513,331,187,58,117,0.0693381
514,420,194,130,246,0.0575112
514,228,188,60,120,0.0575112
514,298,199,62,122,0.0575112
515,336,183,60,120,0.056442
515,230,188,61,122,0.056442
515,298,199,59,118,0.056442
515,419,192,134,248,0.056442
516,419,190,136,250,0.056052
516,232,190,59,118,0.056052
516,305,193,63,126,0.056052
516,564,161,67,255,0.056052
517,418,185,138,254,0.0638143
517,235,189,60,120,0.0638143
517,305,193,63,126,0.0638143
518,420,191,136,249,0.0615237
518,305,191,64,127,0.0615237
518,338,176,62,125,0.0615237
518,235,188,62,123,0.0615237
519,340,180,61,121,0.0576278
519,236,189,61,122,0.0576278
519,306,190,64,127,0.0576278
520,306,187,68,135,0.059003
520,339,183,59,118,0.059003
520,236,186,62,125,0.059003
521,332,184,62,123,0.0564009
521,238,188,61,121,0.0564009
521,460,213,54,107,0.0564009
522,340,185,58,115,0.0750932
522,238,186,62,125,0.0750932
523,327,185,63,126,0.0604351
523,602,167,34,121,0.0604351
523,241,186,59,118,0.0604351
523,8,73,68,272,0.0604351
524,8,73,68,272,0.0565839
524,327,187,62,124,0.0565839
525,321,189,63,126,0.0594684
525,467,214,56,112,0.0594684
525,602,167,34,121,0.0594684
526,9,70,71,286,0.0700188
526,310,190,66,132,0.0700188
526,469,216,55,110,0.0700188
526,606,169,30,113,0.0700188
526,243,186,59,118,0.0700188
527,9,74,70,277,0.0590743
527,329,191,61,122,0.0590743
527,609,169,28,110,0.0590743
527,469,212,58,117,0.0590743
527,246,187,59,118,0.0590743
528,313,191,65,129,0.0552861
528,247,193,57,114,0.0552861
529,8,70,66,264,0.0605428
529,314,188,66,131,0.0605428
529,473,209,60,120,0.0605428
529,246,190,58,116,0.0605428
530,313,185,69,138,0.057634
530,475,211,58,117,0.057634
531,316,188,66,132,0.0624232
531,476,211,61,121,0.0624232
531,251,188,58,116,0.0624232
532,463,180,139,258,0.0604059
532,315,186,70,140,0.0604059
532,252,191,57,113,0.0604059
533,318,185,70,140,0.0677714
533,461,206,130,236,0.0677714
533,252,191,57,113,0.0677714
533,283,195,58,117,0.0677714
534,461,194,134,246,0.0657292
534,319,189,67,134,0.0657292
534,289,195,59,118,0.0657292
535,319,183,70,141,0.0573987
535,289,195,59,118,0.0573987
535,462,190,136,250,0.0573987
536,324,184,70,141,0.0609669
536,290,196,60,121,0.0609669
536,463,194,137,246,0.0609669
537,329,188,69,138,0.06144
537,290,196,60,121,0.06144
537,466,182,140,256,0.06144
538,331,184,71,142,0.0559525
538,468,173,145,264,0.0559525
539,329,183,72,144,0.0603915
539,265,189,57,113,0.0603915
539,467,172,146,265,0.0603915
540,472,182,140,256,0.0627557
540,334,185,71,142,0.0627557
541,476,174,143,263,0.0633226
541,336,187,70,139,0.0633226
542,478,180,141,258,0.0574048
542,340,187,66,132,0.0574048
542,266,188,59,118,0.0574048
543,482,177,141,261,0.0561642
543,341,187,66,132,0.0561642
543,269,186,59,118,0.0561642
544,490,175,134,262,0.0729343
544,341,183,68,136,0.0729343
544,300,196,60,121,0.0729343
545,489,170,134,266,0.0560431
545,340,183,69,138,0.0560431
545,282,189,62,122,0.0560431
546,483,174,139,263,0.0587521
546,344,186,66,132,0.0587521
546,272,188,58,116,0.0587521
547,487,181,136,258,0.0709331
547,347,187,63,126,0.0709331
547,272,188,58,116,0.0709331
548,488,181,135,257,0.0594894
548,520,159,62,126,0.0594894
548,348,188,63,126,0.0594894
548,273,187,58,115,0.0594894
549,490,188,134,251,0.0736468
549,523,159,62,124,0.0736468
549,346,188,66,132,0.0736468
549,276,189,57,113,0.0736468
550,485,181,138,258,0.0586454
550,348,189,64,127,0.0586454
550,275,190,57,114,0.0586454
551,482,174,141,263,0.0682171
551,345,187,68,135,0.0682171
551,275,190,58,115,0.0682171
552,481,165,142,271,0.0704561
552,347,184,67,134,0.0704561
552,276,190,58,115,0.0704561
553,348,181,68,136,0.066727
553,480,160,142,275,0.066727
553,277,190,58,117,0.066727
554,477,154,145,281,0.0545838
554,348,181,68,137,0.0545838
554,279,191,57,113,0.0545838
555,483,163,140,273,0.0617285
555,350,179,69,138,0.0617285
555,314,184,61,121,0.0617285
555,278,190,58,116,0.0617285
556,349,178,70,141,0.0629945
556,315,186,60,120,0.0629945
556,280,189,58,114,0.0629945
556,487,175,136,262,0.0629945
557,487,168,136,268,0.0605264
557,354,183,66,130,0.0605264
557,315,186,60,120,0.0605264
557,279,188,59,118,0.0605264
558,490,168,134,268,0.0552376
558,353,184,66,133,0.0552376
558,283,192,56,111,0.0552376
558,315,185,59,118,0.0552376
559,354,183,66,133,0.0702823
559,499,95,119,238,0.0702823
559,284,192,57,113,0.0702823
560,505,192,120,248,0.0656209
560,357,187,66,130,0.0656209
560,287,186,61,121,0.0656209
560,316,183,63,126,0.0656209
561,508,196,118,244,0.0632696
561,360,186,64,129,0.0632696
561,317,195,58,117,0.0632696
562,360,184,67,134,0.0569903
562,314,181,62,125,0.0569903
562,535,204,64,127,0.0569903
563,359,184,69,138,0.0561642
563,321,180,62,123,0.0561642
563,538,205,61,122,0.0561642
564,538,206,59,118,0.0591716
564,323,183,58,117,0.0591716
564,361,185,66,133,0.0591716
565,362,184,69,138,0.061856
565,540,205,64,127,0.061856
565,323,180,62,123,0.061856
566,541,205,65,129,0.057942
566,364,184,66,131,0.057942
567,542,205,66,132,0.0692902
567,367,192,62,124,0.0692902
568,543,204,66,131,0.0553263
568,367,194,62,124,0.0553263
569,545,201,73,146,0.0664594
569,366,192,63,126,0.0664594
569,298,186,58,116,0.0664594
570,547,203,64,129,0.0667119
570,570,155,62,128,0.0667119
570,366,189,66,132,0.0667119
570,299,188,57,114,0.0667119
571,545,199,69,137,0.0533008
571,570,155,62,128,0.0533008
571,298,186,58,116,0.0533008
571,366,182,68,135,0.0533008
572,548,201,71,142,0.0602747
572,367,189,65,129,0.0602747
572,570,155,62,128,0.0602747
572,299,187,59,118,0.0602747
573,548,200,71,142,0.062369
573,368,179,70,139,0.062369
573,300,187,60,120,0.062369
573,565,152,66,147,0.062369
574,367,180,70,139,0.0591352
574,548,199,72,144,0.0591352
574,300,186,59,118,0.0591352
575,549,196,74,149,0.0550771
575,371,184,66,132,0.0550771
575,300,186,62,123,0.0550771
575,609,349,28,110,0.0550771
576,552,199,74,149,0.0610492
576,374,185,66,133,0.0610492
576,570,151,62,150,0.0610492
577,553,199,74,147,0.0724816
577,370,184,69,138,0.0724816
577,580,157,54,125,0.0724816
578,555,200,74,149,0.0637736
578,578,154,55,131,0.0637736
578,304,188,58,115,0.0637736
579,557,201,74,148,0.0572636
580,563,206,69,146,0.0550287
581,567,212,65,139,0.0584022
582,378,184,66,133,0.0625288
582,567,211,65,145,0.0625288
583,378,185,66,132,0.0556459
583,570,211,62,146,0.0556459
583,4,169,29,113,0.0556459
584,383,187,66,131,0.066883
585,384,190,65,129,0.0623074
586,388,189,65,129,0.0544794
586,582,209,51,139,0.0544794
586,602,161,34,125,0.0544794
587,343,183,64,128,0.0608449
587,605,165,31,116,0.0608449
587,390,185,66,133,0.0608449
587,587,209,47,133,0.0608449
588,586,193,48,175,0.0565404
588,392,187,65,130,0.0565404
588,608,169,29,110,0.0565404
589,590,197,45,163,0.060793
589,392,188,66,133,0.060793
590,591,191,44,160,0.0602901
590,393,190,64,128,0.0602901
591,591,188,43,157,0.0622533
591,395,193,62,125,0.0622533
592,591,188,43,158,0.0570182
592,396,192,63,126,0.0570182
592,325,186,55,110,0.0570182
593,592,194,42,155,0.0687471
593,399,199,60,119,0.0687471
594,593,188,42,157,0.0679062
594,398,196,62,123,0.0679062
594,323,181,58,116,0.0679062
595,594,209,41,156,0.058001
595,401,199,61,121,0.058001
595,324,184,57,113,0.058001
596,600,168,35,130,0.0570826
596,325,188,55,110,0.0570826
596,402,196,61,122,0.0570826
597,403,193,62,124,0.0561214
597,598,166,38,140,0.0561214
597,324,186,56,112,0.0561214
598,404,190,63,126,0.0603187
598,602,167,34,121,0.0603187
598,324,186,56,112,0.0603187
599,363,161,74,148,0.05941
599,405,192,62,124,0.05941
599,600,166,35,125,0.05941
599,325,188,55,110,0.05941
600,407,195,62,124,0.0652556
600,600,170,35,122,0.0652556
600,327,186,56,111,0.0652556
