1,0,149,41,257,0
1,566,169,52,158,0
1,85,205,31,106,0
1,418,241,19,48,0
1,34,235,30,93,0
2,0,132,42,274,0
2,563,168,53,158,0
2,85,204,34,109,0
2,421,241,16,47,0
2,425,242,19,47,0
3,563,170,54,159,0
3,1,116,48,284,0
3,84,202,36,109,0
3,427,242,15,47,0
3,624,168,15,86,0
3,36,233,28,98,0
4,562,173,52,153,0
4,1,118,59,284,0
4,86,208,31,104,0
4,428,241,13,51,0
4,440,205,25,85,0
4,625,168,14,90,0
5,0,113,60,289,0
5,563,175,49,154,0
5,90,204,28,106,0
5,428,243,13,48,0
5,447,213,22,77,0
5,623,168,16,89,0
6,1,110,64,293,0
6,561,172,52,158,0
6,431,243,13,46,0
6,447,212,23,79,0
6,621,169,18,90,0
7,0,109,66,301,0
7,561,172,51,161,0
7,449,213,20,77,0
7,431,241,14,50,0
7,621,166,17,115,0
8,0,110,68,294,0
8,561,169,52,162,0
8,449,210,21,80,0
8,621,161,16,125,0
8,437,239,12,51,0
9,0,108,72,296,0
9,556,165,51,167,0
9,617,158,22,154,0
9,100,212,31,94,0
9,450,211,21,79,0
9,437,238,12,54,0
9,433,239,12,51,0
10,0,106,79,296,0
10,551,168,56,169,0
10,98,213,36,94,0
10,436,238,13,53,0
10,449,208,24,83,0
10,615,154,24,177,0
11,0,106,86,299,0
11,551,169,56,165,0
11,101,214,33,97,0
11,612,147,26,189,0
11,450,210,23,82,0
11,438,240,13,53,0
12,0,109,93,289,0
12,550,169,56,169,0
12,612,144,27,193,0
12,101,206,34,106,0
12,450,209,25,82,0
13,0,105,116,298,0
13,547,171,57,168,0
13,608,142,31,195,0
13,451,209,23,82,0
13,439,241,13,50,0
13,441,238,16,55,0
13,102,205,34,107,0
14,0,105,125,293,0
14,546,168,57,171,0
14,608,141,31,200,0
14,441,240,14,54,0
14,451,210,23,81,0
15,0,104,132,294,0
15,543,167,56,171,0
15,608,142,30,198,0
15,441,240,14,54,0
15,452,211,23,81,0
15,108,226,28,86,0
16,0,108,142,289,0
16,543,166,58,173,0
16,606,142,32,197,0
16,442,238,14,55,0
16,453,211,23,80,0
16,439,239,13,55,0
17,0,109,145,287,0
17,604,139,35,199,0
17,543,163,54,173,0
17,442,238,14,55,0
17,452,209,22,82,0
18,0,111,159,283,0
18,600,136,38,203,0
18,542,163,56,179,0
18,453,212,22,79,0
18,442,238,13,55,0
19,12,113,151,284,0
19,599,137,39,203,0
19,541,163,53,180,0
19,452,210,24,81,0
19,442,238,14,56,0
20,25,116,138,283,0
20,596,136,42,209,0
20,541,165,53,183,0
20,453,212,22,78,0
20,442,238,14,55,0
21,38,116,133,282,0
21,597,136,41,211,0
21,538,165,54,185,0
21,453,212,22,79,0
21,40,236,25,95,0
21,443,239,14,54,0
22,80,116,95,275,0
22,537,163,57,188,0
22,594,139,44,204,0
22,442,238,14,55,0
22,453,212,22,79,0
23,105,116,77,266,0
23,595,135,43,216,0
23,533,162,60,188,0
23,36,232,28,105,0
23,455,213,20,78,0
23,441,239,14,55,0
24,116,116,73,268,0
24,593,131,46,224,0
24,529,160,62,187,0
24,443,239,15,54,0
24,40,236,24,94,0
24,457,215,17,76,0
25,124,117,100,264,0
25,525,162,66,188,0
25,593,127,45,228,0
25,443,239,15,55,0
25,37,234,27,96,0
25,457,215,17,76,0
26,125,122,114,257,0
26,524,159,66,191,0
26,592,129,46,224,0
26,41,238,23,91,0
26,443,239,15,54,0
27,130,120,117,258,0
27,524,159,64,188,0
27,590,127,48,227,0
27,443,239,15,55,0
27,40,237,25,93,0
27,457,215,19,76,0
28,139,122,108,255,0
28,523,158,59,194,0
28,591,126,47,234,0
28,443,240,14,54,0
28,125,204,27,103,0
28,456,214,20,77,0
28,40,237,25,93,0
29,159,121,90,255,0
29,590,125,49,232,0
29,518,158,61,198,0
29,120,200,38,114,0
29,41,242,25,87,0
29,455,214,21,76,0
29,443,239,14,54,0
30,190,111,74,262,0
30,588,125,51,234,0
30,515,161,60,194,0
30,122,199,38,114,0
30,454,213,21,77,0
30,41,244,24,84,0
30,443,239,14,54,0
31,200,120,77,251,0
31,583,125,55,235,0
31,511,158,65,195,0
31,123,203,38,111,0
31,41,246,23,81,0
31,454,212,21,78,0
31,443,239,14,54,0
32,204,122,89,246,0
32,581,123,58,240,0
32,130,201,32,114,0
32,507,156,66,203,0
32,41,241,23,87,0
32,455,213,20,77,0
32,442,239,14,54,0
33,203,127,99,242,0
33,578,119,61,242,0
33,505,156,65,200,0
33,136,197,31,118,0
33,40,239,24,90,0
33,443,238,14,54,0
34,214,125,93,243,0
34,575,122,63,240,0
34,506,152,62,209,0
34,139,196,31,116,0
34,40,236,24,93,0
34,455,213,21,77,0
34,442,239,14,54,0
35,229,128,86,238,0
35,570,116,67,246,0
35,505,152,63,208,0
35,139,198,34,115,0
35,40,239,23,89,0
35,88,219,25,95,0
35,442,239,14,54,0
35,455,212,21,78,0
36,245,127,68,235,0
36,139,197,38,115,0
36,504,154,62,211,0
36,567,117,70,254,0
36,40,238,24,91,0
36,455,212,21,78,0
36,93,250,20,63,0
36,442,238,14,54,0
37,566,119,68,251,0
37,254,120,63,242,0
37,506,151,59,215,0
37,138,196,39,115,0
37,40,237,25,92,0
37,89,217,24,94,0
37,455,212,21,77,0
37,442,238,14,54,0
38,260,129,75,227,0
38,502,149,62,217,0
38,567,117,64,251,0
38,138,195,39,117,0
38,87,206,26,108,0
38,38,235,26,94,0
38,454,212,22,77,0
38,442,238,14,54,0
39,267,130,90,223,0
39,565,117,65,256,0
39,501,146,65,219,0
39,139,194,37,118,0
39,89,205,29,108,0
39,39,234,26,95,0
39,442,240,13,53,0
39,454,212,21,76,0
40,275,133,90,216,0
40,563,116,66,262,0
40,496,146,69,218,0
40,144,194,34,118,0
40,90,210,37,102,0
40,40,230,25,98,0
40,443,238,14,54,0
41,279,135,86,215,0
41,489,147,74,219,0
41,561,113,68,268,0
41,146,193,33,118,0
41,41,238,24,90,0
41,97,220,35,91,0
41,453,212,22,76,0
41,442,241,13,54,0
42,483,145,77,227,0
42,561,108,68,275,0
42,295,135,66,214,0
42,149,189,33,119,0
42,40,241,25,87,0
42,96,212,35,101,0
43,560,105,69,283,0
43,480,145,77,229,0
43,310,129,61,220,0
43,149,189,34,124,0
43,98,204,35,109,0
43,40,239,25,89,0
43,450,210,26,81,0
43,443,241,13,54,0
44,478,150,76,224,0
44,558,106,69,275,0
44,316,132,67,214,0
44,151,195,37,120,0
44,104,206,30,109,0
44,39,236,26,93,0
44,451,211,25,80,0
44,443,241,13,54,0
45,322,137,75,207,0
45,476,148,73,228,0
45,554,107,70,275,0
45,151,191,38,122,0
45,104,203,29,112,0
45,36,234,29,95,0
45,442,238,14,55,0
46,326,143,77,200,0
46,551,109,73,276,0
46,474,142,76,234,0
46,152,192,37,125,0
46,104,207,30,106,0
46,37,234,28,94,0
47,334,145,76,196,0
47,543,107,80,282,0
47,154,190,38,123,0
47,469,141,74,236,0
47,107,216,28,97,0
47,38,234,27,95,0
47,451,212,22,76,0
48,542,110,77,280,0
48,343,147,72,192,0
48,465,143,74,235,0
48,156,190,38,124,0
48,111,214,27,102,0
48,39,240,26,88,0
48,441,241,14,54,0
49,539,104,77,286,0
49,461,140,74,242,0
49,157,189,36,124,0
49,354,139,60,195,0
49,111,206,31,110,0
49,39,239,25,89,0
49,443,239,13,53,0
50,534,106,79,288,0
50,360,139,53,193,0
50,456,142,81,245,0
50,157,188,35,121,0
50,112,207,32,109,0
50,41,239,25,89,0
50,443,240,12,52,0
51,529,101,80,291,0
51,366,142,57,195,0
51,454,141,76,243,0
51,155,187,38,124,0
51,112,205,33,110,0
51,41,239,25,89,0
52,525,100,80,291,0
52,450,143,78,250,0
52,156,187,37,126,0
52,370,141,66,191,0
52,112,202,35,114,0
52,40,239,25,89,0
52,442,242,15,53,0
53,521,95,78,304,0
53,444,138,80,257,0
53,374,148,68,182,0
53,157,188,36,125,0
53,113,202,34,115,0
53,39,241,25,86,0
54,516,91,79,313,0
54,435,133,84,263,0
54,380,151,65,180,0
54,158,189,35,127,0
54,113,198,36,118,0
54,38,240,26,87,0
55,516,96,76,310,0
55,390,151,56,177,0
55,434,132,83,266,0
55,157,190,36,128,0
55,114,200,34,117,0
55,39,240,26,86,0
56,512,96,77,308,0
56,431,134,86,261,0
56,396,147,48,178,0
56,157,188,35,131,0
56,114,204,33,113,0
56,39,240,26,87,0
57,508,98,78,312,0
57,423,133,88,266,0
57,155,187,35,131,0
57,114,208,35,110,0
57,400,150,45,172,0
57,38,241,27,87,0
58,503,93,80,323,0
58,416,137,91,267,0
58,153,184,36,133,0
58,115,208,35,112,0
58,37,241,27,87,0
59,398,134,104,272,0
59,499,89,81,330,0
59,154,184,36,135,0
59,115,210,35,112,0
59,40,239,25,89,0
60,404,134,92,279,0
60,498,86,81,346,0
60,153,184,37,135,0
60,114,206,35,115,0
60,38,234,28,94,0
61,395,129,96,282,0
61,495,84,79,340,0
61,114,202,37,123,0
61,153,185,37,136,0
61,37,232,27,98,0
62,384,125,100,287,0
62,492,69,80,360,0
62,149,183,38,137,0
62,111,200,38,123,0
62,37,233,28,95,0
63,378,124,98,293,0
63,487,67,81,358,0
63,150,185,39,136,0
63,111,195,38,128,0
63,39,236,26,92,0
64,470,77,96,348,0
64,379,121,96,303,0
64,149,181,39,142,0
64,111,192,37,134,0
64,35,239,30,90,0
65,459,76,103,351,0
65,379,120,97,311,0
65,149,179,37,144,0
65,110,187,37,140,0
65,36,236,28,93,0
66,457,77,98,360,0
66,374,123,93,307,0
66,149,181,37,144,0
66,111,192,37,135,0
66,34,230,40,99,0
67,369,121,95,320,0
67,455,71,94,366,0
67,148,183,38,141,0
67,111,188,36,142,0
67,35,237,31,90,0
68,363,116,97,327,0
68,452,70,95,374,0
68,148,179,39,145,0
68,109,185,38,147,0
68,35,235,29,93,0
68,0,279,40,133,0
69,355,112,104,333,0
69,449,67,95,372,0
69,147,179,40,146,0
69,108,185,39,145,0
69,0,259,65,148,0
69,3,203,58,184,0
70,342,115,110,331,0
70,440,66,98,374,0
70,147,179,41,146,0
70,107,183,38,148,0
70,0,141,67,262,0
71,332,105,116,338,0
71,434,55,95,398,0
71,147,183,42,144,0
71,106,183,40,150,0
71,0,131,69,275,0
72,323,109,118,342,0
72,423,55,102,402,0
72,0,129,71,285,0
72,146,181,44,151,0
72,104,184,38,149,0
73,305,114,130,342,0
73,417,58,103,408,0
73,147,178,44,156,0
73,11,120,65,296,0
73,104,186,41,147,0
74,288,112,141,351,0
74,412,55,104,413,0
74,19,123,92,286,0
74,147,177,44,154,0
74,103,184,41,150,0
74,0,144,43,234,0
75,308,109,115,364,0
75,407,57,105,417,0
75,22,130,111,278,0
75,147,175,45,155,0
75,101,183,43,152,0
76,11,130,142,277,0
76,295,104,118,369,0
76,403,56,105,420,0
76,148,175,44,155,0
76,100,177,44,153,0
77,274,101,131,375,0
77,398,44,106,435,0
77,31,131,126,272,0
77,149,174,44,157,0
77,488,155,38,139,0
78,257,99,136,372,0
78,389,37,115,442,0
78,47,129,110,269,0
78,150,172,51,159,0
78,487,166,39,135,0
78,44,175,59,219,0
79,246,93,138,381,0
79,383,28,119,442,0
79,71,129,82,262,0
79,144,173,55,161,0
79,48,144,85,245,0
79,488,157,40,151,0
80,377,28,118,451,0
80,265,96,114,371,0
80,43,146,102,245,0
80,154,175,46,159,0
80,100,126,60,273,0
80,488,157,43,146,0
81,372,24,119,448,0
81,261,91,112,385,0
81,49,164,94,229,0
81,114,133,73,255,0
81,496,164,41,136,0
81,87,153,90,232,0
81,160,172,41,158,0
81,564,213,13,45,0
82,363,26,124,453,0
82,251,92,115,380,0
82,106,136,104,257,0
82,496,165,45,135,0
82,78,171,65,209,0
82,167,171,42,164,0
82,564,212,14,46,0
83,352,24,128,455,0
83,118,142,110,250,0
83,240,86,116,387,0
83,499,166,45,136,0
83,108,166,43,225,0
83,565,212,14,45,0
84,339,25,136,450,0
84,132,141,100,246,0
84,228,80,118,398,0
84,501,166,42,134,0
84,114,169,50,219,0
84,464,211,24,87,0
84,564,212,15,45,0
85,334,18,133,461,0
85,205,71,133,402,0
85,156,141,70,239,0
85,118,175,61,207,0
85,505,169,41,130,0
85,140,155,68,225,0
85,41,224,24,111,0
85,458,190,30,111,0
86,325,9,134,464,0
86,182,73,140,404,0
86,120,183,79,199,0
86,508,166,38,134,0
86,175,138,48,231,0
86,463,212,26,87,0
86,564,212,15,45,0
87,314,0,144,480,0
87,167,66,147,410,0
87,511,167,37,130,0
87,136,183,60,194,0
87,446,245,16,55,0
87,465,212,23,86,0
87,562,212,15,47,0
87,119,184,40,169,0
88,307,9,137,467,0
88,167,66,129,409,0
88,516,168,36,127,0
88,123,180,46,178,0
88,462,209,27,90,0
88,448,245,18,56,0
88,562,211,17,46,0
89,306,6,128,466,0
89,160,60,128,416,0
89,126,180,46,173,0
89,518,170,37,127,0
89,448,241,18,61,0
89,467,213,21,87,0
89,473,211,20,88,0
89,562,212,16,44,0
90,298,8,121,467,0
90,135,62,149,411,0
90,522,173,36,123,0
90,449,241,17,60,0
90,133,173,35,176,0
90,468,209,24,93,0
90,563,211,15,44,0
91,290,5,127,469,0
91,128,62,147,413,0
91,236,139,51,225,0
91,450,241,17,61,0
91,469,208,28,91,0
91,0,85,48,366,0
91,523,166,38,133,0
92,280,2,131,477,0
92,0,88,100,350,0
92,106,40,164,437,0
92,234,140,60,227,0
92,467,210,29,89,0
92,523,152,39,144,0
93,270,0,130,475,0
93,0,93,109,344,0
93,81,36,164,437,0
93,528,153,38,143,0
93,467,207,26,95,0
93,206,173,53,186,0
93,250,131,44,240,0
94,261,0,134,468,0
94,0,97,99,333,0
94,71,37,132,435,0
94,529,171,39,123,0
94,185,163,37,183,0
94,221,183,48,178,0
94,467,207,25,95,0
94,455,243,16,64,0
95,252,0,138,476,0
95,39,35,138,432,0
95,183,169,50,179,0
95,528,173,38,120,0
95,235,174,40,185,0
95,454,233,22,73,0
95,3,97,76,334,0
95,30,98,48,290,0
95,0,104,48,330,0
95,165,181,40,167,0
96,238,0,144,473,0
96,3,34,155,441,0
96,159,172,44,185,0
96,189,167,48,182,0
96,532,176,40,117,0
96,2,105,44,193,0
96,457,224,21,80,0
97,222,5,147,467,0
97,0,32,149,439,0
97,535,178,43,114,0
97,167,174,46,180,0
97,196,171,40,174,0
97,460,211,26,95,0
97,479,209,21,94,0
98,203,0,155,480,0
98,0,40,136,430,0
98,173,172,42,182,0
98,536,179,40,110,0
98,93,99,70,307,0
98,501,186,24,101,0
98,461,215,23,90,0
98,478,203,26,100,0
99,173,0,187,477,0
99,80,103,110,320,0
99,0,33,115,439,0
99,539,177,36,111,0
99,172,169,38,190,0
99,478,205,26,99,0
99,501,190,23,99,0
100,153,0,214,474,0
100,82,108,114,311,0
100,542,177,34,112,0
100,44,118,84,293,0
100,478,206,27,95,0
100,502,191,22,99,0
100,1,36,75,388,0
101,117,0,234,466,0
101,88,109,91,315,0
101,311,123,79,228,0
101,545,177,33,110,0
101,67,115,64,287,0
101,505,189,23,102,0
101,481,203,27,101,0
101,464,212,24,94,0
101,471,207,29,98,0
101,0,86,52,344,0
102,107,0,220,469,0
102,324,149,70,197,0
102,547,179,37,108,0
102,79,110,66,295,0
102,282,199,59,152,0
102,469,209,31,97,0
102,506,191,26,100,0
103,76,0,225,470,0
103,283,182,61,167,0
103,331,146,64,204,0
103,550,177,35,109,0
103,509,190,31,98,0
103,472,210,29,95,0
104,70,0,210,469,0
104,289,185,59,163,0
104,551,179,34,108,0
104,0,142,64,312,0
104,339,144,60,203,0
104,510,191,32,97,0
104,473,210,29,96,0
104,218,225,61,130,0
105,40,0,194,467,0
105,1,121,62,321,0
105,352,146,53,203,0
105,302,178,48,167,0
105,555,178,33,106,0
105,219,163,74,190,0
105,513,190,36,99,0
105,474,207,25,102,0
105,498,204,21,86,0
105,171,232,72,164,0
106,169,122,107,277,0
106,359,146,62,201,0
106,9,0,200,470,0
106,314,176,41,163,0
106,557,179,34,106,0
106,225,163,76,189,0
106,519,188,31,99,0
106,488,205,29,98,0
106,1,151,29,260,0
106,195,157,103,227,0
107,367,148,66,199,0
107,172,120,108,273,0
107,0,6,198,457,0
107,322,180,40,160,0
107,560,179,36,106,0
107,521,189,34,100,0
107,235,165,65,187,0
107,491,204,27,99,0
108,174,120,109,274,0
108,369,155,69,189,0
108,329,181,44,160,0
108,0,7,165,464,0
108,561,181,37,105,0
108,151,124,51,266,0
108,527,185,29,104,0
108,249,159,51,190,0
108,486,203,33,103,0
108,303,230,17,43,0
109,377,154,67,188,0
109,197,120,88,270,0
109,330,186,49,154,0
109,0,0,147,474,0
109,562,184,38,102,0
109,161,122,50,266,0
109,56,245,68,201,0
109,532,188,29,101,0
109,259,159,42,188,0
109,482,204,40,104,0
110,383,156,63,184,0
110,337,184,43,155,0
110,226,120,58,269,0
110,167,127,62,255,0
110,42,214,132,232,0
110,23,104,142,324,0
110,563,184,38,101,0
110,260,160,43,194,0
110,537,187,29,103,0
110,482,199,39,112,0
111,49,120,141,320,0
111,176,138,70,248,0
111,387,155,56,185,0
111,240,117,56,270,0
111,348,179,42,155,0
111,538,187,34,102,0
111,567,183,34,97,0
111,484,195,38,115,0
111,269,163,51,183,0
111,250,124,64,241,0
112,58,130,141,307,0
112,242,122,78,263,0
112,392,155,48,182,0
112,175,137,77,241,0
112,353,179,43,158,0
112,571,183,28,99,0
112,47,130,78,297,0
112,538,191,37,99,0
112,487,201,37,110,0
112,283,165,54,180,0
113,246,126,83,261,0
113,97,130,93,295,0
113,49,137,108,290,0
113,397,156,50,182,0
113,360,180,45,156,0
113,180,166,75,213,0
113,573,182,30,100,0
113,491,197,33,114,0
113,544,192,36,94,0
114,114,124,83,298,0
114,251,127,93,256,0
114,398,154,57,183,0
114,54,138,93,276,0
114,362,181,46,154,0
114,203,156,58,217,0
114,559,187,28,100,0
114,577,181,25,100,0
114,492,197,30,117,0
114,568,185,29,99,0
114,513,205,17,99,0
115,256,127,89,251,0
115,84,140,80,272,0
115,138,128,71,296,0
115,398,162,57,172,0
115,215,150,56,221,0
115,363,178,50,157,0
115,562,185,25,103,0
115,505,199,31,111,0
115,497,199,29,115,0
115,581,181,24,98,0
116,278,126,66,251,0
116,151,133,69,286,0
116,220,134,60,231,0
116,408,156,46,178,0
116,119,142,46,262,0
116,371,171,45,160,0
116,505,200,33,109,0
116,563,187,30,100,0
116,586,180,24,98,0
116,499,201,29,106,0
117,153,135,88,285,0
117,293,120,56,255,0
117,412,161,46,168,0
117,133,142,44,263,0
117,229,142,76,228,0
117,500,199,39,112,0
117,383,174,34,156,0
117,566,187,29,99,0
117,589,181,24,94,0
118,300,127,64,245,0
118,165,139,83,275,0
118,234,135,81,233,0
118,419,158,54,171,0
118,133,142,61,259,0
118,569,186,34,100,0
118,387,181,38,143,0
118,500,203,37,107,0
118,591,181,24,93,0
118,38,238,28,94,0
119,135,149,95,260,0
119,306,126,78,240,0
119,234,141,80,230,0
119,184,138,75,267,0
119,423,159,50,171,0
119,392,180,33,147,0
119,571,185,36,101,0
119,501,240,32,74,0
119,593,178,25,85,0
119,38,240,28,95,0
119,505,215,35,91,0
120,143,147,87,253,0
120,312,129,87,239,0
120,245,141,71,225,0
120,199,134,66,262,0
120,427,159,49,168,0
120,394,175,38,153,0
120,506,196,33,114,0
120,577,185,36,97,0
121,313,133,83,231,0
121,211,139,70,259,0
121,166,147,65,246,0
121,265,139,51,222,0
121,509,194,33,119,0
121,582,187,27,96,0
121,430,161,50,166,0
121,400,181,37,146,0
121,38,237,26,95,0
122,209,145,104,251,0
122,319,126,75,243,0
122,189,144,47,246,0
122,587,184,33,97,0
122,435,161,45,162,0
122,272,148,48,201,0
122,513,201,29,113,0
122,400,160,43,162,0
122,40,239,24,91,0
122,313,173,30,154,0
123,215,143,106,252,0
123,340,128,58,237,0
123,588,184,32,99,0
123,441,162,41,158,0
123,188,145,53,244,0
123,514,197,36,118,0
123,408,156,40,168,0
123,285,141,41,201,0
123,321,169,32,158,0
123,40,238,23,94,0
124,215,143,111,254,0
124,347,134,55,225,0
124,589,185,33,100,0
124,517,197,32,118,0
124,443,161,41,158,0
124,289,138,44,212,0
124,208,148,42,239,0
124,404,170,45,152,0
124,323,170,33,158,0
124,608,185,19,45,0
125,353,133,64,226,0
125,240,144,86,248,0
125,445,161,43,159,0
125,592,184,31,101,0
125,209,152,68,224,0
125,410,165,44,157,0
125,514,200,31,112,0
125,301,148,35,185,0
125,327,167,32,169,0
125,40,235,25,98,0
126,211,147,80,232,0
126,360,135,70,222,0
126,269,146,64,242,0
126,596,182,30,100,0
126,449,162,41,155,0
126,416,178,41,140,0
126,513,201,27,105,0
126,310,154,36,183,0
126,331,167,33,173,0
126,319,159,36,181,0
126,41,242,25,89,0
126,526,210,29,103,0
126,534,227,25,88,0
127,222,148,71,229,0
127,282,146,60,238,0
127,363,136,74,220,0
127,599,185,30,97,0
127,451,165,44,151,0
127,514,200,24,108,0
127,537,225,28,91,0
127,328,165,39,172,0
127,419,175,39,142,0
127,528,208,33,105,0
127,39,237,26,94,0
128,367,138,65,218,0
128,243,149,57,224,0
128,287,143,72,241,0
128,456,166,40,152,0
128,601,185,30,98,0
128,540,239,31,78,0
128,514,195,25,114,0
128,426,169,33,148,0
128,343,169,30,160,0
129,293,147,79,238,0
129,377,137,65,216,0
129,255,150,48,219,0
129,457,166,43,152,0
129,545,243,28,74,0
129,605,186,27,95,0
129,514,198,24,111,0
129,40,229,25,101,0
129,427,165,34,153,0
129,349,170,31,150,0
130,301,150,72,236,0
130,380,135,60,214,0
130,266,152,48,222,0
130,463,165,40,150,0
130,605,185,29,95,0
130,40,232,25,98,0
130,510,200,29,109,0
130,351,174,31,151,0
130,551,240,28,69,0
131,271,151,65,222,0
131,386,135,55,213,0
131,318,148,60,228,0
131,467,165,41,151,0
131,609,180,27,101,0
131,41,235,24,95,0
131,511,194,28,115,0
131,359,171,34,168,0
131,555,235,29,84,0
132,273,156,69,211,0
132,389,135,61,214,0
132,327,146,63,233,0
132,470,167,42,147,0
132,607,182,30,99,0
132,40,235,25,94,0
132,512,195,27,115,0
132,562,235,23,81,0
132,443,180,33,136,0
133,280,154,62,211,0
133,335,148,59,229,0
133,389,138,65,212,0
133,608,184,29,97,0
133,473,168,41,144,0
133,41,235,24,95,0
133,565,243,24,71,0
133,513,193,28,117,0
133,444,188,33,128,0
134,295,158,53,205,0
134,341,151,77,223,0
134,394,143,63,204,0
134,475,170,41,142,0
134,611,187,28,94,0
134,566,242,26,68,0
134,40,235,25,95,0
134,514,192,30,118,0
134,447,181,30,134,0
135,342,153,87,220,0
135,307,153,45,207,0
135,405,145,56,195,0
135,478,172,41,138,0
135,612,186,27,93,0
135,39,235,26,95,0
135,513,188,30,121,0
135,571,237,22,79,0
135,450,186,29,129,0
136,352,150,79,223,0
136,310,152,44,206,0
136,412,142,57,200,0
136,614,186,25,93,0
136,480,170,40,141,0
136,514,190,30,120,0
136,573,241,24,77,0
136,39,234,26,97,0
137,369,148,63,220,0
137,313,158,63,198,0
137,419,144,58,198,0
137,615,185,24,92,0
137,481,172,37,139,0
137,517,189,30,122,0
137,576,228,25,92,0
138,321,161,61,194,0
138,422,145,56,194,0
138,378,150,58,217,0
138,485,172,34,136,0
138,516,188,32,122,0
138,577,232,26,82,0
138,616,184,23,94,0
138,40,238,26,93,0
139,326,158,61,197,0
139,386,148,56,218,0
139,431,146,52,192,0
139,485,171,37,135,0
139,520,188,33,124,0
139,39,237,27,94,0
139,580,229,23,78,0
139,618,184,21,93,0
140,333,159,56,195,0
140,393,154,61,209,0
140,436,150,50,186,0
140,487,173,43,130,0
140,524,196,32,116,0
140,618,188,21,89,0
140,40,242,26,88,0
140,577,234,27,88,0
141,342,159,50,191,0
141,397,157,63,204,0
141,490,173,40,135,0
141,439,150,51,184,0
141,576,234,27,90,0
141,524,200,34,113,0
141,621,188,18,85,0
141,388,156,31,177,0
141,40,237,26,93,0
142,351,157,50,192,0
142,403,150,63,213,0
142,571,233,34,89,0
142,444,150,54,179,0
142,491,176,38,132,0
142,622,187,17,87,0
142,526,209,33,103,0
142,419,152,60,194,0
142,390,156,32,172,0
142,39,236,27,95,0
143,355,160,59,188,0
143,417,156,55,200,0
143,567,233,39,92,0
143,443,150,47,187,0
143,527,210,37,101,0
143,398,155,33,179,0
143,623,187,16,87,0
143,501,174,30,128,0
143,39,238,27,93,0
144,357,161,68,188,0
144,504,170,34,132,0
144,563,233,43,92,0
144,421,165,60,190,0
144,528,217,36,96,0
144,456,152,45,159,0
144,623,187,15,83,0
144,397,155,36,171,0
144,40,241,26,90,0
145,362,160,54,187,0
145,424,154,61,199,0
145,563,231,41,94,0
145,503,175,48,128,0
145,400,154,35,170,0
145,457,150,41,158,0
145,626,189,13,71,0
145,40,242,26,90,0
146,368,162,53,184,0
146,431,156,67,196,0
146,507,177,46,128,0
146,405,159,37,164,0
146,560,233,40,92,0
146,460,155,46,164,0
146,626,190,13,69,0
147,371,165,52,180,0
147,437,160,63,194,0
147,561,233,37,92,0
147,510,175,46,135,0
147,411,161,37,162,0
147,626,191,13,63,0
148,374,162,46,177,0
148,443,159,62,191,0
148,558,235,39,91,0
148,410,162,43,161,0
148,512,178,45,131,0
148,625,191,14,62,0
148,39,231,27,103,0
149,451,154,58,195,0
149,376,161,41,179,0
149,557,235,39,91,0
149,412,163,44,165,0
149,517,175,41,135,0
149,625,190,13,67,0
149,38,231,28,104,0
150,455,154,60,194,0
150,378,164,39,177,0
150,560,236,35,89,0
150,414,160,48,165,0
150,520,174,40,136,0
151,457,154,61,191,0
151,382,164,44,173,0
151,562,237,32,89,0
151,420,158,47,163,0
151,39,237,26,94,0
151,525,174,31,119,0
151,528,212,31,95,0
152,386,165,46,169,0
152,462,158,60,163,0
152,422,152,47,175,0
152,563,237,33,87,0
152,530,235,32,78,0
152,40,233,25,99,0
152,527,176,30,105,0
153,464,157,61,189,0
153,389,166,43,171,0
153,425,154,46,172,0
153,563,235,32,88,0
153,526,176,37,135,0
153,40,235,24,96,0
154,468,159,59,186,0
154,391,167,42,170,0
154,431,158,43,164,0
154,563,234,32,90,0
154,40,239,24,93,0
154,528,224,34,87,0
154,534,177,26,76,0
155,470,160,61,182,0
155,393,166,45,170,0
155,431,160,42,166,0
155,562,231,33,93,0
155,528,217,34,94,0
155,628,192,11,67,0
155,536,177,31,71,0
156,397,169,50,165,0
156,473,160,58,182,0
156,438,163,43,159,0
156,563,233,31,92,0
156,527,214,37,98,0
156,627,193,12,64,0
156,532,193,37,108,0
156,422,164,47,163,0
157,477,160,58,179,0
157,402,175,51,157,0
157,438,164,43,155,0
157,563,237,31,89,0
157,525,216,37,97,0
157,550,179,33,115,0
157,627,193,12,64,0
158,478,160,57,178,0
158,405,172,48,159,0
158,438,162,41,159,0
158,556,194,37,124,0
158,527,207,36,106,0
158,561,229,33,97,0
158,39,230,27,103,0
159,483,162,53,176,0
159,405,177,57,155,0
159,561,235,34,92,0
159,440,161,47,149,0
159,526,218,36,90,0
159,551,180,37,87,0
160,482,162,58,175,0
160,553,179,42,145,0
160,408,175,50,157,0
160,444,158,40,156,0
160,528,208,32,104,0
160,627,195,12,69,0
161,482,164,54,172,0
161,393,174,41,149,0
161,449,162,34,155,0
161,418,177,41,152,0
161,556,181,36,132,0
161,558,237,35,87,0
161,529,210,30,99,0
161,404,178,44,148,0
162,483,163,55,170,0
162,392,168,43,154,0
162,557,237,35,89,0
162,451,165,38,152,0
162,423,170,36,157,0
162,530,202,30,107,0
162,40,229,25,104,0
162,558,179,37,86,0
162,625,197,13,65,0
163,483,162,56,170,0
163,553,176,42,149,0
163,391,174,43,149,0
163,452,167,39,149,0
163,424,171,36,155,0
163,530,192,30,117,0
163,39,236,26,94,0
164,484,165,55,165,0
164,388,171,44,152,0
164,426,173,39,151,0
164,558,177,39,142,0
164,452,171,38,141,0
164,627,193,12,69,0
164,532,189,28,117,0
164,40,228,25,105,0
165,484,166,53,165,0
165,389,170,41,152,0
165,430,175,40,148,0
165,567,181,34,112,0
165,39,228,27,102,0
165,459,172,33,137,0
165,531,195,28,116,0
165,627,194,12,67,0
166,390,170,41,152,0
166,485,169,51,161,0
166,431,175,44,145,0
166,568,182,33,109,0
166,39,234,27,96,0
166,530,182,33,129,0
166,462,170,29,137,0
167,484,167,52,163,0
167,387,168,43,153,0
167,435,176,48,144,0
167,39,238,26,91,0
167,533,183,32,127,0
167,568,181,31,114,0
167,465,169,27,139,0
168,387,171,41,152,0
168,485,170,51,157,0
168,437,177,43,147,0
168,36,231,30,98,0
168,572,182,33,110,0
168,466,174,28,134,0
168,533,186,31,122,0
169,441,175,40,147,0
169,386,169,42,156,0
169,486,172,50,155,0
169,574,181,36,110,0
169,534,186,33,123,0
169,35,229,31,100,0
169,467,175,25,138,0
170,386,168,44,159,0
170,445,176,40,144,0
170,483,172,52,153,0
170,575,178,34,114,0
170,533,187,39,123,0
171,448,174,44,148,0
171,385,164,47,164,0
171,487,172,48,153,0
171,550,192,34,128,0
171,577,180,36,111,0
171,533,188,29,119,0
172,451,173,42,147,0
172,386,165,45,161,0
172,489,178,47,147,0
172,532,186,29,122,0
172,579,181,36,112,0
172,557,207,29,111,0
172,36,240,31,91,0
173,453,173,41,147,0
173,385,164,46,167,0
173,489,179,47,145,0
173,36,238,30,91,0
173,579,181,34,110,0
173,529,189,39,117,0
174,383,167,46,163,0
174,456,172,39,150,0
174,491,178,47,142,0
174,533,191,35,110,0
174,37,234,30,95,0
174,559,191,41,125,0
175,381,166,46,167,0
175,461,174,35,145,0
175,492,177,46,141,0
175,537,190,31,106,0
175,587,210,28,80,0
176,379,167,46,166,0
176,463,174,36,146,0
176,493,177,48,141,0
176,558,182,39,141,0
176,591,182,26,109,0
176,537,188,32,107,0
177,377,167,47,168,0
177,466,175,34,144,0
177,496,175,46,142,0
177,37,235,28,95,0
177,565,184,38,135,0
177,588,184,31,109,0
177,544,191,26,102,0
178,376,163,48,170,0
178,468,181,34,134,0
178,500,177,44,142,0
178,38,231,28,98,0
178,566,187,40,129,0
178,584,184,37,124,0
179,372,164,50,171,0
179,469,182,35,132,0
179,502,178,42,138,0
179,37,232,28,97,0
179,569,190,45,128,0
180,370,166,52,172,0
180,471,183,37,131,0
180,505,178,42,136,0
180,37,229,27,100,0
180,567,182,38,136,0
180,525,179,29,117,0
181,369,166,53,174,0
181,506,179,45,130,0
181,474,182,37,126,0
181,38,235,26,92,0
181,582,182,35,133,0
182,368,166,55,175,0
182,508,178,45,135,0
182,579,179,45,140,0
182,37,230,27,101,0
182,479,181,36,128,0
182,0,289,62,148,0
183,369,164,53,177,0
183,577,184,50,139,0
183,483,183,36,125,0
183,512,178,44,135,0
183,0,106,43,218,0
183,557,191,30,105,0
183,40,231,22,67,0
184,367,163,53,176,0
184,573,173,58,152,0
184,486,180,36,129,0
184,515,182,43,133,0
184,0,106,64,324,0
185,14,111,72,326,0
185,366,161,54,183,0
185,580,181,53,144,0
185,487,182,39,126,0
185,517,182,43,131,0
185,555,192,33,102,0
186,362,160,57,185,0
186,16,112,91,322,0
186,487,183,45,122,0
186,518,182,44,129,0
186,585,180,44,145,0
186,559,194,31,100,0
186,614,187,23,133,0
187,14,112,102,318,0
187,359,161,57,185,0
187,491,185,43,121,0
187,528,182,38,127,0
187,590,181,39,146,0
187,562,191,30,101,0
188,357,158,54,192,0
188,24,119,114,316,0
188,531,181,39,128,0
188,496,189,38,119,0
188,562,189,34,105,0
188,592,193,47,132,0
189,353,157,56,193,0
189,67,123,82,284,0
189,497,187,38,116,0
189,532,182,42,126,0
189,602,177,36,149,0
189,563,194,35,101,0
190,348,152,60,199,0
190,98,124,62,281,0
190,497,185,35,120,0
190,533,175,42,136,0
190,605,177,31,122,0
190,37,232,28,97,0
190,565,186,28,107,0
191,344,147,61,207,0
191,115,123,53,274,0
191,499,184,32,120,0
191,537,182,41,126,0
191,37,233,28,97,0
191,562,179,27,111,0
191,612,183,27,122,0
192,124,127,67,276,0
192,343,149,57,207,0
192,499,186,31,116,0
192,538,182,37,129,0
192,37,236,29,93,0
192,563,179,30,114,0
192,616,169,23,152,0
193,342,149,59,207,0
193,124,131,73,274,0
193,501,184,33,118,0
193,562,179,31,116,0
193,540,185,39,122,0
193,38,232,26,99,0
194,126,138,89,265,0
194,339,151,64,210,0
194,505,187,32,113,0
194,544,182,39,123,0
194,623,165,15,112,0
194,562,175,31,119,0
195,148,140,80,256,0
195,334,149,63,216,0
195,506,185,32,116,0
195,547,183,39,123,0
195,623,167,15,111,0
195,37,244,25,84,0
196,171,134,56,254,0
196,331,147,64,215,0
196,510,185,34,116,0
196,548,186,41,120,0
196,578,182,30,104,0
196,392,201,22,85,0
197,327,146,64,213,0
197,183,131,52,252,0
197,513,186,34,116,0
197,551,186,38,121,0
197,579,183,24,105,0
197,37,245,28,82,0
198,322,143,64,220,0
198,188,138,62,241,0
198,518,186,35,115,0
198,555,185,38,120,0
198,582,184,21,102,0
198,393,203,30,83,0
199,309,144,72,222,0
199,194,143,75,234,0
199,518,187,37,112,0
199,559,182,40,122,0
200,201,145,64,235,0
200,304,144,74,226,0
200,519,185,37,115,0
200,561,181,39,120,0
201,303,140,69,232,0
201,205,147,68,226,0
201,523,183,33,115,0
201,563,181,41,119,0
201,600,198,31,87,0
201,36,238,27,90,0
202,298,136,71,239,0
202,221,145,66,221,0
202,524,182,32,118,0
202,563,181,43,121,0
202,604,203,26,79,0
202,591,180,25,104,0
202,594,193,33,93,0
203,295,135,66,236,0
203,527,182,29,115,0
203,240,148,50,218,0
203,590,179,28,110,0
203,567,186,39,115,0
203,36,241,27,88,0
204,282,135,74,243,0
204,530,183,30,115,0
204,253,144,46,217,0
204,413,205,19,81,0
204,573,185,37,112,0
204,593,178,27,110,0
204,37,241,26,88,0
205,274,134,74,245,0
205,532,185,35,112,0
205,571,184,38,115,0
205,415,204,19,82,0
205,594,178,29,111,0
205,35,242,28,87,0
206,265,132,81,254,0
206,535,186,33,113,0
206,572,180,39,120,0
206,417,206,25,82,0
206,586,178,36,119,0
206,596,178,30,108,0
206,36,241,27,87,0
207,263,133,80,256,0
207,537,185,32,113,0
207,578,182,41,115,0
207,599,180,29,107,0
207,37,240,26,88,0
208,263,131,74,261,0
208,543,186,32,110,0
208,579,186,39,111,0
208,602,181,28,103,0
208,590,187,35,105,0
208,415,206,33,79,0
208,38,233,25,96,0
209,255,123,77,269,0
209,544,187,35,110,0
209,581,187,39,110,0
209,37,235,26,93,0
209,605,183,25,96,0
210,249,122,79,273,0
210,546,188,36,108,0
210,583,186,39,112,0
210,37,234,26,94,0
210,302,143,35,196,0
210,607,182,28,100,0
211,229,120,85,280,0
211,305,153,46,195,0
211,551,189,33,107,0
211,585,185,40,112,0
211,37,239,26,88,0
211,609,180,26,99,0
212,213,119,98,287,0
212,307,156,54,192,0
212,553,189,31,105,0
212,588,187,38,107,0
212,435,204,21,83,0
212,36,237,26,91,0
213,211,117,96,292,0
213,314,160,55,185,0
213,555,188,31,104,0
213,37,236,25,93,0
213,589,188,38,104,0
213,2,225,35,113,0
214,210,116,90,294,0
214,317,162,54,183,0
214,557,187,31,105,0
214,590,188,37,106,0
214,39,239,25,91,0
214,621,183,17,101,0
214,4,227,33,102,0
215,202,115,83,297,0
215,326,159,45,178,0
215,558,187,32,104,0
215,591,189,37,105,0
215,39,242,25,90,0
216,190,113,87,302,0
216,334,158,45,181,0
216,561,188,32,104,0
216,592,190,35,101,0
216,39,240,24,92,0
217,184,114,84,308,0
217,344,160,40,180,0
217,563,190,31,103,0
217,602,189,34,104,0
217,442,199,26,88,0
217,38,242,25,87,0
217,590,192,24,93,0
218,166,110,94,313,0
218,348,161,41,180,0
218,604,188,34,110,0
218,564,187,28,105,0
219,161,110,90,327,0
219,354,164,44,172,0
219,609,186,29,110,0
219,578,190,24,99,0
219,36,239,28,91,0
219,565,184,23,100,0
220,149,107,94,333,0
220,357,167,49,168,0
220,608,183,29,114,0
220,578,190,29,100,0
220,0,131,41,281,0
220,458,197,20,88,0
220,564,189,23,94,0
220,315,237,9,30,0
221,149,101,86,341,0
221,364,163,48,171,0
221,578,190,32,101,0
221,1,143,68,262,0
221,613,184,25,115,0
221,36,234,28,97,0
221,566,195,21,89,0
221,462,202,25,83,0
222,139,95,84,346,0
222,0,125,90,276,0
222,615,171,24,126,0
222,371,169,43,163,0
222,581,190,33,98,0
223,115,96,97,348,0
223,0,126,97,278,0
223,379,163,41,164,0
223,580,194,32,95,0
223,614,175,25,128,0
223,459,202,29,86,0
224,76,95,129,362,0
224,0,125,102,281,0
224,384,161,43,168,0
224,597,172,41,126,0
224,461,208,29,80,0
224,577,193,31,95,0
225,60,93,143,365,0
225,389,160,43,168,0
225,2,125,87,281,0
225,596,176,43,120,0
225,575,187,24,93,0
226,51,90,149,377,0
226,389,164,52,162,0
226,6,126,85,278,0
226,585,171,53,125,0
226,471,199,23,87,0
227,46,81,141,389,0
227,392,168,54,158,0
227,20,126,69,288,0
227,584,178,38,119,0
227,615,173,22,123,0
227,473,203,20,83,0
228,36,80,117,388,0
228,400,169,48,158,0
228,581,175,29,124,0
228,604,173,33,122,0
228,478,198,23,91,0
229,31,71,103,404,0
229,412,168,42,156,0
229,577,176,30,123,0
229,596,178,41,118,0
229,477,203,24,81,0
229,580,177,43,121,0
230,19,70,123,406,0
230,419,164,37,159,0
230,566,177,38,123,0
230,479,201,30,84,0
230,594,175,31,120,0
231,1,72,153,397,0
231,551,176,59,123,0
231,422,164,41,158,0
231,481,201,31,85,0
231,610,192,23,92,0
232,66,134,91,252,0
232,0,71,109,405,0
232,427,167,41,151,0
232,545,178,59,121,0
232,606,189,30,97,0
232,489,204,25,83,0
233,73,136,88,258,0
233,0,65,90,404,0
233,430,170,42,149,0
233,548,180,50,119,0
233,605,189,31,99,0
233,580,175,26,115,0
234,91,136,69,257,0
234,439,173,38,145,0
234,0,43,64,424,0
234,546,184,33,114,0
234,607,189,30,94,0
234,575,180,42,116,0
235,104,131,64,254,0
235,443,170,35,145,0
235,542,181,29,118,0
235,611,192,27,89,0
235,569,179,45,119,0
235,1,43,37,436,0
235,30,172,37,195,0
236,110,131,65,255,0
236,447,168,34,145,0
236,540,180,26,116,0
236,561,178,43,120,0
236,598,190,31,91,0
236,31,231,33,100,0
236,591,185,24,94,0
237,116,130,78,252,0
237,451,172,39,141,0
237,533,181,31,115,0
237,557,179,36,117,0
237,592,185,27,97,0
237,617,193,20,90,0
237,390,205,19,79,0
237,501,194,31,91,0
237,37,236,26,95,0
238,122,138,90,242,0
238,455,173,41,139,0
238,617,193,20,89,0
238,551,180,28,119,0
238,522,186,42,113,0
238,593,186,27,94,0
238,539,183,34,115,0
238,392,204,26,83,0
238,499,195,30,89,0
239,132,140,84,240,0
239,458,175,44,137,0
239,617,192,21,89,0
239,546,181,29,115,0
239,516,186,45,111,0
239,595,186,27,96,0
239,38,238,25,91,0
239,602,190,28,93,0
240,135,141,79,243,0
240,461,175,43,137,0
240,540,181,36,119,0
240,516,186,33,109,0
240,596,187,25,93,0
240,618,192,20,90,0
240,39,235,25,94,0
241,134,143,76,235,0
241,464,174,40,136,0
241,538,182,39,116,0
241,596,188,26,92,0
241,619,193,20,89,0
241,517,183,29,114,0
241,398,202,23,83,0
241,37,236,27,91,0
242,142,140,72,236,0
242,0,109,78,328,0
242,524,184,52,113,0
242,473,172,35,133,0
242,599,188,24,92,0
242,621,194,18,85,0
242,36,233,30,98,0
242,563,211,14,48,0
243,154,140,65,230,0
243,0,102,86,336,0
243,524,184,40,113,0
243,478,174,32,134,0
243,600,187,23,91,0
243,622,194,17,84,0
243,504,188,32,108,0
243,410,206,22,81,0
244,162,139,63,230,0
244,0,102,88,330,0
244,412,202,31,85,0
244,510,183,40,113,0
244,481,172,32,132,0
244,624,195,15,83,0
244,602,187,22,89,0
244,560,210,16,47,0
245,166,140,61,230,0
245,0,101,86,339,0
245,486,177,36,131,0
245,516,184,28,112,0
245,413,205,31,82,0
245,623,194,16,85,0
245,604,185,21,91,0
245,615,193,18,87,0
245,559,211,16,47,0
246,174,139,57,227,0
246,30,99,69,340,0
246,486,178,38,131,0
246,414,201,28,86,0
246,514,186,30,110,0
246,604,185,22,91,0
246,625,194,14,84,0
246,559,210,16,46,0
246,615,192,18,85,0
247,37,103,91,323,0
247,179,145,58,222,0
247,486,179,45,126,0
247,420,194,24,91,0
247,606,185,21,90,0
247,558,211,16,47,0
247,627,192,12,87,0
247,617,192,16,85,0
247,523,199,25,92,0
248,41,103,129,329,0
248,185,158,59,212,0
248,488,178,42,124,0
248,607,186,21,91,0
248,522,197,26,95,0
248,426,197,22,87,0
248,616,191,18,86,0
248,559,211,16,47,0
248,628,193,11,84,0
248,305,235,14,42,0
249,40,112,145,317,0
249,186,153,62,217,0
249,433,200,19,85,0
249,500,176,31,124,0
249,481,192,25,105,0
249,606,185,24,92,0
249,614,191,20,87,0
249,561,211,15,45,0
250,45,111,139,315,0
250,193,145,58,221,0
250,498,176,43,127,0
250,432,201,27,85,0
250,609,189,24,86,0
250,473,193,29,102,0
250,37,233,28,97,0
250,561,211,13,45,0
251,79,114,107,301,0
251,203,145,51,219,0
251,498,178,46,122,0
251,613,192,22,85,0
251,466,193,37,103,0
251,434,199,30,89,0
251,36,236,28,92,0
252,207,148,52,214,0
252,110,114,81,302,0
252,504,180,40,122,0
252,615,195,23,82,0
252,462,196,37,97,0
252,488,189,24,107,0
252,38,236,26,92,0
252,491,186,33,114,0
253,211,147,53,209,0
253,149,106,55,308,0
253,508,178,37,124,0
253,611,194,26,83,0
253,479,195,29,100,0
253,38,242,24,87,0
254,146,119,84,287,0
254,216,149,56,209,0
254,511,178,35,125,0
254,610,191,26,83,0
254,478,192,33,103,0
254,459,192,28,99,0
254,39,240,24,89,0
255,147,124,106,283,0
255,222,148,65,209,0
255,457,192,27,103,0
255,609,191,28,86,0
255,517,177,30,122,0
255,475,192,32,103,0
255,541,195,23,92,0
255,38,240,25,89,0
256,150,124,107,284,0
256,229,149,59,203,0
256,611,189,24,87,0
256,453,195,24,100,0
256,38,236,25,92,0
256,520,177,31,122,0
256,474,192,25,102,0
256,543,195,22,90,0
257,169,129,94,273,0
257,240,149,49,202,0
257,466,193,28,100,0
257,611,188,25,91,0
257,35,236,26,93,0
257,445,198,32,95,0
257,518,183,35,116,0
257,544,192,24,95,0
258,196,123,68,269,0
258,525,179,30,121,0
258,248,146,37,202,0
258,441,199,36,94,0
258,36,231,27,97,0
258,465,195,25,94,0
258,615,182,24,94,0
259,222,135,51,255,0
259,528,181,29,119,0
259,255,152,33,200,0
259,462,196,28,95,0
259,35,225,30,102,0
259,616,173,23,105,0
259,438,202,30,88,0
260,229,133,61,251,0
260,530,181,30,119,0
260,459,197,28,94,0
260,617,171,21,105,0
260,33,232,31,96,0
260,439,198,21,93,0
260,259,148,38,198,0
261,231,129,92,256,0
261,618,172,21,130,0
261,531,182,33,115,0
261,35,224,31,104,0
261,435,195,24,96,0
261,459,197,27,91,0
261,475,199,25,93,0
262,230,132,101,250,0
262,615,171,24,135,0
262,534,181,34,115,0
262,432,194,28,98,0
262,33,237,32,90,0
262,477,204,25,86,0
262,451,196,27,92,0
