1,0,3,109,472,1
1,285,78,85,263,1
1,128,132,37,130,1
1,179,120,31,140,1
2,0,7,101,466,1
2,289,76,78,268,1
2,124,120,38,143,1
2,175,115,31,146,1
3,120,117,38,145,1
3,172,116,32,146,1
3,293,73,69,273,1
3,0,23,94,451,1
3,347,127,27,164,1
3,553,236,24,77,1
3,286,113,26,114,1
4,115,116,40,147,1
4,294,70,65,281,1
4,168,113,33,151,1
4,2,24,79,445,1
4,554,239,26,77,1
4,346,122,26,175,1
4,286,113,25,136,1
4,455,143,11,23,1
5,112,117,39,151,1
5,164,114,36,156,1
5,290,68,66,281,1
5,1,35,54,389,1
5,555,242,26,77,1
5,343,127,27,170,1
5,258,144,14,53,1
6,109,118,41,153,1
6,162,114,36,159,1
6,287,68,67,279,1
6,342,124,28,170,1
6,0,46,52,273,1
6,257,147,15,52,1
7,108,119,40,155,1
7,158,113,38,160,1
7,284,69,68,280,1
7,560,238,26,79,1
7,341,118,30,175,1
7,1,80,37,269,1
7,235,146,16,53,1
8,102,121,46,158,1
8,156,114,40,163,1
8,283,69,68,284,1
8,340,117,30,172,1
8,565,237,24,83,1
8,257,150,14,49,1
9,101,123,45,164,1
9,156,114,42,168,1
9,281,72,68,287,1
9,338,109,31,179,1
9,567,237,27,85,1
9,590,236,36,72,1
9,255,153,17,49,1
10,101,127,44,166,1
10,154,119,43,173,1
10,282,78,67,286,1
10,334,110,35,183,1
10,257,156,15,51,1
10,571,242,26,84,1
11,290,77,65,286,1
11,109,128,47,171,1
11,162,122,43,177,1
11,341,112,37,186,1
11,586,241,26,90,1
12,114,131,48,169,1
12,170,124,42,177,1
12,291,79,70,296,1
12,346,114,42,187,1
12,599,242,29,91,1
13,289,76,78,292,1
13,121,131,47,174,1
13,178,128,43,181,1
13,354,117,46,185,1
13,616,239,22,96,1
14,126,135,49,176,1
14,295,81,74,295,1
14,184,130,45,183,1
14,360,120,49,191,1
15,130,138,48,182,1
15,294,88,79,289,1
15,189,132,44,181,1
15,365,126,51,190,1
16,295,92,77,295,1
16,131,142,48,187,1
16,191,136,45,185,1
16,367,128,52,192,1
17,131,147,50,188,1
17,297,97,78,297,1
17,193,138,45,189,1
17,369,134,55,188,1
18,129,150,49,194,1
18,194,141,44,196,1
18,372,139,56,186,1
18,305,102,72,302,1
19,307,105,72,307,1
19,125,153,51,197,1
19,195,144,44,199,1
19,375,144,53,187,1
20,121,158,53,199,1
20,376,150,52,191,1
20,309,113,70,308,1
20,194,149,44,208,1
21,114,156,57,209,1
21,377,156,53,191,1
21,305,119,72,302,1
21,191,155,47,206,1
22,106,160,60,214,1
22,307,123,68,291,1
22,375,161,53,190,1
22,187,160,48,210,1
22,582,383,35,72,1
23,97,163,63,228,1
23,374,166,51,191,1
23,307,131,66,294,1
23,181,164,51,219,1
23,516,197,15,27,1
24,87,170,66,231,1
24,304,136,62,300,1
24,174,168,55,227,1
24,370,172,50,194,1
25,75,179,71,232,1
25,166,173,58,232,1
25,299,144,64,299,1
25,366,177,50,196,1
25,511,209,13,26,1
26,66,180,74,236,1
26,160,178,61,232,1
26,361,181,52,196,1
26,294,152,66,293,1
26,508,210,15,26,1
27,56,182,77,245,1
27,157,181,63,239,1
27,361,183,51,193,1
27,289,154,66,298,1
27,507,212,14,26,1
28,153,183,64,250,1
28,52,185,75,260,1
28,359,183,53,195,1
28,287,154,66,303,1
28,506,211,14,27,1
29,152,183,65,260,1
29,43,182,78,273,1
29,358,183,55,196,1
29,282,153,71,301,1
29,263,219,20,72,1
29,506,212,12,26,1
30,148,182,65,269,1
30,35,184,81,275,1
30,357,182,56,198,1
30,275,156,73,293,1
30,505,211,15,26,1
30,339,197,22,140,1
31,31,182,81,291,1
31,146,181,66,281,1
31,357,182,57,200,1
31,270,154,76,294,1
31,337,194,26,137,1
31,506,211,13,24,1
32,145,176,70,286,1
32,28,179,79,295,1
32,358,182,59,197,1
32,271,151,77,303,1
32,336,191,29,140,1
32,509,209,13,26,1
33,25,177,77,297,1
33,147,168,69,295,1
33,361,180,57,198,1
33,271,151,76,300,1
33,339,190,28,139,1
33,510,206,15,26,1
34,145,162,74,301,1
34,15,172,81,302,1
34,364,177,58,199,1
34,273,152,76,304,1
34,340,188,30,138,1
34,514,203,13,26,1
35,143,157,78,307,1
35,367,174,57,198,1
35,7,166,85,304,1
35,275,148,75,302,1
35,340,183,30,139,1
35,578,407,22,50,1
35,515,201,17,25,1
36,141,147,79,324,1
36,1,158,81,315,1
36,369,171,56,197,1
36,274,144,77,298,1
36,340,182,32,136,1
36,519,197,13,27,1
36,579,398,28,66,1
37,135,140,85,335,1
37,0,150,75,327,1
37,368,168,57,198,1
37,276,138,76,290,1
37,341,178,30,138,1
37,248,215,18,63,1
37,594,394,21,48,1
37,520,196,12,27,1
37,514,197,11,26,1
38,130,132,83,338,1
38,0,143,64,335,1
38,367,165,57,198,1
38,278,135,73,287,1
38,248,217,18,56,1
38,341,179,30,135,1
38,520,195,13,27,1
38,270,202,17,59,1
39,121,131,89,342,1
39,367,164,58,198,1
39,279,132,70,294,1
39,0,139,53,340,1
39,340,176,29,140,1
39,248,213,17,60,1
40,109,124,95,351,1
40,366,163,55,198,1
40,281,130,65,299,1
40,264,199,20,75,1
40,517,192,14,28,1
40,338,175,27,138,1
40,0,187,39,178,1
40,511,194,15,26,1
41,96,115,99,362,1
41,364,161,57,198,1
41,279,130,62,297,1
41,333,170,29,145,1
41,262,195,19,77,1
41,507,190,22,27,1
42,360,160,55,197,1
42,80,104,106,371,1
42,273,132,63,296,1
42,328,166,31,145,1
42,257,193,21,77,1
43,355,157,54,199,1
43,61,92,109,381,1
43,266,128,65,294,1
43,321,163,31,143,1
43,152,182,34,127,1
43,253,189,18,78,1
43,231,205,19,60,1
43,506,185,15,27,1
44,40,79,114,400,1
44,259,122,67,295,1
44,349,153,54,199,1
44,142,177,37,134,1
44,314,159,33,141,1
44,247,186,18,83,1
44,493,184,16,26,1
45,24,67,116,409,1
45,248,116,74,289,1
45,344,148,57,199,1
45,139,174,33,135,1
45,310,156,33,143,1
45,500,178,13,26,1
46,339,144,58,195,1
46,6,54,131,422,1
46,242,111,74,291,1
46,136,169,32,138,1
46,306,151,33,146,1
46,565,379,44,95,1
46,498,173,12,28,1
47,2,49,129,427,1
47,335,141,61,198,1
47,235,110,79,287,1
47,132,166,34,140,1
47,305,150,32,144,1
47,497,172,11,27,1
47,485,175,14,25,1
47,419,183,13,20,1
48,0,42,122,436,1
48,228,110,81,290,1
48,333,140,64,202,1
48,128,167,35,140,1
48,299,149,37,147,1
48,495,172,13,27,1
49,334,139,65,202,1
49,227,112,82,292,1
49,0,19,117,459,1
49,126,164,36,146,1
49,300,151,34,144,1
49,495,172,14,26,1
50,229,113,78,294,1
50,337,139,63,203,1
50,1,11,112,462,1
50,125,164,37,147,1
50,301,151,36,144,1
50,498,171,13,27,1
51,233,111,76,297,1
51,339,141,64,204,1
51,125,162,37,150,1
51,1,7,95,456,1
51,303,149,36,146,1
52,242,110,75,291,1
52,346,140,65,202,1
52,131,161,38,147,1
52,309,145,38,147,1
52,1,115,86,348,1
52,509,165,12,30,1
53,247,107,74,288,1
53,354,136,62,206,1
53,138,160,34,149,1
53,316,148,39,140,1
53,3,89,45,367,1
53,516,163,12,30,1
54,359,136,58,202,1
54,252,105,73,282,1
54,139,160,37,151,1
54,320,144,38,141,1
54,524,163,13,30,1
55,362,132,59,205,1
55,255,103,71,286,1
55,138,159,38,152,1
55,321,143,39,143,1
55,566,373,20,90,1
55,528,162,14,30,1
56,364,131,58,204,1
56,257,101,70,285,1
56,136,156,40,155,1
56,321,138,40,145,1
56,532,160,13,31,1
57,367,130,58,205,1
57,259,100,68,289,1
57,135,153,41,160,1
57,323,140,39,143,1
57,535,159,13,30,1
58,370,131,56,205,1
58,259,102,70,285,1
58,132,151,43,163,1
58,325,138,41,146,1
59,131,149,44,165,1
59,372,130,57,205,1
59,259,104,66,282,1
59,324,139,42,145,1
59,540,159,14,30,1
59,314,171,18,61,1
60,372,130,56,207,1
60,129,147,43,171,1
60,253,103,70,285,1
60,321,148,45,134,1
60,543,160,15,29,1
61,372,132,54,209,1
61,250,99,68,285,1
61,125,145,43,176,1
61,320,150,46,134,1
61,436,171,9,25,1
62,368,133,55,209,1
62,245,100,70,283,1
62,119,147,45,178,1
62,317,151,46,132,1
62,541,161,15,31,1
63,365,132,56,210,1
63,236,102,77,279,1
63,114,147,44,185,1
63,313,158,42,126,1
63,540,163,16,31,1
63,338,165,22,101,1
64,361,132,58,207,1
64,230,106,79,279,1
64,109,148,44,189,1
64,310,143,39,143,1
64,338,167,21,93,1
65,359,131,59,206,1
65,227,105,81,284,1
65,107,145,42,193,1
65,309,131,37,153,1
65,336,166,25,93,1
65,539,162,15,31,1
65,580,377,48,101,1
66,358,129,59,210,1
66,235,106,74,283,1
66,101,145,48,195,1
66,310,130,35,154,1
66,336,163,24,98,1
66,540,161,15,32,1
67,358,131,61,211,1
67,238,106,68,282,1
67,100,146,49,196,1
67,309,132,33,154,1
67,336,161,25,98,1
67,540,162,17,31,1
68,358,132,62,211,1
68,240,107,68,272,1
68,96,145,49,202,1
68,335,167,26,92,1
68,308,127,33,163,1
69,359,134,63,215,1
69,94,147,52,205,1
69,241,108,68,275,1
69,311,135,32,158,1
69,338,169,26,93,1
69,547,164,13,29,1
70,361,134,63,217,1
70,245,108,66,275,1
70,92,145,53,213,1
70,336,166,29,96,1
70,312,127,29,167,1
71,366,136,63,218,1
71,91,146,55,218,1
71,250,110,64,279,1
71,341,168,29,96,1
71,315,130,28,161,1
71,456,209,35,124,1
72,369,136,62,217,1
72,89,149,58,219,1
72,252,111,65,286,1
72,343,169,30,95,1
72,317,140,28,154,1
73,375,135,62,211,1
73,89,148,59,224,1
73,258,114,63,289,1
73,320,133,30,165,1
73,348,174,29,88,1
74,378,135,63,214,1
74,86,147,59,232,1
74,256,116,67,281,1
74,349,173,28,91,1
74,322,149,28,149,1
75,81,147,59,238,1
75,381,137,61,215,1
75,252,118,71,275,1
75,348,176,28,90,1
75,323,136,30,165,1
75,569,173,17,24,1
76,382,138,62,216,1
76,74,143,65,244,1
76,257,116,68,274,1
76,350,174,27,94,1
76,572,167,15,31,1
77,67,143,67,250,1
77,384,139,61,218,1
77,257,112,69,278,1
77,350,173,27,96,1
77,574,167,16,31,1
77,325,140,29,164,1
78,60,141,69,254,1
78,383,139,62,218,1
78,255,113,71,277,1
78,348,174,29,94,1
78,574,167,15,31,1
79,382,140,62,220,1
79,52,133,71,274,1
79,252,116,75,274,1
79,347,171,27,98,1
79,573,167,16,32,1
79,320,136,31,166,1
80,379,140,61,219,1
80,44,127,67,288,1
80,248,118,81,272,1
80,345,171,27,97,1
80,570,166,15,33,1
80,317,137,31,167,1
81,373,138,61,221,1
81,29,132,78,287,1
81,247,119,76,274,1
81,342,173,27,96,1
81,210,177,30,104,1
81,314,136,32,165,1
81,567,168,17,33,1
82,368,138,62,216,1
82,20,131,79,300,1
82,237,119,86,271,1
82,339,174,26,94,1
82,205,178,27,105,1
82,310,127,32,173,1
82,563,169,17,30,1
82,475,182,7,18,1
83,364,136,64,215,1
83,6,126,87,315,1
83,249,115,72,276,1
83,336,172,27,95,1
83,199,174,30,110,1
83,312,136,27,166,1
83,232,162,27,122,1
83,560,168,14,31,1
84,361,134,66,217,1
84,254,110,68,272,1
84,6,111,75,335,1
84,223,160,34,126,1
84,195,174,30,109,1
84,331,173,32,92,1
84,470,226,43,119,1
84,559,165,12,32,1
85,360,132,65,220,1
85,255,110,65,267,1
85,0,103,73,355,1
85,220,157,36,128,1
85,332,177,29,87,1
85,192,175,29,110,1
85,309,139,27,164,1
85,469,223,47,125,1
85,558,164,13,32,1
86,359,132,68,220,1
86,257,110,62,270,1
86,0,111,68,351,1
86,218,156,38,130,1
86,187,181,33,106,1
86,332,168,28,95,1
86,308,140,25,164,1
86,558,162,14,33,1
87,359,130,68,224,1
87,257,109,61,276,1
87,218,156,38,133,1
87,0,100,61,379,1
87,185,172,35,116,1
87,332,167,28,96,1
87,308,135,25,168,1
87,559,161,14,32,1
88,362,132,68,225,1
88,0,94,51,381,1
88,218,156,38,135,1
88,259,110,61,285,1
88,183,173,34,117,1
88,331,165,31,99,1
88,560,163,18,31,1
88,309,134,26,172,1
89,363,131,68,229,1
89,260,115,60,281,1
89,183,173,35,119,1
89,1,93,47,381,1
89,218,156,41,137,1
89,332,169,31,95,1
89,563,159,16,32,1
90,367,131,69,227,1
90,262,116,60,277,1
90,183,169,36,125,1
90,216,155,44,141,1
90,2,92,42,383,1
90,333,171,30,93,1
90,568,159,16,31,1
91,371,128,67,226,1
91,263,117,62,264,1
91,218,158,43,138,1
91,1,131,41,339,1
91,182,171,36,126,1
91,337,171,30,94,1
91,476,217,59,128,1
91,571,157,16,33,1
91,311,126,31,175,1
92,376,129,66,225,1
92,266,114,64,269,1
92,219,156,46,144,1
92,183,174,36,124,1
92,341,171,27,93,1
92,0,163,33,305,1
92,576,157,17,33,1
93,382,127,64,226,1
93,264,112,70,268,1
93,184,173,37,128,1
93,224,155,41,147,1
93,341,172,30,95,1
93,581,157,18,32,1
93,490,220,43,132,1
94,385,126,63,230,1
94,265,111,71,269,1
94,184,171,38,129,1
94,222,149,43,151,1
94,342,168,31,95,1
94,585,156,18,34,1
95,385,126,63,229,1
95,267,110,69,272,1
95,181,166,39,136,1
95,222,147,41,153,1
95,342,168,31,93,1
95,585,157,20,32,1
96,386,127,62,233,1
96,267,113,69,273,1
96,179,167,39,138,1
96,222,147,40,158,1
96,343,168,30,96,1
96,588,158,18,32,1
97,385,131,62,232,1
97,174,168,41,140,1
97,266,117,69,272,1
97,217,146,44,162,1
97,342,171,30,96,1
97,588,160,19,34,1
98,380,133,62,233,1
98,260,119,75,270,1
98,170,168,40,144,1
98,213,153,43,161,1
98,339,171,31,100,1
98,585,163,21,35,1
99,376,136,63,232,1
99,164,172,40,144,1
99,266,118,69,271,1
99,207,157,46,160,1
99,336,172,30,97,1
99,582,164,23,36,1
100,372,137,64,230,1
100,159,173,40,149,1
100,267,121,64,264,1
100,203,158,45,165,1
100,334,182,31,88,1
100,580,167,22,34,1
101,368,139,67,229,1
101,151,177,45,148,1
101,267,124,62,260,1
101,193,157,51,168,1
101,331,184,30,92,1
101,576,169,23,35,1
102,366,139,66,230,1
102,144,176,46,151,1
102,268,123,59,266,1
102,189,159,52,169,1
102,331,184,28,92,1
102,574,169,24,36,1
103,365,139,68,234,1
103,138,175,46,155,1
103,269,123,59,273,1
103,181,157,57,171,1
103,573,168,23,37,1
103,329,188,30,88,1
104,364,138,70,234,1
104,133,172,50,160,1
104,178,149,57,183,1
104,268,128,56,266,1
104,331,183,27,90,1
104,249,175,25,112,1
104,574,169,21,37,1
104,469,264,23,97,1
105,364,139,71,235,1
105,129,170,49,164,1
105,172,148,63,190,1
105,267,128,58,269,1
105,246,176,26,115,1
105,467,261,28,100,1
105,331,186,29,85,1
106,363,141,72,233,1
106,124,170,49,170,1
106,164,147,67,197,1
106,264,126,59,265,1
106,329,181,29,92,1
106,246,178,23,111,1
106,572,171,27,35,1
106,466,227,33,138,1
107,366,147,70,233,1
107,119,174,51,174,1
107,162,149,66,200,1
107,263,129,61,267,1
107,329,185,30,93,1
107,581,175,19,32,1
107,246,181,21,107,1
108,370,145,67,236,1
108,161,146,69,205,1
108,118,174,52,177,1
108,261,126,64,268,1
108,330,184,28,95,1
108,580,171,23,36,1
109,374,140,67,236,1
109,116,175,55,179,1
109,260,127,66,266,1
109,160,144,69,210,1
109,333,186,32,93,1
109,472,272,29,102,1
110,377,140,70,239,1
110,116,173,56,185,1
110,164,140,65,222,1
110,263,130,67,265,1
110,337,188,28,91,1
110,473,233,51,146,1
110,593,174,23,36,1
111,383,139,65,242,1
111,116,173,58,188,1
111,269,129,65,269,1
111,165,134,64,226,1
111,340,190,29,90,1
111,475,235,54,146,1
111,251,177,25,124,1
111,599,174,22,36,1
112,387,140,66,246,1
112,113,170,58,189,1
112,273,133,64,266,1
112,163,134,67,229,1
112,344,189,27,90,1
112,479,248,50,134,1
112,251,177,29,126,1
112,601,175,27,36,1
113,391,138,65,249,1
113,164,131,66,237,1
113,276,133,67,262,1
113,112,166,55,198,1
113,345,186,28,95,1
113,251,176,31,129,1
113,484,238,49,150,1
113,606,175,27,37,1
114,392,138,66,251,1
114,281,133,66,257,1
114,107,164,56,206,1
114,158,127,71,246,1
114,486,241,50,147,1
114,346,189,29,91,1
114,249,175,34,131,1
114,611,178,24,35,1
115,394,141,65,251,1
115,283,132,66,255,1
115,102,167,58,207,1
115,152,130,75,250,1
115,248,177,36,130,1
115,346,188,30,94,1
115,614,177,23,37,1
115,486,238,51,151,1
116,392,140,67,255,1
116,283,133,66,255,1
116,146,128,75,258,1
116,94,165,60,214,1
116,345,191,30,91,1
116,485,236,53,158,1
116,244,174,38,136,1
116,615,179,23,36,1
116,212,176,32,118,1
117,390,144,66,252,1
117,282,133,66,258,1
117,82,165,61,223,1
117,137,126,76,275,1
117,242,174,36,138,1
117,480,253,55,145,1
117,341,191,33,95,1
117,615,182,22,37,1
117,208,180,30,122,1
118,387,143,68,251,1
118,283,136,64,257,1
118,71,158,67,237,1
118,129,120,74,283,1
118,239,174,35,138,1
118,615,184,22,36,1
118,201,181,34,124,1
118,341,196,31,92,1
119,384,144,69,248,1
119,283,139,62,257,1
119,120,115,78,294,1
119,63,153,65,248,1
119,234,174,38,139,1
119,615,186,23,38,1
119,197,181,35,129,1
119,342,196,27,92,1
120,380,146,71,247,1
120,106,111,85,301,1
120,281,141,59,260,1
120,54,151,63,250,1
120,230,174,39,142,1
120,613,187,24,38,1
120,339,193,27,96,1
120,191,181,36,138,1
121,376,144,72,253,1
121,34,149,75,260,1
121,94,109,90,311,1
121,277,141,57,260,1
121,227,173,37,150,1
121,183,179,38,142,1
121,610,189,25,37,1
121,335,194,28,98,1
121,478,235,55,159,1
122,371,143,76,254,1
122,77,108,98,336,1
122,270,136,60,263,1
122,20,149,78,272,1
122,223,174,38,151,1
122,177,178,40,149,1
122,608,188,25,37,1
122,334,197,27,94,1
123,368,146,75,259,1
123,61,109,110,341,1
123,263,137,65,255,1
123,5,143,76,293,1
123,215,176,43,151,1
123,170,178,39,153,1
123,605,188,25,38,1
123,466,239,67,158,1
123,331,192,26,99,1
124,368,148,73,260,1
124,41,107,119,351,1
124,257,138,69,257,1
124,0,151,73,298,1
124,211,177,42,155,1
124,165,179,38,160,1
124,466,239,64,158,1
124,603,188,24,40,1
124,329,198,26,93,1
124,312,155,23,177,1
125,30,101,121,364,1
125,366,150,75,261,1
125,255,139,69,263,1
125,209,178,43,159,1
125,0,148,57,315,1
125,160,179,40,169,1
125,466,244,66,161,1
125,603,189,22,38,1
125,311,157,30,177,1
126,369,151,72,263,1
126,35,94,105,377,1
126,153,183,45,167,1
126,253,145,69,258,1
126,202,180,46,161,1
126,0,151,47,316,1
126,310,163,36,170,1
126,601,190,27,38,1
127,369,152,75,261,1
127,16,89,118,386,1
127,255,150,68,257,1
127,198,177,49,167,1
127,151,182,48,178,1
127,604,189,29,37,1
127,310,164,37,171,1
127,471,242,59,166,1
128,373,151,73,256,1
128,13,82,117,390,1
128,198,178,50,170,1
128,259,153,67,256,1
128,149,182,51,183,1
128,608,188,27,38,1
128,477,243,53,164,1
128,314,165,40,172,1
129,1,77,123,397,1
129,376,152,73,258,1
129,261,153,67,255,1
129,148,182,52,184,1
129,197,180,52,172,1
129,483,263,45,147,1
129,611,187,28,38,1
129,316,171,37,169,1
130,380,150,71,263,1
130,1,71,118,405,1
130,267,151,64,260,1
130,146,179,48,187,1
130,195,182,53,174,1
130,616,189,23,38,1
130,316,171,47,169,1
130,487,257,40,154,1
131,382,150,71,265,1
131,145,178,47,191,1
131,0,70,112,405,1
131,270,148,63,252,1
131,196,184,51,173,1
131,620,188,19,39,1
131,318,164,46,178,1
131,258,203,18,88,1
132,385,151,69,267,1
132,140,175,50,199,1
132,0,64,104,401,1
132,274,142,59,258,1
132,194,179,47,183,1
132,333,186,39,156,1
132,622,187,16,41,1
132,259,202,20,87,1
133,135,175,55,199,1
133,385,148,72,267,1
133,276,142,57,257,1
133,2,107,89,327,1
133,190,174,49,186,1
133,332,178,42,160,1
133,258,199,25,94,1
134,386,144,71,274,1
134,131,172,52,206,1
134,279,142,54,258,1
134,187,166,51,198,1
134,0,100,67,355,1
134,335,177,41,161,1
134,258,197,25,97,1
135,386,141,70,271,1
135,125,162,54,217,1
135,182,158,56,206,1
135,279,141,53,257,1
135,333,174,48,166,1
135,0,92,53,265,1
135,258,193,26,100,1
136,385,139,70,265,1
136,116,156,57,223,1
136,177,152,58,212,1
136,276,139,54,256,1
136,334,172,45,167,1
136,255,190,25,98,1
136,233,201,18,62,1
137,107,148,59,226,1
137,381,133,71,265,1
137,173,150,60,216,1
137,272,133,54,258,1
137,331,167,49,171,1
137,252,184,25,104,1
138,377,127,72,265,1
138,98,140,61,234,1
138,166,142,61,223,1
138,266,127,56,252,1
138,329,163,49,173,1
138,247,179,24,105,1
138,466,194,11,25,1
138,310,141,29,189,1
138,611,173,26,44,1
139,88,131,65,249,1
139,374,123,74,261,1
139,260,120,57,252,1
139,161,131,58,234,1
139,324,158,51,175,1
139,307,134,28,186,1
139,244,173,23,102,1
139,620,168,18,43,1
140,80,122,66,255,1
140,373,114,73,270,1
140,154,125,63,240,1
140,257,111,58,251,1
140,324,145,51,182,1
140,241,165,23,101,1
140,304,127,29,188,1
140,621,159,17,46,1
141,72,111,69,258,1
141,370,107,79,271,1
141,254,102,61,253,1
141,325,136,52,185,1
141,150,111,65,254,1
141,303,119,30,182,1
141,623,152,16,47,1
141,239,158,26,105,1
142,64,98,75,275,1
142,372,102,79,268,1
142,144,100,73,247,1
142,254,96,63,253,1
142,321,127,59,194,1
142,237,152,27,107,1
142,304,114,28,181,1
143,374,98,77,267,1
143,58,86,80,287,1
143,144,85,72,263,1
143,254,91,62,256,1
143,326,124,56,195,1
143,237,145,25,110,1
143,304,105,26,181,1
143,219,161,14,59,1
144,380,88,75,271,1
144,53,74,79,297,1
144,140,74,76,273,1
144,258,83,62,256,1
144,330,114,56,203,1
144,239,137,25,112,1
144,306,101,31,169,1
145,386,84,76,270,1
145,48,66,77,304,1
145,137,71,82,285,1
145,263,80,61,254,1
145,329,109,63,211,1
145,240,131,28,118,1
145,308,92,30,183,1
146,41,59,81,314,1
146,390,80,77,266,1
146,131,68,87,293,1
146,266,77,61,248,1
146,338,104,61,214,1
146,243,127,29,112,1
147,28,55,90,336,1
147,130,58,86,315,1
147,401,77,72,266,1
147,347,97,60,223,1
147,272,76,59,246,1
147,247,124,30,116,1
148,17,53,97,352,1
148,410,77,67,278,1
148,127,55,88,333,1
148,353,94,59,232,1
148,278,74,56,252,1
148,251,124,31,125,1
148,323,91,32,183,1
149,418,77,66,279,1
149,125,47,90,347,1
149,16,50,93,374,1
149,357,91,65,241,1
149,282,78,55,248,1
149,253,125,33,118,1
149,326,92,34,184,1
149,501,197,64,159,1
150,418,77,69,281,1
150,123,39,93,360,1
150,359,91,68,251,1
150,8,37,94,397,1
150,285,76,56,252,1
150,257,124,33,123,1
150,331,91,31,188,1
151,116,29,94,374,1
151,421,78,68,286,1
151,361,88,73,263,1
151,0,31,96,407,1
151,288,81,55,250,1
151,258,124,33,120,1
151,334,91,28,200,1
152,425,78,66,286,1
152,115,23,91,388,1
152,367,87,68,269,1
152,288,80,53,251,1
152,1,18,86,427,1
152,258,125,33,123,1
152,334,94,32,185,1
153,92,20,112,425,1
153,430,79,61,286,1
153,286,79,54,249,1
153,365,90,74,274,1
153,0,11,67,458,1
153,258,128,31,119,1
153,333,91,33,189,1
154,77,12,122,464,1
154,430,77,60,284,1
154,282,76,56,248,1
154,365,86,77,291,1
154,257,125,31,129,1
154,332,94,35,186,1
154,0,60,50,392,1
155,63,8,129,470,1
155,430,77,59,283,1
155,365,83,78,299,1
155,279,78,59,246,1
155,255,124,30,122,1
155,331,92,34,194,1
155,1,74,35,233,1
156,51,3,137,472,1
156,274,75,63,249,1
156,366,75,79,312,1
156,433,76,54,284,1
156,331,91,34,196,1
156,255,121,29,124,1
157,36,0,147,477,1
157,363,67,87,326,1
157,435,73,53,285,1
157,275,78,61,249,1
157,252,121,32,130,1
157,330,92,36,194,1
158,17,0,155,476,1
158,368,62,86,353,1
158,436,73,52,281,1
158,273,77,63,249,1
158,329,94,36,190,1
158,250,120,33,129,1
158,240,145,12,63,1
159,12,0,153,471,1
159,371,51,87,377,1
159,274,77,61,247,1
159,437,70,52,294,1
159,245,117,34,130,1
159,327,87,35,197,1
160,0,0,153,470,1
160,375,53,91,388,1
160,273,76,61,242,1
160,442,70,47,296,1
160,327,93,36,185,1
160,244,116,34,131,1
161,378,46,109,419,1
161,0,0,140,465,1
161,272,70,60,245,1
161,324,87,38,186,1
161,237,114,40,134,1
162,381,26,110,446,1
162,271,70,62,240,1
162,0,0,116,470,1
162,323,85,39,189,1
162,236,114,38,134,1
163,389,16,109,463,1
163,274,67,58,249,1
163,323,85,40,187,1
163,234,112,39,139,1
163,0,0,92,470,1
163,525,149,12,14,1
164,394,6,118,469,1
164,274,70,57,246,1
164,233,113,39,139,1
164,322,86,41,190,1
164,1,2,62,300,1
164,526,151,12,13,1
164,185,134,17,70,1
165,404,7,126,467,1
165,276,72,55,247,1
165,234,111,38,145,1
165,324,86,41,191,1
166,416,0,132,476,1
166,280,73,54,253,1
166,233,114,41,142,1
166,327,93,40,189,1
167,421,4,143,466,1
167,280,82,56,248,1
167,232,116,41,145,1
167,327,97,40,189,1
168,427,4,159,465,1
168,231,117,40,147,1
168,279,83,56,249,1
168,328,100,40,189,1
168,416,142,39,211,1
169,448,2,162,477,1
169,227,118,42,153,1
169,276,85,56,243,1
169,324,104,44,189,1
169,408,70,78,296,1
170,436,0,202,479,1
170,224,119,44,155,1
170,273,83,57,243,1
170,409,75,73,293,1
170,324,104,43,191,1
170,267,108,24,142,1
171,409,69,76,307,1
171,437,5,202,470,1
171,270,82,60,242,1
171,221,119,44,158,1
171,325,104,43,186,1
171,175,140,23,79,1
172,409,65,74,315,1
172,267,80,63,245,1
172,218,114,42,164,1
172,325,100,43,187,1
172,453,0,186,468,1
172,169,137,24,82,1
173,403,68,81,310,1
173,266,82,63,245,1
173,214,116,44,159,1
173,326,98,41,187,1
173,486,16,149,411,1
174,397,66,85,304,1
174,263,84,64,239,1
174,208,111,45,167,1
174,323,96,41,187,1
174,163,133,19,82,1
174,255,105,28,174,1
174,523,1,116,450,1
175,393,68,86,302,1
175,263,85,65,242,1
175,205,107,46,171,1
175,322,96,40,187,1
175,248,99,35,178,1
175,158,132,20,82,1
176,387,67,90,306,1
176,264,86,63,238,1
176,200,105,46,175,1
176,321,95,38,193,1
176,245,97,36,188,1
176,155,131,22,82,1
177,386,69,91,307,1
177,263,83,62,239,1
177,196,104,46,177,1
177,318,98,40,188,1
177,241,94,36,191,1
177,151,133,20,78,1
178,382,65,92,314,1
178,263,84,58,234,1
178,188,102,47,180,1
178,234,91,40,197,1
178,315,97,36,190,1
178,146,132,21,80,1
179,377,66,92,315,1
179,262,80,57,237,1
179,180,99,48,186,1
179,227,89,43,200,1
179,310,98,37,188,1
179,138,129,21,84,1
180,372,63,93,320,1
180,219,88,45,203,1
180,260,77,53,241,1
180,170,100,51,187,1
180,305,97,37,190,1
180,132,129,19,84,1
181,370,63,92,320,1
181,159,101,53,188,1
181,208,86,52,209,1
181,256,75,52,250,1
181,300,97,37,196,1
181,124,130,22,85,1
182,367,65,91,319,1
182,200,84,55,212,1
182,152,100,54,197,1
182,254,80,51,248,1
182,297,96,34,194,1
182,120,130,22,88,1
183,367,62,89,323,1
183,144,99,59,204,1
183,195,85,57,217,1
183,251,84,52,243,1
183,117,132,20,87,1
183,296,96,34,196,1
184,367,60,88,313,1
184,143,98,55,206,1
184,193,84,58,224,1
184,250,83,53,247,1
184,295,96,33,191,1
184,116,128,20,91,1
185,368,60,90,320,1
185,139,98,58,210,1
185,193,82,53,233,1
185,248,84,59,243,1
185,297,98,32,186,1
185,116,134,18,87,1
186,371,62,85,318,1
186,136,98,60,213,1
186,191,85,56,232,1
186,248,83,60,244,1
186,298,99,33,189,1
187,372,60,83,324,1
187,133,100,59,215,1
187,188,82,58,241,1
187,251,83,58,247,1
187,298,97,34,195,1
188,372,65,83,328,1
188,127,100,60,221,1
188,185,85,59,243,1
188,253,88,58,243,1
188,300,99,31,195,1
189,373,68,80,330,1
189,184,84,58,251,1
189,127,98,58,232,1
189,258,92,53,242,1
189,300,102,31,199,1
190,374,67,78,332,1
190,179,85,63,250,1
190,123,96,58,241,1
190,260,95,53,242,1
190,302,110,32,196,1
191,373,66,78,335,1
191,121,94,58,248,1
191,177,84,64,259,1
191,260,96,52,242,1
191,301,112,35,190,1
191,242,143,21,91,1
192,369,68,80,332,1
192,172,80,67,266,1
192,116,89,61,253,1
192,259,93,53,245,1
192,299,108,51,196,1
192,241,140,20,95,1
193,364,70,87,330,1
193,169,79,67,273,1
193,111,88,61,252,1
193,258,94,55,239,1
193,300,109,41,193,1
193,241,140,22,94,1
194,360,68,90,330,1
194,105,84,62,263,1
194,165,77,73,281,1
194,256,93,56,239,1
194,302,111,37,187,1
194,238,138,24,95,1
195,357,70,94,332,1
195,98,81,66,271,1
195,160,73,74,289,1
195,256,93,55,239,1
195,235,140,25,92,1
195,302,110,33,187,1
196,355,68,96,335,1
196,91,75,68,278,1
196,160,64,71,304,1
196,255,94,53,239,1
196,300,108,30,192,1
196,234,139,26,96,1
197,83,73,72,283,1
197,354,68,98,340,1
197,157,59,72,309,1
197,253,95,54,239,1
197,299,105,29,197,1
197,233,138,25,95,1
198,74,69,76,294,1
198,351,71,100,339,1
198,153,57,73,313,1
198,250,95,55,235,1
198,297,107,31,191,1
198,230,137,26,97,1
199,53,66,90,303,1
199,145,47,80,326,1
199,351,69,99,346,1
199,248,93,53,241,1
199,294,107,32,196,1
199,228,136,25,97,1
200,42,64,94,316,1
200,139,42,83,338,1
200,350,72,98,346,1
200,243,93,56,235,1
200,291,107,34,194,1
200,228,136,21,98,1
201,133,33,91,353,1
201,41,59,89,324,1
201,352,68,95,353,1
201,241,90,56,233,1
201,289,103,36,198,1
201,227,133,22,100,1
202,32,52,90,342,1
202,128,33,95,365,1
202,354,68,93,350,1
202,238,91,59,235,1
202,289,108,36,194,1
202,227,135,22,100,1
203,24,52,93,352,1
203,119,35,104,375,1
203,356,69,94,341,1
203,237,93,59,235,1
203,289,106,37,196,1
204,16,53,102,362,1
204,111,35,110,389,1
204,359,67,93,343,1
204,236,96,61,236,1
204,289,104,40,197,1
205,13,48,103,372,1
205,116,32,100,404,1
205,362,67,93,347,1
205,241,97,58,239,1
205,291,109,40,189,1
206,5,40,105,380,1
206,367,67,91,350,1
206,116,22,97,432,1
206,241,99,60,236,1
206,294,101,41,198,1
207,2,32,102,397,1
207,369,67,93,354,1
207,112,16,101,446,1
207,246,97,58,238,1
207,296,107,43,191,1
207,217,147,20,89,1
208,105,5,107,459,1
208,373,66,91,366,1
208,1,25,97,408,1
208,245,97,61,230,1
208,299,100,44,199,1
208,217,147,21,89,1
209,375,65,91,363,1
209,90,0,120,469,1
209,0,15,89,441,1
209,246,95,62,234,1
209,301,103,44,193,1
210,373,64,93,361,1
210,81,2,121,474,1
210,246,92,62,236,1
210,0,14,82,438,1
210,299,106,47,190,1
210,216,149,21,86,1
211,71,1,132,475,1
211,372,60,94,366,1
211,245,92,60,236,1
211,0,7,74,443,1
211,298,105,50,190,1
212,58,0,133,477,1
212,369,59,98,364,1
212,244,93,57,238,1
212,299,108,46,184,1
212,0,4,56,444,1
212,210,148,22,92,1
213,364,57,102,357,1
213,40,0,140,469,1
213,240,95,57,236,1
213,296,105,47,190,1
213,2,56,39,243,1
213,209,146,22,93,1
214,362,58,105,360,1
214,19,1,152,472,1
214,238,97,55,236,1
214,295,106,47,188,1
214,178,140,18,83,1
214,206,146,21,97,1
215,358,62,106,354,1
215,8,3,163,470,1
215,232,96,57,240,1
215,295,106,46,185,1
215,175,149,18,73,1
215,203,148,22,92,1
215,335,146,30,99,1
216,1,5,167,470,1
216,356,62,108,357,1
216,225,94,60,245,1
216,294,105,45,188,1
216,171,147,20,77,1
216,200,146,22,99,1
216,333,144,29,99,1
217,0,4,160,475,1
217,357,58,107,371,1
217,223,89,58,243,1
217,296,103,41,189,1
217,169,147,19,78,1
217,199,143,24,105,1
217,271,135,25,101,1
217,333,141,26,100,1
218,0,3,153,476,1
218,360,55,107,372,1
218,221,89,57,238,1
218,296,98,42,193,1
218,168,142,19,81,1
218,332,140,31,102,1
218,197,142,24,101,1
218,270,135,25,98,1
219,362,54,105,364,1
219,0,3,150,468,1
219,220,88,58,241,1
219,298,97,40,195,1
219,168,141,18,81,1
219,195,141,25,97,1
219,333,136,27,103,1
219,269,134,27,100,1
220,362,51,107,366,1
220,0,4,135,472,1
220,217,86,59,235,1
220,298,97,40,195,1
220,168,140,16,81,1
220,267,132,29,102,1
220,194,136,25,107,1
220,332,137,28,101,1
221,367,51,106,357,1
221,216,89,61,230,1
221,6,2,95,466,1
221,268,132,29,103,1
221,298,96,41,197,1
221,193,137,25,105,1
221,333,135,30,104,1
221,168,140,18,81,1
222,371,51,105,359,1
222,218,91,61,229,1
222,0,1,117,470,1
222,193,137,26,110,1
222,269,131,31,103,1
222,170,139,17,83,1
222,334,134,27,106,1
222,300,100,40,192,1
223,378,55,102,358,1
223,222,90,60,229,1
223,303,99,41,197,1
223,173,140,18,80,1
223,273,131,29,105,1
223,197,137,25,107,1
223,338,133,26,106,1
223,0,0,99,460,1
223,547,160,20,19,1
223,355,138,27,104,1
224,383,60,103,361,1
224,227,89,60,231,1
224,177,138,18,84,1
224,198,140,27,109,1
224,307,97,39,199,1
224,278,131,28,105,1
224,341,133,27,107,1
224,362,142,26,101,1
225,385,67,105,362,1
225,228,90,62,228,1
225,200,140,27,109,1
225,311,99,39,195,1
225,282,132,29,104,1
225,346,133,26,107,1
225,180,139,20,84,1
225,555,162,23,21,1
225,367,142,26,102,1
226,391,72,105,362,1
226,232,90,63,227,1
226,202,140,28,110,1
226,313,97,41,195,1
226,184,138,19,86,1
226,353,134,24,107,1
226,285,133,31,106,1
226,563,164,22,20,1
226,373,142,25,104,1
227,396,73,104,366,1
227,239,91,62,226,1
227,318,97,41,193,1
227,206,138,26,110,1
227,188,139,20,82,1
227,356,135,27,106,1
227,290,133,30,105,1
227,571,166,23,19,1
227,377,143,25,105,1
228,398,74,108,362,1
228,248,89,55,228,1
228,208,133,27,119,1
228,322,99,41,192,1
228,361,135,27,107,1
228,192,142,19,82,1
228,295,133,30,99,1
228,579,166,21,18,1
228,237,113,24,137,1
229,400,71,111,361,1
229,255,90,52,228,1
229,326,91,43,197,1
229,211,131,27,122,1
229,196,143,19,78,1
229,300,134,29,101,1
229,366,133,26,112,1
229,239,113,29,142,1
229,588,167,18,17,1
230,401,65,115,362,1
230,260,88,53,234,1
230,330,91,42,200,1
230,212,131,29,121,1
230,305,133,28,101,1
230,199,139,19,81,1
230,241,112,29,139,1
230,370,132,26,110,1
230,595,165,18,17,1
231,403,62,117,357,1
231,333,90,43,198,1
231,261,87,53,231,1
231,213,128,28,123,1
231,309,131,27,103,1
231,242,112,29,140,1
231,372,132,28,110,1
231,202,137,16,81,1
231,600,166,19,16,1
232,404,59,115,359,1
232,261,85,53,225,1
232,335,91,42,199,1
232,210,127,31,122,1
232,309,126,28,102,1
232,241,108,30,144,1
232,374,131,28,106,1
232,203,134,16,83,1
232,600,163,22,17,1
233,403,55,118,365,1
233,262,79,54,232,1
233,336,88,41,199,1
233,207,123,31,125,1
233,309,124,28,106,1
233,238,102,34,153,1
233,372,127,28,109,1
233,600,161,23,18,1
234,399,55,119,372,1
234,257,80,57,226,1
234,334,89,43,200,1
234,234,97,31,154,1
234,306,122,31,110,1
234,205,119,30,131,1
234,371,123,28,118,1
234,200,130,16,89,1
235,397,55,121,381,1
235,255,79,59,226,1
235,199,117,33,135,1
235,305,122,30,104,1
235,332,91,40,197,1
235,230,96,34,158,1
235,369,124,29,117,1
236,394,53,121,386,1
236,252,78,59,228,1
236,226,93,34,160,1
236,329,88,42,196,1
236,195,114,32,139,1
236,304,122,28,102,1
236,367,121,29,117,1
236,594,155,28,22,1
237,395,53,117,382,1
237,251,80,60,225,1
237,222,92,35,160,1
237,192,117,33,133,1
237,328,87,42,197,1
237,365,120,28,119,1
237,303,121,29,103,1
238,397,49,116,375,1
238,251,79,60,226,1
238,218,89,38,166,1
238,189,113,31,140,1
238,325,85,43,195,1
238,364,118,27,120,1
238,303,121,28,102,1
239,399,45,113,371,1
239,254,81,59,223,1
239,215,89,41,168,1
239,185,114,34,143,1
239,325,87,42,196,1
239,362,119,31,122,1
239,596,152,24,21,1
239,304,122,28,103,1
240,400,47,115,373,1
240,256,80,59,224,1
240,182,115,35,145,1
240,213,92,45,169,1
240,364,120,28,123,1
240,324,85,43,202,1
241,400,50,120,374,1
241,258,84,58,220,1
241,212,93,48,176,1
241,180,119,36,148,1
241,365,123,28,121,1
241,326,88,42,202,1
241,52,120,23,33,1
242,402,52,119,381,1
242,264,82,57,221,1
242,212,92,49,178,1
242,180,120,36,150,1
242,328,90,42,201,1
242,366,123,30,122,1
243,405,58,120,382,1
243,269,84,57,221,1
243,214,93,49,180,1
243,331,91,41,200,1
243,182,120,35,154,1
243,369,124,31,124,1
244,408,66,119,384,1
244,272,91,59,219,1
244,217,96,52,180,1
244,181,119,36,160,1
244,335,97,41,200,1
244,373,128,33,125,1
244,613,161,26,29,1
245,409,68,119,389,1
245,277,95,60,224,1
245,218,95,55,186,1
245,181,122,38,158,1
245,336,102,43,195,1
245,376,132,32,124,1
246,409,67,121,387,1
246,178,126,39,158,1
246,217,95,56,191,1
246,281,101,58,221,1
246,336,100,42,204,1
246,378,136,34,125,1
247,407,63,123,388,1
247,215,96,57,195,1
247,175,125,44,164,1
247,284,102,57,223,1
247,379,139,34,122,1
247,336,105,46,194,1
248,408,60,118,386,1
248,212,96,58,197,1
248,285,103,57,219,1
248,173,126,43,166,1
248,334,105,48,192,1
248,380,139,33,126,1
249,410,55,113,388,1
249,207,97,62,200,1
249,168,128,44,167,1
249,285,104,59,215,1
249,334,105,47,195,1
249,380,139,34,127,1
250,408,57,116,390,1
250,285,101,61,219,1
250,204,96,58,207,1
250,165,126,43,172,1
250,379,138,35,128,1
250,335,104,44,196,1
251,407,55,115,402,1
251,283,101,61,219,1
251,201,93,58,213,1
251,159,127,46,177,1
251,378,139,35,128,1
251,335,103,45,198,1
252,404,50,118,416,1
252,153,122,48,184,1
252,282,101,64,217,1
252,198,91,56,216,1
252,378,135,34,130,1
252,333,100,43,200,1
253,404,50,118,419,1
253,281,101,65,218,1
253,146,119,50,187,1
253,192,88,57,220,1
253,375,132,36,131,1
253,333,101,40,202,1
254,404,51,118,407,1
254,279,101,66,218,1
254,186,84,56,226,1
254,139,115,50,195,1
254,374,131,34,130,1
254,332,100,36,200,1
255,403,50,119,403,1
255,177,80,59,235,1
255,129,114,51,198,1
255,282,98,61,218,1
255,371,130,35,132,1
255,329,98,35,202,1
256,404,45,120,393,1
256,120,113,55,206,1
256,168,76,63,242,1
256,279,97,60,215,1
256,370,125,34,133,1
256,327,99,36,198,1
257,404,38,118,396,1
257,161,72,66,250,1
257,113,112,56,207,1
257,280,91,57,215,1
257,368,123,34,133,1
257,326,92,32,204,1
258,406,29,116,401,1
258,106,110,57,211,1
258,156,69,67,254,1
258,281,86,55,219,1
258,366,121,37,133,1
258,324,91,36,199,1
259,406,30,118,410,1
259,100,108,59,224,1
259,152,67,71,264,1
259,280,83,56,222,1
259,365,120,38,135,1
259,325,87,32,200,1
260,410,30,115,417,1
260,93,103,62,233,1
260,147,65,75,272,1
260,281,85,53,218,1
260,365,119,38,134,1
260,325,86,30,204,1
261,410,33,116,420,1
261,146,60,77,281,1
261,88,100,64,241,1
261,283,88,55,216,1
261,369,116,36,136,1
261,327,86,31,204,1
262,143,55,81,289,1
262,81,100,67,244,1
262,412,30,112,420,1
262,286,90,53,212,1
262,370,113,37,138,1
262,329,86,30,203,1
262,354,129,19,90,1
263,141,51,86,298,1
263,77,95,69,253,1
263,413,29,111,418,1
263,289,87,53,216,1
263,372,114,39,138,1
263,331,90,31,199,1
263,357,127,19,92,1
264,138,54,90,299,1
264,413,29,113,423,1
264,290,89,53,211,1
264,75,93,70,262,1
264,376,114,36,139,1
264,332,93,31,196,1
265,135,50,93,310,1
265,413,29,117,409,1
265,293,88,50,212,1
265,70,92,72,277,1
265,379,119,36,136,1
265,363,135,22,86,1
265,335,84,31,207,1
266,292,89,54,212,1
266,415,28,122,414,1
266,130,50,99,324,1
266,69,97,70,278,1
266,381,117,37,139,1
266,337,98,30,195,1
266,365,135,22,89,1
267,419,27,122,420,1
267,123,43,100,336,1
267,294,91,55,216,1
267,65,95,73,291,1
267,382,119,39,139,1
267,337,100,32,193,1
267,368,134,21,92,1
268,53,95,79,301,1
268,122,42,100,350,1
268,420,25,124,437,1
268,296,93,53,214,1
268,384,121,38,140,1
268,369,140,22,88,1
268,338,96,32,198,1
269,116,33,103,368,1
269,419,28,127,436,1
269,46,89,77,312,1
269,298,94,52,215,1
269,382,118,41,143,1
269,338,86,32,207,1
269,370,137,20,91,1
270,32,81,82,322,1
270,420,25,128,448,1
270,111,24,98,386,1
270,298,94,51,216,1
270,383,119,37,141,1
270,339,83,31,208,1
271,423,29,128,444,1
271,98,14,100,396,1
271,296,93,51,216,1
271,12,73,90,336,1
271,377,118,39,143,1
271,336,88,33,205,1
271,191,130,25,106,1
271,546,130,20,63,1
272,87,6,99,414,1
272,429,38,123,433,1
272,295,91,52,213,1
272,4,66,87,348,1
272,372,120,43,139,1
272,190,133,23,105,1
272,331,85,36,204,1
272,545,128,22,66,1
273,75,4,102,423,1
273,428,28,127,438,1
273,293,91,52,212,1
273,0,61,76,364,1
273,369,122,42,139,1
273,189,125,20,116,1
273,332,95,34,196,1
273,545,132,20,66,1
274,428,28,122,429,1
274,49,5,123,432,1
274,290,93,50,211,1
274,365,119,41,147,1
274,0,47,65,381,1
274,184,121,22,118,1
274,330,95,33,193,1
274,547,135,17,64,1
275,425,25,124,439,1
275,30,0,132,471,1
275,286,94,50,211,1
275,361,121,40,145,1
275,179,122,22,120,1
275,1,72,53,368,1
275,327,108,45,176,1
275,325,94,32,199,1
276,426,23,121,441,1
276,16,2,129,475,1
276,282,95,51,210,1
276,357,122,40,151,1
276,176,123,19,120,1
276,323,97,33,198,1
277,1,0,137,478,1
277,423,36,120,425,1
277,280,99,49,206,1
277,172,121,23,123,1
277,355,120,38,154,1
277,320,96,33,198,1
277,338,124,46,151,1
278,1,3,125,470,1
278,419,26,124,447,1
278,277,99,49,212,1
278,171,126,23,122,1
278,340,120,49,160,1
278,319,99,31,203,1
279,0,0,112,473,1
279,423,27,117,441,1
279,275,99,49,206,1
279,170,123,23,123,1
279,348,121,42,162,1
279,318,98,34,199,1
280,429,23,109,450,1
280,272,99,51,211,1
280,0,1,109,469,1
280,354,120,38,164,1
280,172,129,23,121,1
280,316,99,37,199,1
281,431,22,109,448,1
281,268,96,57,211,1
281,0,8,109,464,1
281,359,120,43,168,1
281,317,94,39,205,1
281,173,125,25,124,1
281,21,0,62,469,1
282,270,99,58,209,1
282,435,21,115,446,1
282,370,125,50,165,1
282,178,127,23,124,1
282,320,93,41,208,1
282,0,0,100,477,1
282,357,121,29,157,1
283,274,101,59,211,1
283,439,24,126,452,1
283,376,121,62,174,1
283,183,124,24,130,1
283,325,98,40,198,1
283,362,122,32,153,1
283,557,122,39,87,1
283,368,123,44,166,1
284,440,29,136,443,1
284,279,104,58,209,1
284,381,126,64,171,1
284,366,122,37,155,1
284,187,136,23,117,1
284,328,100,40,201,1
284,568,121,37,88,1
285,441,27,142,447,1
285,283,108,56,207,1
285,388,127,65,174,1
285,370,124,38,155,1
285,190,139,23,116,1
285,333,105,40,196,1
285,576,125,37,84,1
286,444,28,146,451,1
286,288,109,54,208,1
286,374,123,41,161,1
286,397,128,61,174,1
286,193,129,24,129,1
286,336,102,40,206,1
286,585,127,35,87,1
287,448,24,147,455,1
287,290,109,55,207,1
287,377,126,43,157,1
287,340,105,41,204,1
287,196,129,23,130,1
287,413,130,51,178,1
287,591,130,36,89,1
288,452,27,146,452,1
288,292,109,54,205,1
288,380,126,43,158,1
288,422,126,51,186,1
288,197,137,23,123,1
288,340,105,42,208,1
288,594,126,41,92,1
289,444,29,159,450,1
289,293,108,53,205,1
289,381,126,44,158,1
289,438,125,46,189,1
289,341,104,43,209,1
289,198,141,24,119,1
290,461,31,143,446,1
290,295,109,50,207,1
290,380,127,45,161,1
290,442,125,47,197,1
290,340,106,41,206,1
290,197,137,19,123,1
290,604,133,35,93,1
291,475,27,137,450,1
291,293,109,49,206,1
291,381,129,39,162,1
291,448,126,51,200,1
291,339,105,41,203,1
291,194,134,20,127,1
292,288,114,50,204,1
292,483,35,136,441,1
292,381,129,41,163,1
292,337,109,43,201,1
292,449,129,51,196,1
292,191,136,23,129,1
293,483,35,135,439,1
293,286,115,50,205,1
293,444,128,65,197,1
293,380,130,39,163,1
293,335,109,42,201,1
293,189,139,21,124,1
294,282,116,49,203,1
294,489,36,135,437,1
294,379,130,44,163,1
294,446,127,65,199,1
294,186,135,22,133,1
294,332,111,41,202,1
295,486,33,138,444,1
295,279,113,47,205,1
295,450,126,64,203,1
295,378,127,46,167,1
295,183,138,22,130,1
295,327,109,44,206,1
296,489,30,138,444,1
296,274,111,50,203,1
296,379,127,47,169,1
296,179,137,23,129,1
296,326,105,44,212,1
296,469,128,49,201,1
297,490,29,136,445,1
297,269,111,52,205,1
297,381,124,44,173,1
297,324,109,45,208,1
297,179,133,22,139,1
298,495,27,129,449,1
298,266,111,52,203,1
298,381,128,44,169,1
298,178,135,23,137,1
298,324,108,45,212,1
299,265,114,53,204,1
299,501,23,126,456,1
299,384,128,46,174,1
299,177,135,23,142,1
299,327,110,42,210,1
300,507,22,125,457,1
300,268,115,52,207,1
300,387,127,46,173,1
300,329,109,42,216,1
300,178,131,26,149,1
300,366,145,23,106,1
301,507,21,131,455,1
301,269,119,52,205,1
301,392,129,47,177,1
301,180,139,24,141,1
301,331,120,44,205,1
301,370,152,22,101,1
302,511,25,126,453,1
302,273,123,51,205,1
302,401,131,47,179,1
302,184,138,25,147,1
302,336,114,42,211,1
302,374,154,24,102,1
303,514,30,124,448,1
303,277,125,52,206,1
303,408,131,48,182,1
303,187,139,26,148,1
303,379,157,24,101,1
303,341,118,40,204,1
303,402,150,22,118,1
304,520,30,119,445,1
304,282,124,52,203,1
304,416,131,49,186,1
304,344,116,41,208,1
304,191,150,24,137,1
304,383,157,25,103,1
304,407,150,23,127,1
305,525,31,113,446,1
305,286,126,51,199,1
305,423,131,48,190,1
305,346,117,44,210,1
305,194,146,25,143,1
305,387,157,25,102,1
305,411,153,25,128,1
306,535,33,104,442,1
306,290,125,50,203,1
306,427,133,48,191,1
306,347,119,45,209,1
306,389,158,26,101,1
306,195,149,25,143,1
306,414,154,27,131,1
307,541,28,98,451,1
307,292,127,50,203,1
307,433,130,46,200,1
307,343,121,53,210,1
307,196,145,26,148,1
307,416,149,30,141,1
307,391,160,26,102,1
308,549,27,90,451,1
308,293,130,50,201,1
308,437,135,44,199,1
308,345,123,54,213,1
308,196,147,28,149,1
308,418,156,30,136,1
308,393,163,25,106,1
309,292,134,49,203,1
309,440,137,43,201,1
309,556,57,83,422,1
309,343,131,58,207,1
309,196,144,27,152,1
309,417,150,37,155,1
309,395,167,22,102,1
310,555,86,84,393,1
310,291,137,48,201,1
310,441,135,42,206,1
310,341,143,61,194,1
310,193,151,28,149,1
310,417,149,38,160,1
310,394,168,23,101,1
311,287,135,48,202,1
311,441,135,43,206,1
311,562,89,76,386,1
311,338,149,62,187,1
311,191,142,26,160,1
311,419,149,37,171,1
311,393,169,21,96,1
312,282,138,50,199,1
312,439,138,45,205,1
312,562,39,75,440,1
312,338,138,46,198,1
312,416,152,39,169,1
312,187,155,29,145,1
312,372,156,33,167,1
313,277,137,52,196,1
313,562,41,76,438,1
313,439,136,45,210,1
313,184,147,28,157,1
313,411,152,40,170,1
313,334,127,46,207,1
313,368,148,35,173,1
314,273,136,55,197,1
314,560,42,78,437,1
314,438,137,45,208,1
314,179,149,27,158,1
314,412,149,39,178,1
314,332,127,44,207,1
314,361,148,41,178,1
315,545,41,94,438,1
315,270,135,55,199,1
315,437,136,45,210,1
315,358,148,41,183,1
315,409,149,38,176,1
315,177,144,27,166,1
315,329,123,41,213,1
316,268,135,57,200,1
316,559,39,80,440,1
316,438,132,46,216,1
316,359,147,44,185,1
316,408,145,39,178,1
316,175,149,27,161,1
316,327,121,39,216,1
317,268,138,58,200,1
317,441,131,45,217,1
317,570,27,69,452,1
317,362,146,44,187,1
317,411,146,40,183,1
317,174,153,28,158,1
317,328,123,38,219,1
318,269,140,59,200,1
318,445,131,45,219,1
318,568,22,71,457,1
318,365,148,45,189,1
318,411,141,43,190,1
318,174,155,28,161,1
318,328,129,40,211,1
319,269,142,60,199,1
319,572,25,67,453,1
319,448,133,44,223,1
319,173,153,28,163,1
319,366,149,46,188,1
319,415,144,40,189,1
319,329,130,37,214,1
319,558,185,19,29,1
320,274,143,55,196,1
320,568,28,71,451,1
320,453,131,46,226,1
320,371,150,46,190,1
320,174,156,28,166,1
320,330,132,39,217,1
320,417,143,43,195,1
321,281,144,52,194,1
321,373,144,49,200,1
321,175,156,31,166,1
321,565,84,71,389,1
321,457,136,46,226,1
321,425,143,39,197,1
321,334,143,37,207,1
321,417,152,30,169,1
322,286,143,50,197,1
322,378,142,48,206,1
322,462,133,48,231,1
322,177,159,32,166,1
322,435,142,34,207,1
322,560,85,77,384,1
322,334,135,42,215,1
322,427,145,32,188,1
323,290,144,49,201,1
323,380,142,52,211,1
323,465,134,49,235,1
323,179,159,30,170,1
323,434,141,39,208,1
323,562,113,75,336,1
323,337,136,42,215,1
324,291,146,51,200,1
324,380,147,55,210,1
324,470,134,47,237,1
324,439,141,39,216,1
324,179,159,31,170,1
324,567,114,69,309,1
324,340,137,40,212,1
325,293,147,50,201,1
325,475,130,46,244,1
325,380,146,56,213,1
325,437,139,45,216,1
325,178,158,32,176,1
325,342,135,39,217,1
325,574,124,61,286,1
326,380,140,58,228,1
326,293,147,51,200,1
326,437,137,50,220,1
326,478,131,48,245,1
326,178,158,30,177,1
326,341,135,40,215,1
326,579,133,57,217,1
327,377,140,62,229,1
327,292,146,52,202,1
327,437,136,50,224,1
327,481,127,50,252,1
327,342,134,39,216,1
327,177,167,32,167,1
327,271,180,22,98,1
327,585,134,52,276,1
328,374,137,64,241,1
328,288,147,57,199,1
328,436,135,51,236,1
328,483,128,48,254,1
328,173,156,32,180,1
328,341,134,41,215,1
328,593,115,46,348,1
328,269,181,20,95,1
329,370,139,65,241,1
329,285,146,57,199,1
329,484,129,50,250,1
329,435,135,54,238,1
329,170,157,33,182,1
329,601,118,38,346,1
329,340,134,39,214,1
329,266,183,21,94,1
329,569,191,32,28,1
330,484,127,50,252,1
330,370,134,67,249,1
330,283,145,57,198,1
330,434,134,57,243,1
330,167,160,32,176,1
330,604,120,35,350,1
330,338,134,39,219,1
330,263,180,20,96,1
330,450,134,60,247,1
331,367,130,68,256,1
331,486,127,48,256,1
331,281,147,57,198,1
331,432,136,56,243,1
331,164,154,33,188,1
331,337,135,39,221,1
331,604,123,33,342,1
331,260,178,23,95,1
331,581,176,30,40,1
331,570,198,26,19,1
332,279,147,56,196,1
332,428,134,60,245,1
332,363,128,71,262,1
332,484,128,52,258,1
332,158,154,38,189,1
332,333,134,39,217,1
332,605,112,34,356,1
332,256,178,22,101,1
333,483,127,53,255,1
333,281,147,50,197,1
333,425,129,59,250,1
333,362,125,71,276,1
333,154,154,35,192,1
333,329,133,40,217,1
333,253,180,23,96,1
333,598,117,39,350,1
334,482,124,55,255,1
334,423,126,61,253,1
334,278,147,53,197,1
334,360,125,73,287,1
334,149,152,36,195,1
334,586,119,53,349,1
334,325,131,42,218,1
334,249,178,23,103,1
335,480,122,57,258,1
335,422,123,62,258,1
335,276,146,52,192,1
335,145,152,39,195,1
335,357,128,77,287,1
335,322,129,42,221,1
335,599,91,39,383,1
335,248,176,22,103,1
336,481,121,59,262,1
336,423,118,62,268,1
336,276,146,47,195,1
336,358,124,78,302,1
336,142,151,38,202,1
336,322,130,41,217,1
336,600,85,38,392,1
336,245,176,23,105,1
336,571,169,23,43,1
337,482,121,61,265,1
337,428,116,61,280,1
337,358,121,80,305,1
337,139,152,41,197,1
337,277,145,46,195,1
337,592,94,47,385,1
337,322,130,41,217,1
337,245,174,22,110,1
337,574,170,23,40,1
338,487,121,60,259,1
338,429,115,66,291,1
338,277,145,47,194,1
338,359,118,84,316,1
338,136,159,42,198,1
338,321,133,43,212,1
338,590,89,49,388,1
338,244,173,26,110,1
338,575,170,22,41,1
339,489,121,63,260,1
339,276,144,47,193,1
339,357,110,94,327,1
339,135,153,41,202,1
339,431,110,72,305,1
339,322,129,43,220,1
339,586,91,53,381,1
339,243,173,27,107,1
339,576,170,20,36,1
340,358,102,98,342,1
340,493,122,63,260,1
340,277,145,51,192,1
340,439,109,69,317,1
340,136,150,41,209,1
340,324,127,43,226,1
340,243,173,29,112,1
340,561,190,32,40,1
341,361,99,97,352,1
341,447,102,68,327,1
341,499,119,59,267,1
341,136,153,45,204,1
341,279,147,54,194,1
341,328,130,42,221,1
341,246,173,27,112,1
341,564,190,32,41,1
342,369,97,101,367,1
342,282,149,54,190,1
342,451,98,73,340,1
342,139,149,47,210,1
342,505,121,55,266,1
342,329,129,43,220,1
342,248,173,26,107,1
342,568,191,33,42,1
343,370,94,105,378,1
343,461,96,84,341,1
343,140,150,44,212,1
343,289,147,50,193,1
343,251,173,28,102,1
343,335,132,42,221,1
343,524,137,39,253,1
343,282,176,16,97,1
343,576,188,36,44,1
344,373,91,104,387,1
344,468,90,93,351,1
344,292,144,49,193,1
344,253,171,30,121,1
344,144,148,42,213,1
344,339,130,43,220,1
344,584,188,35,42,1
344,601,165,38,199,1
345,477,88,104,356,1
345,374,82,107,393,1
345,145,144,44,214,1
345,297,140,49,192,1
345,256,165,31,125,1
345,343,126,43,223,1
345,591,187,42,40,1
346,484,71,107,378,1
346,374,71,114,406,1
346,147,142,41,214,1
346,299,136,49,191,1
346,258,164,31,120,1
346,347,121,42,228,1
346,599,184,40,39,1
347,486,64,119,403,1
347,371,65,123,410,1
347,146,132,45,220,1
347,302,134,46,191,1
347,260,160,29,123,1
347,351,117,36,238,1
348,490,58,130,408,1
348,144,136,43,215,1
348,365,52,135,423,1
348,302,132,47,193,1
348,257,157,31,121,1
348,287,165,21,100,1
349,494,48,140,428,1
349,369,36,144,441,1
349,142,125,44,226,1
349,304,129,50,189,1
349,257,153,31,126,1
349,286,160,22,102,1
350,372,21,151,456,1
350,502,40,135,436,1
350,141,122,44,228,1
350,304,126,51,190,1
350,257,148,36,132,1
350,346,85,56,327,1
350,286,153,23,104,1
351,376,7,151,470,1
351,502,27,137,447,1
351,136,118,44,230,1
351,306,122,46,193,1
351,343,76,62,347,1
351,255,145,36,134,1
351,285,152,26,105,1
352,382,0,153,476,1
352,512,7,126,469,1
352,133,111,44,236,1
352,306,117,42,195,1
352,254,140,33,138,1
352,336,69,72,358,1
352,281,148,27,104,1
353,385,4,158,475,1
353,520,7,118,472,1
353,129,106,47,236,1
353,253,135,33,138,1
353,330,55,74,372,1
353,306,112,38,193,1
353,282,144,25,105,1
354,390,6,162,473,1
354,531,8,105,470,1
354,127,100,48,235,1
354,252,129,34,138,1
354,322,48,80,385,1
354,281,140,25,105,1
355,403,4,170,474,1
355,305,36,107,407,1
355,125,96,47,240,1
355,551,2,88,477,1
355,252,123,37,142,1
355,283,137,23,104,1
356,416,2,189,476,1
356,304,28,106,426,1
356,122,86,52,248,1
356,252,119,35,143,1
356,581,15,57,375,1
356,282,132,24,108,1
357,119,81,50,250,1
357,424,2,215,477,1
357,294,18,114,454,1
357,251,117,37,142,1
357,280,128,25,113,1
358,117,80,51,253,1
358,426,0,213,477,1
358,287,5,112,472,1
358,251,114,37,148,1
358,410,137,26,94,1
359,114,77,53,257,1
359,421,2,217,474,1
359,276,0,114,479,1
359,251,109,36,157,1
359,411,133,25,95,1
360,111,78,53,258,1
360,460,2,173,471,1
360,258,1,123,478,1
360,367,75,36,225,1
360,252,105,27,185,1
360,412,133,25,96,1
361,108,71,54,265,1
361,243,3,125,471,1
361,448,4,186,475,1
361,361,69,44,230,1
361,437,45,54,247,1
361,433,38,101,402,1
362,229,5,133,468,1
362,105,70,54,267,1
362,443,7,181,464,1
362,355,72,55,221,1
362,423,42,66,307,1
363,209,7,137,467,1
363,102,65,55,272,1
363,408,40,82,326,1
363,353,70,55,225,1
363,449,7,171,465,1
364,180,4,151,469,1
364,379,34,109,323,1
364,96,61,55,275,1
364,351,64,50,226,1
364,312,79,41,196,1
364,486,133,11,20,1
365,370,37,117,319,1
365,151,1,161,471,1
365,89,58,55,279,1
365,350,60,45,230,1
365,304,80,47,194,1
366,366,42,119,318,1
366,115,0,172,479,1
366,81,49,49,286,1
366,299,83,53,191,1
366,349,59,43,229,1
366,480,132,9,19,1
367,364,39,110,332,1
367,70,0,198,480,1
367,295,81,50,189,1
367,346,58,40,229,1
367,475,130,12,19,1
368,356,43,98,319,1
368,7,0,230,473,1
368,233,82,40,184,1
368,290,83,54,185,1
368,470,129,11,19,1
368,344,61,35,230,1
369,1,2,230,467,1
369,337,42,86,312,1
369,214,77,52,181,1
369,284,82,51,186,1
369,462,129,11,20,1
370,202,76,52,189,1
370,11,0,187,477,1
370,320,38,71,324,1
370,273,80,49,191,1
370,384,129,24,87,1
370,450,130,11,21,1
371,192,73,54,197,1
371,302,34,72,332,1
371,265,83,51,185,1
371,0,9,147,409,1
371,5,0,102,361,1
371,603,128,35,58,1
372,182,69,54,206,1
372,278,34,82,332,1
372,256,77,49,193,1
372,1,41,64,320,1
372,354,102,35,136,1
372,596,132,40,54,1
373,168,69,62,217,1
373,244,33,108,334,1
373,1,42,49,314,1
373,249,75,42,195,1
373,348,102,37,139,1
373,428,133,10,20,1
373,589,146,43,40,1
374,159,70,64,216,1
374,217,29,127,340,1
374,1,46,33,321,1
374,584,139,44,45,1
374,346,100,32,142,1
374,420,133,13,20,1
375,148,68,67,227,1
375,210,23,127,353,1
375,344,100,30,141,1
375,579,144,44,42,1
375,324,114,30,133,1
376,140,63,70,237,1
376,203,22,123,362,1
376,287,64,38,224,1
376,342,102,32,142,1
376,320,113,36,140,1
377,134,61,74,245,1
377,197,25,115,363,1
377,342,104,33,142,1
377,284,69,41,228,1
377,320,112,37,142,1
377,579,146,47,42,1
377,411,137,11,19,1
378,127,59,70,256,1
378,192,21,98,376,1
378,342,103,37,143,1
378,317,111,36,145,1
378,282,71,42,231,1
379,153,24,112,378,1
379,124,55,64,261,1
379,317,113,41,149,1
379,344,103,36,143,1
379,282,87,42,217,1
380,125,64,64,261,1
380,145,17,104,391,1
380,238,85,46,198,1
380,321,111,40,156,1
380,282,75,42,235,1
380,133,45,76,300,1
380,347,104,36,150,1
381,123,19,117,392,1
381,325,112,41,156,1
381,234,89,50,197,1
381,282,76,45,235,1
381,122,55,64,278,1
381,351,104,37,155,1
382,109,21,129,393,1
382,233,90,53,195,1
382,281,76,46,229,1
382,327,112,41,158,1
382,356,107,35,157,1
383,95,19,143,403,1
383,282,74,47,220,1
383,331,110,45,163,1
383,237,91,50,195,1
383,361,106,33,160,1
383,418,144,12,20,1
384,86,16,150,416,1
384,330,111,52,166,1
384,283,73,46,224,1
384,238,92,48,194,1
384,362,104,38,164,1
384,418,143,11,21,1
385,69,13,158,418,1
385,281,71,47,224,1
385,329,113,58,163,1
385,239,89,47,194,1
385,205,119,40,156,1
385,350,110,43,165,1
385,418,144,10,19,1
386,58,10,152,425,1
386,281,69,45,228,1
386,325,109,57,171,1
386,240,86,44,194,1
386,362,100,37,173,1
386,204,118,39,152,1
386,105,49,98,371,1
387,46,6,131,423,1
387,322,109,60,174,1
387,278,68,43,230,1
387,236,85,46,196,1
387,362,96,39,180,1
387,198,114,45,154,1
387,133,31,67,362,1
388,41,3,109,424,1
388,318,101,62,185,1
388,123,19,73,352,1
388,273,67,44,231,1
388,234,82,44,198,1
388,360,91,42,185,1
388,198,111,39,155,1
389,24,4,109,429,1
389,315,102,62,185,1
389,106,20,90,369,1
389,228,82,45,199,1
389,269,68,42,234,1
389,359,91,44,182,1
389,194,107,38,159,1
390,7,0,104,436,1
390,98,12,94,389,1
390,313,96,58,192,1
390,357,86,43,194,1
390,264,69,43,234,1
390,228,82,40,199,1
390,187,107,38,163,1
391,0,0,100,443,1
391,88,6,98,406,1
391,312,93,56,198,1
391,357,85,45,198,1
391,260,68,45,238,1
391,226,84,39,201,1
391,180,109,40,158,1
392,76,4,106,425,1
392,313,91,54,207,1
392,357,84,50,203,1
392,0,3,86,453,1
392,259,64,43,237,1
392,224,82,39,200,1
392,176,110,40,162,1
393,69,2,104,434,1
393,356,82,55,208,1
393,310,91,59,212,1
393,259,65,46,233,1
393,226,80,39,202,1
393,172,104,39,167,1
393,0,10,76,440,1
393,203,109,30,162,1
394,57,3,119,442,1
394,312,93,61,214,1
394,359,82,55,213,1
394,259,68,49,227,1
394,226,82,40,201,1
394,0,19,61,445,1
394,171,102,39,174,1
394,196,108,40,170,1
395,52,5,121,450,1
395,313,93,64,222,1
395,362,76,55,222,1
395,263,68,44,229,1
395,227,81,43,200,1
395,193,108,44,171,1
395,168,103,41,170,1
396,47,4,131,458,1
396,368,79,56,220,1
396,317,89,70,228,1
396,266,67,46,233,1
396,170,106,38,164,1
396,231,84,42,205,1
396,197,112,43,173,1
396,179,112,46,172,1
397,324,86,71,237,1
397,30,4,152,468,1
397,374,70,54,236,1
397,272,72,47,233,1
397,235,82,44,209,1
397,197,114,46,172,1
397,173,104,39,168,1
397,583,150,15,15,1
398,328,82,80,246,1
398,18,3,173,476,1
398,385,75,51,245,1
398,280,72,45,238,1
398,199,115,50,177,1
398,241,86,45,204,1
398,173,106,43,165,1
399,332,82,85,259,1
399,392,73,54,262,1
399,0,1,196,466,1
399,284,76,47,237,1
399,247,89,44,203,1
399,203,115,48,181,1
399,173,108,47,159,1
400,333,89,93,270,1
400,398,74,55,276,1
400,0,4,195,469,1
400,204,118,48,184,1
400,290,82,45,237,1
400,250,95,45,200,1
400,372,80,67,275,1
400,176,109,46,157,1
401,333,90,98,276,1
401,403,75,56,281,1
401,0,9,211,469,1
401,256,97,41,199,1
401,294,83,44,236,1
401,201,120,54,183,1
401,176,114,47,158,1
402,337,84,100,297,1
402,409,71,59,291,1
402,1,8,201,465,1
402,296,82,43,242,1
402,261,97,39,201,1
402,206,120,49,191,1
402,175,116,48,166,1
402,498,160,11,14,1
403,338,77,104,314,1
403,0,1,186,473,1
403,417,68,64,299,1
403,264,97,38,203,1
403,208,119,49,194,1
403,298,78,46,240,1
403,171,109,54,164,1
403,501,162,11,15,1
404,343,73,102,325,1
404,0,3,175,471,1
404,423,63,71,309,1
404,265,96,39,204,1
404,209,120,48,200,1
404,299,82,48,234,1
404,167,108,61,172,1
405,350,66,98,334,1
405,427,56,78,317,1
405,1,0,163,472,1
405,164,106,64,215,1
405,266,92,39,210,1
405,299,83,48,226,1
405,208,118,51,202,1
406,356,61,98,351,1
406,431,55,88,335,1
406,162,102,61,229,1
406,207,118,51,206,1
406,299,80,49,232,1
406,264,95,41,200,1
406,114,41,53,338,1
406,0,8,152,454,1
406,531,146,12,31,1
407,363,53,94,368,1
407,437,52,89,352,1
407,80,25,83,364,1
407,205,115,55,209,1
407,161,102,59,232,1
407,262,95,42,200,1
407,299,80,48,231,1
407,1,0,99,468,1
408,70,24,94,368,1
408,363,50,101,404,1
408,440,50,96,370,1
408,203,114,58,214,1
408,157,98,58,240,1
408,259,95,45,203,1
408,299,81,48,232,1
408,348,140,26,104,1
409,64,15,95,394,1
409,440,46,104,380,1
409,369,47,100,420,1
409,151,100,61,240,1
409,202,112,56,218,1
409,253,96,50,203,1
409,300,78,46,234,1
409,348,136,28,113,1
410,56,8,98,422,1
410,372,40,102,439,1
410,143,99,67,249,1
410,442,28,110,412,1
410,201,109,57,225,1
410,297,79,47,237,1
410,251,96,50,203,1
410,348,134,31,116,1
411,48,3,102,445,1
411,378,24,103,450,1
411,449,22,108,405,1
411,198,107,59,231,1
411,137,96,68,259,1
411,249,98,50,198,1
411,298,80,46,238,1
411,347,132,35,119,1
412,39,1,108,464,1
412,461,0,103,440,1
412,380,19,114,460,1
412,198,104,58,240,1
412,132,94,69,265,1
412,245,97,54,197,1
412,298,80,47,238,1
412,350,129,35,121,1
413,27,3,112,473,1
413,477,0,92,464,1
413,381,4,132,475,1
413,195,100,61,255,1
413,129,88,68,276,1
413,245,95,56,202,1
413,298,78,49,237,1
413,352,131,34,118,1
414,16,0,118,470,1
414,368,0,190,477,1
414,193,100,63,263,1
414,301,77,50,231,1
414,127,85,69,286,1
414,246,92,56,202,1
414,494,0,86,474,1
414,353,128,33,122,1
415,370,0,210,470,1
415,7,0,125,477,1
415,191,97,65,276,1
415,125,87,69,295,1
415,244,93,58,204,1
415,303,78,54,229,1
415,510,7,87,313,1
415,356,132,35,115,1
416,0,2,138,475,1
416,375,0,228,476,1
416,124,87,68,304,1
416,191,101,66,279,1
416,305,78,53,228,1
416,248,93,58,204,1
416,359,132,36,117,1
416,528,0,91,283,1
417,372,0,262,476,1
417,190,98,72,285,1
417,0,0,145,474,1
417,122,87,73,308,1
417,250,96,58,200,1
417,309,78,52,232,1
417,548,0,91,241,1
417,364,132,35,117,1
418,381,0,251,474,1
418,3,0,142,478,1
418,187,98,78,292,1
418,256,98,58,201,1
418,121,88,74,314,1
418,314,78,52,234,1
418,366,132,38,123,1
419,399,2,237,473,1
419,184,99,79,298,1
419,3,0,148,472,1
419,261,103,57,194,1
419,121,88,84,326,1
419,318,79,54,234,1
419,372,132,36,126,1
420,448,1,190,472,1
420,2,0,150,479,1
420,119,82,94,343,1
420,267,99,55,198,1
420,189,89,80,313,1
420,323,84,51,229,1
420,376,130,39,128,1
420,455,103,45,179,1
420,142,87,94,328,1
421,0,3,149,471,1
421,118,74,85,355,1
421,271,94,56,203,1
421,463,100,71,292,1
421,187,81,85,321,1
421,327,81,52,234,1
421,510,0,129,480,1
421,380,127,37,131,1
421,250,105,28,141,1
422,470,92,85,309,1
422,275,89,55,201,1
422,192,78,81,333,1
422,118,68,106,367,1
422,0,5,143,464,1
422,330,77,52,231,1
422,385,125,35,133,1
422,564,2,72,468,1
422,252,100,30,148,1
423,477,86,90,336,1
423,102,60,112,373,1
423,276,87,58,201,1
423,190,71,86,351,1
423,0,0,123,473,1
423,334,74,49,231,1
423,387,124,37,131,1
423,251,99,31,148,1
424,489,83,86,343,1
424,101,50,103,391,1
424,276,81,59,203,1
424,187,65,90,366,1
424,333,67,51,229,1
424,389,119,38,132,1
424,1,6,102,466,1
424,251,94,31,120,1
425,92,42,110,400,1
425,499,77,84,363,1
425,274,81,61,202,1
425,182,60,93,382,1
425,329,64,52,229,1
425,388,117,39,133,1
425,247,90,35,123,1
426,506,74,89,378,1
426,84,33,112,421,1
426,275,77,59,202,1
426,181,52,98,392,1
426,330,60,52,229,1
426,386,111,41,136,1
426,242,85,36,111,1
427,509,59,97,404,1
427,74,25,111,440,1
427,176,42,105,407,1
427,273,76,59,202,1
427,329,57,52,230,1
427,385,108,40,139,1
428,512,58,105,405,1
428,58,15,122,456,1
428,168,31,112,427,1
428,270,74,58,201,1
428,325,54,54,234,1
428,382,104,40,139,1
428,444,129,18,20,1
429,518,43,111,426,1
429,157,19,122,446,1
429,43,2,124,468,1
429,267,71,59,203,1
429,322,54,54,232,1
429,381,100,41,141,1
429,443,126,15,20,1
430,149,10,130,463,1
430,527,27,108,448,1
430,22,0,133,480,1
430,321,51,53,232,1
430,264,65,57,206,1
430,376,96,44,144,1
431,141,0,137,475,1
431,3,0,139,480,1
431,532,10,106,469,1
431,319,48,55,234,1
431,262,63,57,200,1
431,376,95,42,142,1
431,440,122,18,18,1
432,131,0,144,477,1
432,2,10,130,468,1
432,535,5,104,472,1
432,261,61,60,204,1
432,323,50,53,233,1
432,380,90,40,149,1
433,121,0,147,475,1
433,0,6,121,467,1
433,555,13,84,466,1
433,323,48,55,231,1
433,262,60,60,203,1
433,381,88,42,152,1
434,105,0,152,476,1
434,323,52,57,223,1
434,0,4,103,461,1
434,262,61,60,205,1
434,384,89,39,152,1
434,571,70,68,400,1
435,82,0,171,471,1
435,326,51,51,225,1
435,260,67,62,205,1
435,384,88,41,153,1
435,0,3,90,467,1
435,585,91,54,267,1
435,208,54,52,191,1
435,442,119,16,19,1
436,59,2,185,475,1
436,327,53,50,227,1
436,260,69,62,204,1
436,205,55,48,213,1
436,384,91,43,154,1
436,1,9,67,469,1
437,40,0,186,473,1
437,325,57,53,226,1
437,262,73,61,206,1
437,200,59,54,219,1
437,390,93,38,155,1
437,0,50,91,429,1
437,603,115,12,19,1
438,324,58,55,227,1
438,9,4,208,471,1
438,196,61,61,219,1
438,264,74,60,205,1
438,386,93,42,157,1
438,605,115,13,19,1
439,266,72,58,206,1
439,325,60,50,226,1
439,190,65,62,222,1
439,388,93,41,157,1
439,0,6,204,463,1
439,605,116,15,18,1
439,392,313,37,80,1
440,323,60,52,226,1
440,264,69,59,205,1
440,389,92,41,157,1
440,183,69,67,221,1
440,392,313,41,83,1
440,3,1,191,478,1
441,263,68,58,205,1
441,321,58,50,226,1
441,173,69,76,228,1
441,390,91,40,158,1
441,228,96,36,162,1
441,608,118,15,15,1
442,262,65,59,210,1
442,318,54,50,227,1
442,166,79,76,216,1
442,386,91,43,158,1
443,258,67,61,209,1
443,154,59,83,240,1
443,386,89,43,162,1
443,315,54,50,227,1
443,217,96,42,148,1
443,370,118,19,59,1
444,145,53,86,254,1
444,253,68,60,208,1
444,386,92,43,161,1
444,309,54,52,224,1
444,209,94,43,160,1
445,128,42,90,269,1
445,380,92,44,163,1
445,244,72,62,204,1
445,302,61,52,216,1
446,113,39,95,276,1
446,292,56,52,226,1
446,235,73,60,206,1
446,374,94,42,165,1
446,182,95,44,174,1
447,99,37,97,290,1
447,368,97,45,166,1
447,286,59,52,228,1
447,228,72,58,208,1
447,371,334,36,78,1
447,168,99,46,182,1
448,87,33,95,305,1
448,364,100,46,167,1
448,281,61,53,236,1
448,221,72,59,211,1
448,155,85,53,204,1
449,77,31,97,320,1
449,213,75,65,209,1
449,281,64,50,234,1
449,362,103,49,165,1
449,151,83,50,210,1
450,69,25,107,337,1
450,214,72,64,213,1
450,364,103,52,168,1
450,280,63,52,236,1
450,148,77,51,223,1
