1,6,13,47,154,0.0763159
1,443,169,54,107,0.0763159
1,475,178,58,114,0.0763159
1,143,141,69,138,0.0763159
2,140,140,69,138,0.063662
2,178,165,54,107,0.063662
2,56,136,86,173,0.063662
2,442,131,92,184,0.063662
2,306,160,78,155,0.063662
3,305,167,74,146,0.0626959
3,134,142,67,134,0.0626959
3,438,169,55,111,0.0626959
3,467,177,60,120,0.0626959
3,87,149,59,118,0.0626959
4,134,141,69,138,0.0556274
4,305,166,74,149,0.0556274
4,463,175,62,123,0.0556274
4,209,171,54,107,0.0556274
4,437,169,56,112,0.0556274
5,453,165,69,137,0.0817827
5,301,166,76,152,0.0817827
5,131,141,69,138,0.0817827
5,42,136,86,173,0.0817827
6,441,143,82,165,0.0640833
6,298,163,79,158,0.0640833
6,42,138,83,167,0.0640833
6,205,177,53,106,0.0640833
7,298,164,78,157,0.063889
7,44,9,56,99,0.063889
8,292,161,80,161,0.0654169
8,437,141,86,171,0.0654169
8,191,173,54,107,0.0654169
9,450,166,69,138,0.0569163
9,292,161,80,161,0.0569163
9,123,141,69,138,0.0569163
9,78,160,55,110,0.0569163
9,196,176,54,109,0.0569163
10,443,162,73,145,0.06639
10,276,95,112,223,0.06639
10,77,160,54,108,0.06639
10,194,175,55,110,0.06639
11,444,163,71,142,0.0586116
11,295,163,79,159,0.0586116
11,193,174,54,109,0.0586116
12,194,173,54,108,0.064398
12,441,168,66,130,0.064398
13,438,163,77,154,0.062719
13,194,173,54,108,0.062719
14,436,162,78,155,0.0716562
14,191,173,54,108,0.0716562
15,441,172,62,124,0.0571451
15,186,172,55,110,0.0571451
16,440,170,63,126,0.0696193
16,185,174,55,110,0.0696193
16,62,157,59,118,0.0696193
17,11,144,90,179,0.0653041
17,439,169,64,128,0.0653041
17,181,173,56,111,0.0653041
17,284,161,83,166,0.0653041
18,433,149,82,164,0.0608433
18,284,163,82,164,0.0608433
18,178,175,56,111,0.0608433
19,277,167,84,169,0.0663776
19,177,175,55,110,0.0663776
19,442,183,58,115,0.0663776
20,8,167,66,151,0.0632037
20,165,171,58,116,0.0632037
20,439,185,62,123,0.0632037
21,167,177,56,112,0.0679916
21,437,179,59,118,0.0679916
21,271,165,87,175,0.0679916
21,101,188,52,104,0.0679916
22,429,169,68,137,0.0603017
22,271,171,83,167,0.0603017
22,96,185,54,107,0.0603017
22,169,184,54,109,0.0603017
23,428,174,66,132,0.0711415
23,93,187,54,107,0.0711415
23,160,180,58,115,0.0711415
24,9,69,71,286,0.0592739
24,426,174,70,140,0.0592739
24,88,188,54,106,0.0592739
24,156,183,58,114,0.0592739
25,7,132,53,211,0.0605379
25,417,177,67,134,0.0605379
25,77,189,54,109,0.0605379
25,147,184,57,114,0.0605379
26,411,168,73,146,0.0561914
26,6,9,47,102,0.0561914
26,138,182,59,118,0.0561914
26,72,188,54,106,0.0561914
27,404,173,71,142,0.0648621
27,4,9,33,108,0.0648621
27,130,182,58,116,0.0648621
27,62,187,54,106,0.0648621
28,6,143,50,151,0.0625779
28,397,167,79,159,0.0625779
28,57,188,54,107,0.0625779
28,122,182,58,116,0.0625779
29,402,177,68,136,0.0577884
29,5,140,43,159,0.0577884
29,52,186,54,109,0.0577884
29,121,181,59,118,0.0577884
30,385,160,86,173,0.0547753
30,4,148,36,144,0.0547753
30,108,180,63,126,0.0547753
30,603,154,33,122,0.0547753
30,42,188,54,109,0.0547753
31,603,154,33,123,0.0675185
31,382,168,82,166,0.0675185
31,4,160,33,131,0.0675185
31,102,179,66,130,0.0675185
31,213,174,92,184,0.0675185
31,38,189,54,109,0.0675185
31,590,116,45,113,0.0675185
32,210,171,94,189,0.063869
32,599,152,36,134,0.063869
32,384,169,80,161,0.063869
32,98,179,66,132,0.063869
32,33,188,54,107,0.063869
33,376,167,86,172,0.0600417
33,90,179,67,134,0.0600417
33,596,144,39,145,0.0600417
33,29,190,54,109,0.0600417
34,583,110,50,184,0.064208
34,371,167,89,178,0.064208
34,82,178,69,138,0.064208
34,24,191,54,109,0.064208
35,376,169,82,165,0.055958
35,78,187,65,129,0.055958
35,17,192,54,109,0.055958
36,374,168,83,166,0.0565092
36,72,182,69,138,0.0565092
36,16,195,53,106,0.0565092
37,68,183,69,138,0.0637027
37,395,184,63,126,0.0637027
37,14,196,54,109,0.0637027
37,357,197,54,109,0.0637027
38,60,176,74,149,0.0615894
38,381,174,78,154,0.0615894
38,571,112,59,118,0.0615894
38,10,194,54,109,0.0615894
39,377,167,81,162,0.0678028
39,60,183,70,142,0.0678028
39,8,193,54,108,0.0678028
39,571,112,59,118,0.0678028
40,386,174,79,159,0.0620815
40,54,189,68,137,0.0620815
40,6,193,50,108,0.0620815
40,351,194,54,107,0.0620815
41,53,183,70,141,0.0572667
41,6,192,49,108,0.0572667
41,384,172,82,163,0.0572667
42,47,183,71,142,0.0769051
42,6,192,47,107,0.0769051
42,384,172,82,163,0.0769051
43,44,181,73,146,0.0671533
43,391,192,66,133,0.0671533
43,5,193,43,108,0.0671533
44,40,181,74,147,0.0724398
44,395,192,62,122,0.0724398
44,5,192,42,109,0.0724398
45,33,179,74,149,0.0726552
45,394,176,67,134,0.0726552
45,566,105,58,116,0.0726552
46,394,174,70,140,0.071334
46,25,178,75,151,0.071334
46,566,105,58,116,0.071334
47,26,182,73,146,0.0630726
47,390,169,75,150,0.0630726
47,566,105,58,116,0.0630726
47,4,191,29,106,0.0630726
48,563,102,59,118,0.0635028
48,394,177,69,138,0.0635028
48,18,184,74,149,0.0635028
48,4,190,28,110,0.0635028
49,394,174,70,139,0.0572376
49,13,182,76,151,0.0572376
49,330,182,63,127,0.0572376
49,565,104,58,117,0.0572376
49,3,194,26,107,0.0572376
50,394,175,74,148,0.0712389
50,9,184,72,154,0.0712389
50,562,99,62,125,0.0712389
51,395,176,72,145,0.0612834
51,8,197,67,143,0.0612834
51,46,185,53,106,0.0612834
51,4,44,31,125,0.0612834
51,342,233,57,113,0.0612834
52,397,176,71,142,0.0628725
52,8,193,63,146,0.0628725
52,43,182,54,107,0.0628725
52,562,101,61,122,0.0628725
52,4,43,31,122,0.0628725
53,397,174,70,141,0.0699738
53,8,190,62,149,0.0699738
53,562,103,59,118,0.0699738
53,40,181,54,109,0.0699738
54,398,175,68,136,0.0848276
54,7,183,58,157,0.0848276
54,3,53,26,107,0.0848276
54,38,180,54,110,0.0848276
54,562,103,59,118,0.0848276
55,389,160,91,183,0.0622438
55,6,160,49,194,0.0622438
55,609,56,28,109,0.0622438
55,28,178,54,107,0.0622438
56,5,186,42,167,0.0570211
56,396,191,75,150,0.0570211
56,609,56,28,109,0.0570211
56,29,182,53,106,0.0570211
57,6,164,46,186,0.0740638
57,388,158,93,185,0.0740638
57,609,56,27,107,0.0740638
57,25,182,52,104,0.0740638
58,5,177,43,171,0.060263
58,395,164,81,161,0.060263
58,609,54,28,109,0.060263
58,25,182,54,106,0.060263
59,396,163,81,162,0.061834
59,608,52,29,110,0.061834
59,25,183,53,105,0.061834
60,399,165,80,159,0.0651172
60,609,52,28,110,0.0651172
60,17,182,54,107,0.0651172
61,398,164,81,161,0.0856343
61,607,48,30,112,0.0856343
61,15,185,53,105,0.0856343
62,402,167,78,156,0.0644207
62,5,140,39,155,0.0644207
62,609,50,28,109,0.0644207
62,12,187,54,106,0.0644207
63,407,169,77,154,0.0716661
63,5,140,39,155,0.0716661
63,609,50,28,109,0.0716661
63,13,187,53,105,0.0716661
64,5,137,42,168,0.065435
64,412,171,71,142,0.065435
65,5,140,41,163,0.0578188
65,413,167,78,157,0.0578188
65,608,48,29,107,0.0578188
65,561,90,62,125,0.0578188
66,412,166,87,175,0.0637969
66,5,138,42,167,0.0637969
66,560,88,64,128,0.0637969
67,414,168,89,178,0.0578378
67,8,180,54,107,0.0578378
67,5,139,41,162,0.0578378
67,562,94,60,120,0.0578378
68,417,169,92,185,0.0727706
68,4,171,30,122,0.0727706
68,562,88,62,125,0.0727706
68,8,180,53,105,0.0727706
69,411,147,111,223,0.0703621
69,5,133,42,164,0.0703621
69,562,92,59,119,0.0703621
69,6,178,51,105,0.0703621
70,410,136,122,244,0.0761414
70,5,142,38,152,0.0761414
70,563,92,60,119,0.0761414
70,133,171,57,113,0.0761414
71,418,145,113,226,0.0752163
71,4,148,36,144,0.0752163
71,3,139,26,104,0.0752163
71,6,180,47,107,0.0752163
72,426,150,109,217,0.06691
72,5,183,39,104,0.06691
73,441,182,88,175,0.0938642
73,5,181,43,106,0.0938642
73,590,133,45,113,0.0938642
74,420,137,136,272,0.059902
74,591,131,44,117,0.059902
74,5,181,42,106,0.059902
75,452,180,90,179,0.0612353
75,5,180,38,107,0.0612353
76,448,150,112,223,0.0603591
76,4,182,34,106,0.0603591
77,447,144,118,234,0.0646582
77,4,183,31,106,0.0646582
78,441,136,138,278,0.0633083
78,30,148,150,286,0.0633083
78,4,180,34,110,0.0633083
79,450,142,125,250,0.0589976
79,582,112,51,187,0.0589976
79,4,167,36,121,0.0589976
79,569,81,63,135,0.0589976
80,454,144,123,246,0.0551072
80,582,112,51,187,0.0551072
80,5,156,37,128,0.0551072
81,468,152,106,212,0.0663242
81,5,118,42,166,0.0663242
81,587,123,47,176,0.0663242
82,463,140,143,286,0.0627199
82,5,169,38,107,0.0627199
82,609,288,28,110,0.0627199
83,461,155,142,279,0.0587142
83,19,140,150,293,0.0587142
83,6,104,46,180,0.0587142
83,589,129,46,170,0.0587142
84,477,210,116,232,0.0612313
84,589,129,46,170,0.0612313
85,19,117,152,312,0.0626998
85,475,146,144,287,0.0626998
85,591,127,44,161,0.0626998
86,477,135,145,297,0.0573448
86,19,117,152,312,0.0573448
87,5,140,39,139,0.069128
87,590,123,45,167,0.069128
87,595,195,40,150,0.069128
88,5,134,39,148,0.054875
88,608,134,29,110,0.054875
88,593,193,42,158,0.054875
89,515,160,98,197,0.0617253
89,4,140,34,138,0.0617253
89,65,164,65,129,0.0617253
90,4,152,31,126,0.0597703
90,506,135,119,297,0.0597703
91,36,71,64,127,0.0619841
91,4,147,33,133,0.0619841
92,517,131,110,299,0.0606006
92,33,67,66,131,0.0606006
92,4,145,34,136,0.0606006
93,527,127,100,300,0.0589402
93,30,71,63,126,0.0589402
93,4,148,30,118,0.0589402
94,30,69,62,125,0.0584714
95,537,125,92,306,0.0614019
95,4,81,35,141,0.0614019
95,266,159,54,106,0.0614019
96,552,144,78,289,0.0618639
96,4,95,33,133,0.0618639
96,80,155,63,126,0.0618639
96,267,157,53,105,0.0618639
96,25,149,86,172,0.0618639
97,4,93,34,134,0.0593103
97,80,150,66,132,0.0593103
97,559,156,72,271,0.0593103
98,78,144,69,138,0.0604316
98,561,155,70,262,0.0604316
99,558,150,73,273,0.0602965
99,78,150,66,130,0.0602965
99,17,144,88,176,0.0602965
100,558,150,73,273,0.0593782
100,78,150,65,129,0.0593782
100,14,150,79,159,0.0593782
101,558,150,73,273,0.0627221
101,10,148,82,164,0.0627221
101,78,150,65,129,0.0627221
102,556,150,74,265,0.0592318
102,10,144,80,169,0.0592318
103,11,134,87,231,0.0604125
103,554,160,77,249,0.0604125
103,80,156,58,117,0.0604125
104,9,139,75,188,0.0721632
104,555,155,75,258,0.0721632
105,10,107,82,321,0.0781699
105,557,152,74,250,0.0781699
106,9,128,73,235,0.0683956
107,9,112,74,294,0.0921089
107,17,143,133,290,0.0921089
107,609,296,27,105,0.0921089
108,9,116,70,279,0.0735947
108,16,141,132,291,0.0735947
109,9,121,69,274,0.067462
110,9,131,70,277,0.0728414
110,16,150,131,284,0.0728414
110,539,169,90,238,0.0728414
110,476,11,87,131,0.0728414
110,377,139,59,118,0.0728414
111,8,145,67,270,0.0532017
111,538,171,90,229,0.0532017
111,478,11,88,131,0.0532017
112,480,11,81,121,0.0630543
112,537,167,92,234,0.0630543
112,8,143,67,268,0.0630543
113,9,148,70,278,0.0583792
113,540,170,89,230,0.0583792
113,484,10,77,115,0.0583792
114,542,171,87,226,0.0552809
115,549,200,81,201,0.0605183
115,4,162,34,138,0.0605183
116,541,165,88,231,0.0696334
117,598,202,38,135,0.0815809
118,539,164,90,239,0.0742558
119,540,162,89,244,0.0757623
120,537,145,91,262,0.0692697
122,403,138,62,122,0.0769737
122,545,152,85,247,0.0769737
123,11,141,90,291,0.0684088
123,541,147,88,255,0.0684088
124,3,208,27,106,0.0650969
125,11,130,90,301,0.0618192
126,5,130,38,152,0.0568417
126,4,189,34,132,0.0568417
126,4,345,29,113,0.0568417
127,555,133,75,282,0.077219
127,5,127,39,154,0.077219
127,5,179,37,146,0.077219
128,558,134,73,273,0.0657188
128,12,127,94,304,0.0657188
129,558,134,73,273,0.0702149
129,5,152,43,170,0.0702149
130,12,115,99,314,0.0743957
130,563,142,69,256,0.0743957
131,559,137,72,265,0.0732543
131,6,136,50,198,0.0732543
132,6,136,51,203,0.070371
132,92,61,54,110,0.070371
133,6,138,50,198,0.0673458
134,7,134,54,215,0.0631965
135,7,132,54,218,0.0626956
136,7,124,56,224,0.0659961
136,560,142,71,267,0.0659961
137,558,139,73,273,0.0578267
137,7,149,54,115,0.0578267
138,558,139,73,273,0.0609053
138,7,149,54,115,0.0609053
139,7,149,55,116,0.0635214
139,558,139,73,273,0.0635214
140,560,142,71,264,0.0758473
140,7,152,54,112,0.0758473
141,560,143,71,271,0.0833831
141,7,149,55,115,0.0833831
142,560,141,71,270,0.0737675
142,7,147,57,118,0.0737675
143,560,142,71,268,0.0736468
143,7,151,57,115,0.0736468
143,3,29,26,107,0.0736468
144,558,134,73,276,0.0745335
144,7,149,58,117,0.0745335
145,561,136,70,266,0.0684913
145,7,148,58,118,0.0684913
146,561,136,70,266,0.0763204
146,8,152,58,116,0.0763204
147,561,136,70,266,0.0760898
147,9,152,58,116,0.0760898
148,8,21,65,243,0.0788489
149,3,163,26,104,0.0659377
149,13,155,56,112,0.0659377
150,593,156,42,158,0.0749009
150,3,163,27,110,0.0749009
150,13,155,56,111,0.0749009
151,4,159,28,111,0.0616507
151,15,154,56,112,0.0616507
151,564,147,67,255,0.0616507
152,570,155,62,234,0.0627826
152,4,158,28,114,0.0627826
152,15,156,55,110,0.0627826
153,4,156,29,115,0.0637253
153,13,155,56,111,0.0637253
153,564,150,67,253,0.0637253
154,13,155,56,111,0.0574443
154,4,155,30,116,0.0574443
154,564,150,67,253,0.0574443
154,112,138,60,119,0.0574443
155,4,155,30,118,0.0682355
155,13,154,56,111,0.0682355
155,564,141,67,255,0.0682355
156,4,154,29,117,0.0632473
156,11,153,56,113,0.0632473
157,563,119,69,263,0.0606226
157,4,156,29,115,0.0606226
157,12,155,55,110,0.0606226
158,559,122,72,275,0.0585336
158,4,156,29,115,0.0585336
158,10,153,56,112,0.0585336
159,564,160,67,250,0.0616642
159,4,157,29,114,0.0616642
159,10,154,54,107,0.0616642
160,555,124,75,282,0.0557063
160,360,135,54,107,0.0557063
160,4,157,28,114,0.0557063
160,8,155,56,112,0.0557063
161,549,115,81,298,0.0606404
161,6,153,48,114,0.0606404
161,357,135,54,107,0.0606404
162,546,116,83,302,0.0711417
162,6,152,48,115,0.0711417
162,357,135,54,107,0.0711417
163,541,115,88,313,0.0649637
163,6,148,49,119,0.0649637
163,354,135,54,107,0.0649637
164,539,124,90,300,0.0614148
164,352,135,54,109,0.0614148
164,6,150,44,118,0.0614148
165,538,130,90,266,0.0635159
165,353,135,53,106,0.0635159
165,4,152,34,117,0.0635159
166,519,122,108,298,0.0683634
166,6,96,45,179,0.0683634
166,351,135,54,107,0.0683634
167,517,122,110,298,0.0738055
167,6,95,44,178,0.0738055
167,3,24,27,110,0.0738055
167,347,134,53,106,0.0738055
168,514,126,112,286,0.061818
168,6,92,46,180,0.061818
168,346,133,54,107,0.061818
169,513,128,113,284,0.067275
169,6,94,44,175,0.067275
169,172,92,64,127,0.067275
169,344,133,54,107,0.067275
170,512,132,114,273,0.0606501
170,342,133,54,109,0.0606501
170,172,93,64,128,0.0606501
171,504,125,121,262,0.0580974
171,552,112,78,296,0.0580974
171,6,53,47,188,0.0580974
171,163,94,62,125,0.0580974
171,337,132,54,107,0.0580974
172,497,123,127,270,0.0568142
172,554,111,77,291,0.0568142
172,4,96,34,139,0.0568142
172,335,132,54,107,0.0568142
172,161,93,66,131,0.0568142
173,4,101,34,136,0.0600589
173,159,90,67,134,0.0600589
173,498,128,126,254,0.0600589
173,334,132,54,109,0.0600589
173,557,118,74,278,0.0600589
174,555,118,75,279,0.0661929
174,493,127,130,260,0.0661929
174,3,127,26,107,0.0661929
175,540,99,89,320,0.0576807
175,9,20,71,232,0.0576807
175,493,123,125,250,0.0576807
175,332,135,52,104,0.0576807
175,154,99,62,125,0.0576807
176,474,118,146,294,0.066017
176,540,109,89,309,0.066017
176,4,105,32,127,0.066017
176,335,133,53,106,0.066017
176,153,100,62,124,0.066017
177,476,131,140,280,0.0605658
177,539,108,90,314,0.0605658
177,4,107,31,126,0.0605658
177,155,106,61,121,0.0605658
177,334,135,54,107,0.0605658
178,475,131,140,280,0.0631373
178,537,110,92,311,0.0631373
178,4,120,29,113,0.0631373
178,335,133,53,106,0.0631373
178,152,95,64,128,0.0631373
179,470,124,146,291,0.0643692
179,536,112,93,297,0.0643692
179,150,87,70,141,0.0643692
179,334,134,52,104,0.0643692
180,466,120,150,301,0.0639291
180,530,115,98,290,0.0639291
180,152,91,66,133,0.0639291
181,586,253,48,177,0.055101
181,151,87,66,132,0.055101
181,331,127,54,106,0.055101
181,464,113,146,291,0.055101
182,152,82,67,134,0.0611319
182,466,113,141,282,0.0611319
182,331,127,54,106,0.0611319
182,277,134,52,104,0.0611319
183,468,118,138,274,0.0627366
183,152,82,67,134,0.0627366
183,333,126,53,106,0.0627366
184,466,119,130,261,0.0780652
184,334,125,54,109,0.0780652
184,608,205,29,110,0.0780652
184,151,80,69,137,0.0780652
185,468,125,126,251,0.0643378
185,150,76,70,141,0.0643378
185,334,124,54,109,0.0643378
185,607,202,30,112,0.0643378
186,475,111,142,285,0.069275
186,151,73,71,142,0.069275
186,608,199,29,110,0.069275
186,335,124,53,105,0.069275
187,484,116,138,280,0.065415
187,152,78,67,134,0.065415
187,334,124,54,109,0.065415
188,447,114,146,291,0.0640254
188,519,114,107,282,0.0640254
188,152,78,69,138,0.0640254
188,334,124,54,109,0.0640254
189,446,117,142,285,0.0706296
189,517,110,110,289,0.0706296
189,151,75,70,141,0.0706296
189,334,124,54,109,0.0706296
190,451,134,135,270,0.0693411
190,518,116,109,279,0.0693411
190,333,124,55,110,0.0693411
190,151,72,73,144,0.0693411
191,477,122,145,290,0.0611059
191,336,129,54,107,0.0611059
192,482,122,141,294,0.0647222
192,335,129,55,111,0.0647222
193,475,122,146,298,0.0584859
193,335,130,56,112,0.0584859
194,473,126,147,294,0.0631967
194,335,130,56,112,0.0631967
195,484,128,138,287,0.0628549
195,337,130,56,113,0.0628549
196,493,118,130,301,0.0620286
196,340,132,56,112,0.0620286
197,493,119,130,302,0.068711
197,430,151,131,262,0.068711
197,340,132,56,112,0.068711
198,491,113,133,310,0.078563
198,433,155,126,252,0.078563
198,341,132,56,112,0.078563
198,64,119,56,111,0.078563
199,493,120,130,299,0.0773668
199,430,145,128,255,0.0773668
199,343,134,55,110,0.0773668
200,493,120,130,299,0.0687465
200,430,156,126,254,0.0687465
200,7,96,58,233,0.0687465
200,346,134,55,110,0.0687465
201,487,118,136,311,0.0763095
201,417,128,146,293,0.0763095
201,8,87,62,245,0.0763095
201,349,135,56,111,0.0763095
202,417,128,146,293,0.072245
202,483,115,140,314,0.072245
202,350,138,56,112,0.072245
202,7,94,59,234,0.072245
203,422,135,138,277,0.0681675
203,496,134,128,298,0.0681675
203,351,142,56,112,0.0681675
204,425,145,138,277,0.0630634
204,490,126,134,305,0.0630634
204,592,11,42,126,0.0630634
204,358,141,57,114,0.0630634
205,425,145,138,277,0.0588762
205,492,127,131,304,0.0588762
205,361,141,58,114,0.0588762
206,477,142,145,290,0.0566314
206,7,19,56,214,0.0566314
206,368,145,57,113,0.0566314
207,429,147,141,282,0.0602571
207,501,132,124,299,0.0602571
207,7,18,53,208,0.0602571
207,368,144,59,118,0.0602571
208,460,138,148,294,0.0569055
208,7,19,54,214,0.0569055
208,372,144,58,117,0.0569055
209,431,142,143,286,0.0625894
209,506,131,119,300,0.0625894
209,7,19,58,220,0.0625894
209,377,147,58,115,0.0625894
210,432,142,142,283,0.0627038
210,505,128,120,303,0.0627038
210,7,19,58,220,0.0627038
210,377,144,59,118,0.0627038
211,509,118,117,311,0.056376
211,433,141,143,287,0.056376
211,7,19,58,220,0.056376
211,381,143,59,118,0.056376
212,432,144,142,283,0.0619672
212,8,19,60,218,0.0619672
212,509,118,117,311,0.0619672
212,68,301,81,154,0.0619672
213,434,147,138,276,0.0596883
213,509,128,116,303,0.0596883
213,7,19,58,217,0.0596883
213,386,139,62,123,0.0596883
213,67,302,82,153,0.0596883
214,435,140,138,278,0.0675657
214,513,132,113,299,0.0675657
214,51,303,86,152,0.0675657
214,388,140,61,121,0.0675657
214,8,19,60,222,0.0675657
215,438,143,138,275,0.0704455
215,508,125,118,306,0.0704455
215,392,138,61,121,0.0704455
215,58,307,84,149,0.0704455
215,7,19,58,217,0.0704455
216,438,144,141,282,0.0594537
216,7,19,58,216,0.0594537
216,509,127,117,304,0.0594537
217,397,142,62,124,0.0615081
217,433,140,148,293,0.0615081
217,509,124,117,306,0.0615081
218,434,139,146,292,0.0626737
218,509,134,117,298,0.0626737
218,399,143,64,127,0.0626737
219,431,138,148,294,0.0606666
219,513,139,113,294,0.0606666
220,430,139,152,294,0.0593066
220,505,129,120,302,0.0593066
221,423,137,155,295,0.0626893
221,512,154,114,281,0.0626893
221,6,149,47,189,0.0626893
221,6,32,50,197,0.0626893
222,422,141,148,292,0.0662002
222,511,151,114,283,0.0662002
222,6,147,48,190,0.0662002
223,420,153,142,282,0.0592846
223,510,151,115,283,0.0592846
223,5,166,42,170,0.0592846
224,6,152,46,180,0.0583577
224,443,142,150,290,0.0583577
225,515,176,111,262,0.0652619
225,420,152,142,282,0.0652619
225,6,156,44,174,0.0652619
226,8,57,66,263,0.0591488
226,419,156,144,278,0.0591488
226,501,133,124,298,0.0591488
226,122,125,57,113,0.0591488
227,3,52,27,110,0.0597993
227,4,199,33,129,0.0597993
227,413,144,150,289,0.0597993
227,499,128,126,302,0.0597993
228,415,148,146,286,0.0612722
228,499,127,126,304,0.0612722
228,7,67,57,227,0.0612722
229,414,144,149,289,0.0686189
229,495,123,129,307,0.0686189
229,6,108,50,114,0.0686189
230,414,146,148,287,0.0718344
230,493,126,130,305,0.0718344
230,7,10,59,114,0.0718344
231,4,10,29,109,0.0594979
231,415,145,149,288,0.0594979
231,493,131,130,300,0.0594979
232,414,134,151,298,0.0737411
232,4,9,30,106,0.0737411
232,494,132,130,299,0.0737411
233,413,142,152,290,0.0660687
233,495,129,129,302,0.0660687
233,4,9,30,104,0.0660687
234,413,134,154,298,0.0568282
234,501,131,123,300,0.0568282
234,4,9,29,106,0.0568282
235,410,131,158,300,0.0620722
235,506,132,119,299,0.0620722
236,415,137,150,295,0.0756912
236,506,132,119,299,0.0756912
236,4,139,29,113,0.0756912
237,411,125,158,306,0.0604791
237,4,142,28,113,0.0604791
237,5,331,43,108,0.0604791
238,412,124,158,306,0.0669702
238,4,143,28,112,0.0669702
238,505,118,120,311,0.0669702
239,415,126,150,302,0.0581055
239,512,141,114,290,0.0581055
239,4,140,29,114,0.0581055
240,412,125,155,306,0.0678196
240,505,115,120,314,0.0678196
240,4,137,30,121,0.0678196
241,413,128,154,302,0.0598817
241,498,112,126,317,0.0598817
242,410,113,161,316,0.0620249
242,509,132,117,299,0.0620249
243,415,120,154,307,0.0602338
243,509,128,117,303,0.0602338
244,407,113,166,316,0.0617637
244,510,125,115,306,0.0617637
244,175,17,53,105,0.0617637
245,503,117,122,312,0.0715118
245,407,113,166,316,0.0715118
245,175,17,53,105,0.0715118
246,428,124,154,306,0.0566908
246,503,119,122,310,0.0566908
247,504,119,121,310,0.0600174
247,425,121,164,309,0.0600174
248,425,127,158,304,0.0569967
248,504,119,121,310,0.0569967
249,421,124,161,306,0.066716
249,504,123,121,307,0.066716
250,418,119,165,310,0.0652045
250,503,117,122,312,0.0652045
251,416,115,163,314,0.0605221
251,503,119,122,310,0.0605221
251,203,110,54,107,0.0605221
252,415,117,161,312,0.0618281
252,505,113,120,316,0.0618281
252,204,114,53,106,0.0618281
253,414,124,159,306,0.075798
253,498,111,94,187,0.075798
253,505,113,120,316,0.075798
253,202,113,53,106,0.075798
254,418,128,154,302,0.0634648
254,206,111,53,106,0.0634648
255,413,114,164,315,0.0638485
255,526,43,56,112,0.0638485
256,593,219,42,162,0.0656008
256,419,113,155,310,0.0656008
257,422,109,160,319,0.0686316
257,599,225,37,140,0.0686316
258,428,106,158,318,0.07444
258,499,95,126,331,0.07444
259,432,108,157,313,0.0757998
259,532,196,96,244,0.0757998
260,529,97,98,217,0.0591696
260,439,112,149,298,0.0591696
261,436,112,153,306,0.0584808
261,548,218,82,210,0.0584808
262,434,115,157,314,0.0553041
263,437,116,152,304,0.081519
263,581,290,53,163,0.081519
264,443,118,146,290,0.0585353
264,583,293,50,161,0.0585353
264,4,120,28,104,0.0585353
265,446,124,142,285,0.0619455
265,589,294,46,160,0.0619455
265,3,118,26,107,0.0619455
266,449,124,138,276,0.061491
266,532,98,96,329,0.061491
266,3,117,26,106,0.061491
266,211,107,54,107,0.061491
267,543,125,86,306,0.0608508
267,448,111,150,299,0.0608508
267,3,118,26,107,0.0608508
268,442,97,168,330,0.082168
268,564,196,67,244,0.082168
268,3,118,26,107,0.082168
269,442,97,163,326,0.0656408
269,572,225,61,219,0.0656408
270,3,118,26,107,0.0604721
270,449,111,157,313,0.0604721
270,529,90,98,335,0.0604721
271,452,114,158,315,0.0542433
271,537,101,91,326,0.0542433
272,454,111,158,315,0.0788669
272,537,101,91,326,0.0788669
272,192,9,54,102,0.0788669
272,214,113,51,102,0.0788669
273,457,114,156,312,0.0751439
273,532,93,96,333,0.0751439
273,4,104,30,119,0.0751439
273,192,9,53,103,0.0751439
274,457,117,158,312,0.0576575
274,532,93,96,333,0.0576575
274,192,9,53,103,0.0576575
275,456,115,158,314,0.0559856
275,532,93,96,333,0.0559856
275,192,9,53,103,0.0559856
275,212,112,52,104,0.0559856
276,454,116,156,312,0.080489
276,530,93,98,333,0.080489
276,212,111,53,105,0.080489
277,451,113,157,313,0.0603932
277,206,110,54,106,0.0603932
278,446,104,158,317,0.0609342
278,525,87,102,338,0.0609342
278,183,9,53,102,0.0609342
278,139,108,51,102,0.0609342
278,203,110,54,106,0.0609342
279,440,114,154,307,0.0678639
279,199,109,54,110,0.0678639
279,609,290,28,109,0.0678639
280,438,117,152,304,0.059039
280,4,105,32,128,0.059039
280,133,106,54,107,0.059039
280,199,109,54,110,0.059039
281,436,106,154,309,0.063771
281,5,57,38,150,0.063771
281,609,87,28,110,0.063771
281,193,112,52,104,0.063771
282,437,108,151,302,0.0648611
282,548,200,82,202,0.0648611
282,4,69,35,140,0.0648611
282,606,84,30,113,0.0648611
282,187,109,55,110,0.0648611
282,124,108,53,106,0.0648611
283,436,104,153,306,0.05978
283,543,194,86,216,0.05978
283,4,78,32,130,0.05978
283,118,101,55,110,0.05978
283,187,110,54,107,0.05978
284,435,100,155,311,0.0730399
284,4,83,30,120,0.0730399
284,608,226,29,113,0.0730399
284,185,111,53,106,0.0730399
285,436,89,158,315,0.0547011
285,4,83,30,122,0.0547011
285,180,109,54,110,0.0547011
285,115,108,51,102,0.0547011
286,437,102,151,303,0.0593716
286,180,110,54,107,0.0593716
287,436,96,156,313,0.0561241
287,110,116,57,113,0.0561241
287,175,113,53,106,0.0561241
288,435,92,158,316,0.0603198
288,174,109,54,108,0.0603198
289,436,86,158,315,0.0678047
289,102,90,64,128,0.0678047
289,171,108,55,110,0.0678047
290,433,86,162,323,0.0612349
290,103,100,58,114,0.0612349
290,172,110,54,107,0.0612349
291,444,90,151,303,0.061298
291,577,268,56,182,0.061298
291,101,100,57,114,0.061298
292,445,84,155,310,0.062152
292,100,90,60,119,0.062152
292,233,133,57,113,0.062152
292,584,274,50,177,0.062152
293,450,84,150,301,0.0564594
293,99,91,60,119,0.0564594
293,166,101,56,112,0.0564594
294,449,71,166,331,0.0686076
294,525,60,102,362,0.0686076
294,98,92,59,118,0.0686076
294,165,97,58,114,0.0686076
295,461,72,150,301,0.0603249
295,525,60,102,362,0.0603249
295,166,96,56,111,0.0603249
295,98,95,58,115,0.0603249
296,455,64,165,335,0.057401
296,162,94,59,118,0.057401
296,97,92,60,120,0.057401
296,525,60,102,362,0.057401
297,457,70,162,331,0.0724221
297,97,94,58,115,0.0724221
298,457,78,162,328,0.0617154
298,95,95,59,118,0.0617154
299,453,67,166,347,0.0667063
299,93,97,60,119,0.0667063
300,453,70,166,347,0.0692991
300,532,67,96,354,0.0692991
300,92,94,59,118,0.0692991
301,455,77,164,335,0.0682703
301,90,90,63,126,0.0682703
301,162,92,60,121,0.0682703
302,455,73,164,334,0.0652324
302,88,89,60,120,0.0652324
303,457,81,162,324,0.0678324
303,85,88,64,127,0.0678324
304,457,84,162,326,0.0612589
304,85,92,60,120,0.0612589
304,532,67,96,354,0.0612589
305,82,91,61,121,0.0540664
305,458,91,158,317,0.0540664
305,150,8,54,87,0.0540664
306,458,91,158,317,0.0764651
306,79,99,58,117,0.0764651
306,261,98,52,104,0.0764651
307,73,94,69,138,0.0602884
307,458,103,150,301,0.0602884
307,257,95,54,107,0.0602884
308,71,93,70,141,0.070552
308,458,97,152,305,0.070552
308,256,98,53,106,0.070552
308,540,86,89,338,0.070552
309,456,83,160,320,0.0671065
309,541,91,88,331,0.0671065
309,66,86,72,143,0.0671065
309,144,7,52,85,0.0671065
309,253,98,52,104,0.0671065
309,144,95,58,117,0.0671065
310,456,83,158,317,0.0723126
310,537,89,91,336,0.0723126
310,63,83,76,152,0.0723126
310,143,8,53,86,0.0723126
311,454,82,160,321,0.071408
311,543,108,86,320,0.071408
311,62,84,77,153,0.071408
311,141,8,54,87,0.071408
311,252,100,53,106,0.071408
312,458,76,161,321,0.0822507
312,545,112,84,316,0.0822507
312,61,91,74,146,0.0822507
312,141,8,54,87,0.0822507
313,58,89,75,150,0.0711954
313,141,8,54,90,0.0711954
313,463,85,146,290,0.0711954
313,543,104,86,321,0.0711954
314,544,111,86,318,0.0730404
314,54,78,84,169,0.0730404
314,141,8,54,90,0.0730404
315,456,83,163,332,0.0729651
315,543,103,86,321,0.0729651
315,57,85,82,163,0.0729651
315,141,8,54,91,0.0729651
316,459,90,161,321,0.0712209
316,141,8,54,90,0.0712209
317,453,83,166,342,0.0694481
317,56,78,87,175,0.0694481
318,466,86,154,321,0.061709
318,58,88,82,163,0.061709
319,466,86,154,321,0.067754
319,248,101,54,107,0.067754
319,50,110,54,107,0.067754
320,476,90,146,305,0.0665737
320,49,110,54,109,0.0665737
321,49,110,54,108,0.0671773
321,608,142,29,110,0.0671773
321,556,158,52,104,0.0671773
322,150,8,54,90,0.0639869
322,45,102,58,116,0.0639869
323,488,117,135,286,0.07116
323,46,105,57,114,0.07116
324,478,80,144,340,0.0718331
324,150,8,54,87,0.0718331
324,46,107,57,113,0.0718331
325,478,86,144,339,0.0706499
325,237,93,72,145,0.0706499
325,46,105,57,114,0.0706499
325,150,8,54,87,0.0706499
326,483,96,140,328,0.0647086
326,239,96,65,130,0.0647086
326,46,109,56,112,0.0647086
326,150,8,54,90,0.0647086
327,483,101,139,326,0.0584935
327,43,111,57,114,0.0584935
327,241,102,63,126,0.0584935
327,228,171,54,107,0.0584935
328,489,68,134,354,0.0621517
328,43,112,56,112,0.0621517
328,228,171,54,107,0.0621517
329,503,87,122,338,0.067309
329,41,111,57,114,0.067309
330,503,87,122,338,0.0635865
330,38,111,58,114,0.0635865
330,230,173,55,110,0.0635865
331,501,75,123,348,0.0851554
331,38,110,58,115,0.0851554
332,502,83,122,342,0.0689173
332,36,113,58,115,0.0689173
332,230,174,55,110,0.0689173
332,236,103,62,125,0.0689173
333,501,83,123,342,0.0616183
333,34,115,57,113,0.0616183
333,237,105,61,122,0.0616183
334,236,99,66,133,0.0686805
334,501,78,124,346,0.0686805
334,145,98,69,138,0.0686805
334,30,111,58,116,0.0686805
335,502,84,122,341,0.0616255
335,143,98,69,138,0.0616255
335,27,110,59,118,0.0616255
335,242,118,58,114,0.0616255
335,225,173,59,118,0.0616255
336,138,93,71,142,0.0634001
336,501,78,124,346,0.0634001
336,22,109,59,118,0.0634001
336,235,106,58,115,0.0634001
336,225,174,58,115,0.0634001
337,501,78,124,346,0.0703926
337,133,92,72,144,0.0703926
337,16,111,60,119,0.0703926
337,240,119,58,117,0.0703926
337,150,8,54,90,0.0703926
338,239,119,60,120,0.070699
338,9,101,66,130,0.070699
338,222,182,57,113,0.070699
338,501,78,124,346,0.070699
339,8,108,62,125,0.104873
339,501,78,124,346,0.104873
339,235,119,61,121,0.104873
339,223,186,54,110,0.104873
340,9,112,59,118,0.0760139
340,234,119,61,122,0.0760139
340,502,84,122,341,0.0760139
341,7,113,59,122,0.0721133
341,581,80,53,118,0.0721133
341,241,139,59,118,0.0721133
341,225,111,58,117,0.0721133
341,221,191,54,107,0.0721133
342,7,116,54,123,0.0738493
342,226,116,59,118,0.0738493
342,275,113,59,117,0.0738493
342,220,196,54,107,0.0738493
343,7,114,54,127,0.0813349
343,589,88,46,111,0.0813349
343,223,116,54,109,0.0813349
343,276,115,58,114,0.0813349
343,240,144,62,123,0.0813349
344,532,11,62,122,0.0684906
344,6,119,51,123,0.0684906
344,591,93,43,114,0.0684906
344,222,115,57,113,0.0684906
345,582,287,51,166,0.083855
345,6,117,50,126,0.083855
345,221,114,58,117,0.083855
345,534,15,60,120,0.083855
346,582,290,51,163,0.0603556
346,6,114,48,127,0.0603556
346,236,142,68,135,0.0603556
346,221,121,55,110,0.0603556
346,579,59,54,110,0.0603556
346,535,16,58,115,0.0603556
347,5,115,41,130,0.0654663
347,539,98,90,329,0.0654663
347,216,118,62,125,0.0654663
347,537,14,61,122,0.0654663
348,538,14,61,122,0.0736195
348,4,113,36,136,0.0736195
348,214,118,63,126,0.0736195
348,25,120,87,175,0.0736195
348,269,121,59,118,0.0736195
348,543,106,86,322,0.0736195
349,543,106,86,322,0.0716062
349,4,112,35,139,0.0716062
349,25,117,87,175,0.0716062
349,213,117,63,126,0.0716062
349,270,120,61,121,0.0716062
350,541,106,88,322,0.0718908
350,4,116,34,132,0.0718908
350,213,122,57,114,0.0718908
350,267,118,62,125,0.0718908
350,25,118,86,172,0.0718908
351,4,117,33,128,0.0736436
351,209,118,62,122,0.0736436
351,267,118,62,125,0.0736436
351,546,122,83,308,0.0736436
352,543,106,86,322,0.0757064
352,19,121,85,170,0.0757064
352,123,102,81,162,0.0757064
352,201,114,68,136,0.0757064
352,266,118,62,125,0.0757064
353,539,108,90,320,0.0661682
353,201,113,70,139,0.0661682
353,591,60,43,112,0.0661682
353,268,116,63,126,0.0661682
354,542,108,87,320,0.0626601
354,122,110,77,154,0.0626601
354,198,110,77,154,0.0626601
354,544,23,59,118,0.0626601
354,592,60,42,112,0.0626601
355,122,110,77,154,0.0690151
355,591,57,43,115,0.0690151
355,533,115,95,314,0.0690151
356,6,17,52,193,0.0605795
356,120,111,78,157,0.0605795
356,141,9,53,102,0.0605795
356,543,26,59,117,0.0605795
357,7,17,54,198,0.0648645
357,554,125,77,295,0.0648645
357,189,118,71,142,0.0648645
357,112,110,81,162,0.0648645
357,140,9,55,106,0.0648645
358,6,17,50,196,0.0598549
358,106,104,85,170,0.0598549
358,189,119,70,141,0.0598549
358,141,9,54,104,0.0598549
358,266,127,62,125,0.0598549
359,6,17,51,198,0.058169
359,99,111,70,138,0.058169
359,189,122,70,138,0.058169
359,140,9,55,106,0.058169
359,266,127,62,125,0.058169
360,6,17,52,197,0.0578177
360,179,121,74,150,0.0578177
360,100,118,57,114,0.0578177
360,140,9,55,106,0.0578177
360,546,122,83,308,0.0578177
361,535,115,94,314,0.0630242
361,6,22,46,182,0.0630242
361,96,113,67,135,0.0630242
361,179,120,68,136,0.0630242
362,541,122,88,308,0.0869333
362,92,113,68,135,0.0869333
362,174,124,75,150,0.0869333
362,141,9,54,102,0.0869333
363,543,129,86,302,0.0684514
363,92,112,68,137,0.0684514
363,175,127,67,134,0.0684514
363,141,9,54,102,0.0684514
363,4,201,31,123,0.0684514
364,546,131,83,300,0.0637601
364,93,112,69,137,0.0637601
364,172,125,68,136,0.0637601
364,3,213,26,107,0.0637601
364,260,123,66,131,0.0637601
365,550,134,80,298,0.063549
365,91,112,70,138,0.063549
365,171,127,66,132,0.063549
365,116,191,56,111,0.063549
365,4,10,30,111,0.063549
366,548,140,82,293,0.0638607
366,92,113,66,132,0.0638607
366,170,126,66,130,0.0638607
366,260,123,66,131,0.0638607
366,3,9,26,103,0.0638607
367,574,141,58,216,0.08044
367,92,113,67,134,0.08044
367,166,127,70,139,0.08044
367,260,123,66,131,0.08044
368,561,156,70,267,0.0612295
368,581,142,53,192,0.0612295
368,92,114,66,133,0.0612295
368,160,120,74,147,0.0612295
368,261,123,66,133,0.0612295
369,583,145,50,181,0.0657606
369,161,124,70,138,0.0657606
369,135,9,56,106,0.0657606
369,97,116,58,114,0.0657606
370,561,163,70,266,0.0755829
370,584,153,50,183,0.0755829
370,91,110,74,146,0.0755829
370,160,125,69,138,0.0755829
371,587,152,47,174,0.0738305
371,97,113,70,140,0.0738305
371,160,122,69,137,0.0738305
371,140,9,55,107,0.0738305
371,560,24,71,271,0.0738305
372,97,109,74,148,0.0589626
372,158,119,72,145,0.0589626
373,155,118,75,150,0.0731827
373,591,45,44,166,0.0731827
373,96,107,78,155,0.0731827
374,153,116,78,157,0.0626502
374,100,105,76,152,0.0626502
374,608,53,29,110,0.0626502
374,609,107,27,108,0.0626502
374,609,171,28,109,0.0626502
375,153,116,78,156,0.0608456
375,609,55,28,109,0.0608456
375,106,109,63,127,0.0608456
375,609,176,27,108,0.0608456
375,150,9,54,101,0.0608456
376,144,110,88,177,0.0677864
376,95,100,90,181,0.0677864
376,609,57,27,107,0.0677864
377,141,104,92,183,0.0734997
377,594,11,41,120,0.0734997
378,136,105,91,182,0.0594738
378,590,205,45,170,0.0594738
379,132,104,93,185,0.061384
379,589,213,46,171,0.061384
380,130,102,92,184,0.0653975
381,103,90,130,259,0.057293
381,603,273,33,126,0.057293
382,131,110,76,152,0.05756
383,126,104,82,162,0.0574562
385,119,104,86,171,0.0702214
386,107,96,102,203,0.0634806
387,103,106,97,193,0.0620051
388,97,103,98,197,0.0557912
389,93,116,97,193,0.0588685
390,88,115,100,199,0.0631124
391,85,116,98,194,0.0623979
392,74,99,110,219,0.0558349
393,70,93,110,219,0.0718042
394,75,95,99,198,0.0557902
395,63,97,106,211,0.0639276
396,56,100,105,210,0.0595626
397,41,84,122,245,0.0629311
397,181,109,118,235,0.0629311
398,36,87,109,218,0.0735286
399,31,89,109,218,0.064273
400,24,102,111,222,0.0658133
400,108,106,66,133,0.0658133
400,4,129,30,118,0.0658133
401,24,133,100,199,0.0623376
401,107,106,67,134,0.0623376
401,4,129,30,120,0.0623376
402,335,18,136,204,0.0641837
402,15,77,119,272,0.0641837
402,106,105,66,133,0.0641837
403,13,79,104,248,0.0611783
403,103,99,71,142,0.0611783
404,12,44,92,317,0.0609195
404,102,98,70,141,0.0609195
405,10,115,81,194,0.0615935
405,102,99,70,140,0.0615935
406,10,51,82,313,0.0613934
406,245,236,83,167,0.0613934
406,98,96,70,139,0.0613934
407,8,92,62,226,0.0637315
407,97,95,69,137,0.0637315
408,7,100,56,214,0.0650559
408,98,99,69,138,0.0650559
409,5,135,42,168,0.0666769
409,96,100,72,144,0.0666769
409,380,115,52,104,0.0666769
410,96,99,73,146,0.065178
410,6,103,46,155,0.065178
410,380,115,52,104,0.065178
411,96,101,72,144,0.0631605
411,376,82,66,131,0.0631605
412,94,101,74,148,0.0588798
412,380,117,52,104,0.0588798
413,94,102,71,142,0.0707924
414,93,103,74,148,0.0590195
415,93,105,74,150,0.0563617
416,91,103,75,150,0.0647839
417,91,106,77,154,0.0573442
418,90,106,78,154,0.0669115
419,88,103,81,162,0.063529
420,86,101,82,164,0.0621388
421,86,98,85,170,0.0632684
422,84,101,87,174,0.0670232
423,86,102,86,173,0.0606477
424,85,103,86,172,0.0617803
424,528,31,53,106,0.0617803
425,88,104,88,175,0.0601214
425,382,125,53,106,0.0601214
426,85,105,89,178,0.0752068
426,384,124,53,105,0.0752068
427,83,101,94,186,0.0689563
428,86,105,90,178,0.0612268
428,385,128,52,104,0.0612268
429,88,103,90,178,0.0587925
429,386,127,53,106,0.0587925
430,94,105,82,164,0.0556971
430,388,124,54,106,0.0556971
431,93,102,82,165,0.0676838
431,387,122,54,107,0.0676838
432,95,100,82,163,0.0614691
432,388,120,53,106,0.0614691
433,96,99,84,167,0.0582606
433,388,118,54,107,0.0582606
434,97,100,84,167,0.0614801
434,388,118,54,107,0.0614801
435,100,108,81,162,0.0617782
435,387,116,55,110,0.0617782
436,100,103,82,163,0.0564222
436,387,116,55,110,0.0564222
437,100,107,81,162,0.0671032
437,388,119,54,107,0.0671032
438,100,105,82,165,0.0643937
438,386,119,53,106,0.0643937
439,99,104,84,168,0.0561173
439,203,116,58,115,0.0561173
439,387,122,53,106,0.0561173
440,100,107,83,167,0.0578997
440,17,128,86,171,0.0578997
440,384,123,55,110,0.0578997
441,102,106,81,161,0.0609179
441,385,123,54,109,0.0609179
442,103,110,78,155,0.0577155
442,383,126,54,110,0.0577155
443,101,106,81,162,0.0628046
443,381,126,55,110,0.0628046
444,102,113,81,161,0.0674299
444,381,126,56,111,0.0674299
445,102,115,81,161,0.0674663
445,10,126,81,184,0.0674663
445,381,126,56,111,0.0674663
446,101,113,83,166,0.0608134
446,10,128,78,179,0.0608134
446,380,127,55,110,0.0608134
447,102,116,79,159,0.0614977
447,379,127,55,110,0.0614977
448,103,121,79,158,0.067663
448,379,127,55,110,0.067663
449,101,122,84,167,0.0684177
449,11,42,87,348,0.0684177
449,379,127,55,110,0.0684177
450,11,48,85,339,0.0607984
450,101,123,85,169,0.0607984
450,379,127,55,110,0.0607984
451,100,120,86,171,0.0604115
451,10,56,82,326,0.0604115
451,379,127,55,110,0.0604115
452,10,69,82,328,0.0654885
452,99,119,86,171,0.0654885
452,379,127,55,110,0.0654885
453,96,117,89,178,0.0603938
453,379,127,57,113,0.0603938
454,95,115,91,182,0.0577085
454,380,128,56,112,0.0577085
455,96,114,94,187,0.0683953
455,380,128,57,114,0.0683953
456,97,116,94,186,0.0623646
456,380,128,58,114,0.0623646
457,97,117,95,190,0.0607393
457,380,128,58,115,0.0607393
458,97,114,97,194,0.0646658
458,384,128,57,113,0.0646658
459,9,78,70,278,0.0723391
459,97,110,99,198,0.0723391
459,100,212,86,172,0.0723391
459,385,129,56,111,0.0723391
460,9,78,70,278,0.0559131
460,97,109,100,200,0.0559131
460,102,223,81,162,0.0559131
460,385,128,56,111,0.0559131
461,95,105,103,206,0.0610093
461,385,128,55,110,0.0610093
461,103,219,82,165,0.0610093
462,94,103,106,210,0.057403
462,98,206,93,186,0.057403
462,386,128,55,110,0.057403
463,96,107,102,203,0.0699269
463,388,126,56,112,0.0699269
464,95,105,101,202,0.0589876
464,388,126,56,112,0.0589876
465,95,107,102,202,0.0613768
465,389,127,57,114,0.0613768
466,95,106,98,197,0.0576847
466,388,126,58,117,0.0576847
466,183,130,59,118,0.0576847
467,96,111,94,188,0.0611082
467,388,127,58,115,0.0611082
468,89,106,102,204,0.0625461
468,4,137,36,144,0.0625461
468,389,126,58,116,0.0625461
468,608,8,29,90,0.0625461
469,86,102,106,210,0.0638924
469,388,126,59,118,0.0638924
469,4,93,33,131,0.0638924
470,84,105,104,209,0.0616922
470,388,127,58,117,0.0616922
470,4,93,35,131,0.0616922
471,82,105,105,210,0.0623836
471,389,125,60,119,0.0623836
472,80,103,106,210,0.0607363
472,389,125,60,119,0.0607363
473,73,106,106,212,0.0600849
473,387,126,59,118,0.0600849
474,70,99,110,219,0.0672767
474,387,126,59,118,0.0672767
475,69,100,105,209,0.0658087
475,387,126,59,118,0.0658087
476,67,101,107,214,0.0618601
476,388,125,60,119,0.0618601
477,67,102,104,209,0.0687267
477,388,125,60,119,0.0687267
477,174,130,59,118,0.0687267
478,59,98,112,224,0.0570738
478,389,130,58,116,0.0570738
479,59,98,111,222,0.0750004
479,84,281,96,171,0.0750004
479,387,127,59,118,0.0750004
480,57,99,112,225,0.0657992
480,387,130,62,124,0.0657992
481,58,104,106,212,0.0604356
481,389,135,59,118,0.0604356
482,59,107,106,212,0.0645319
482,392,133,60,120,0.0645319
483,55,104,113,225,0.0635334
483,393,131,62,124,0.0635334
484,56,109,109,218,0.061283
484,394,132,62,123,0.061283
485,57,111,102,205,0.059519
485,195,120,119,238,0.059519
485,395,131,63,126,0.059519
486,53,109,112,224,0.0601803
486,397,130,62,123,0.0601803
486,609,237,28,110,0.0601803
487,50,104,116,232,0.0643701
487,399,129,61,122,0.0643701
488,51,112,111,222,0.0702898
488,400,126,62,123,0.0702898
489,48,108,114,227,0.0623947
489,401,126,62,124,0.0623947
490,48,108,114,229,0.0616002
490,402,126,62,125,0.0616002
491,45,107,116,232,0.0718188
491,580,115,54,193,0.0718188
491,402,126,63,126,0.0718188
492,43,105,121,241,0.0649992
492,402,123,65,130,0.0649992
493,374,21,141,246,0.0573992
493,37,107,123,246,0.0573992
494,37,106,124,247,0.0600734
494,403,127,66,132,0.0600734
495,36,105,123,246,0.0685721
495,405,125,66,131,0.0685721
496,34,103,129,257,0.0654709
496,406,126,66,133,0.0654709
497,32,110,122,245,0.0745277
497,408,124,68,135,0.0745277
498,31,110,118,235,0.0588322
498,410,124,69,137,0.0588322
499,27,107,122,244,0.0623026
499,186,112,141,281,0.0623026
499,410,123,69,138,0.0623026
500,24,107,121,242,0.059063
500,373,22,143,250,0.059063
501,20,103,125,249,0.0624246
501,412,122,68,136,0.0624246
502,370,22,150,256,0.0591627
502,16,98,126,256,0.0591627
503,16,97,124,262,0.0553024
503,413,121,69,138,0.0553024
504,15,98,120,255,0.0560126
504,414,122,69,137,0.0560126
505,15,93,120,262,0.0658673
505,175,93,158,314,0.0658673
505,414,122,69,138,0.0658673
506,14,98,116,253,0.0777816
506,414,119,71,142,0.0777816
507,15,92,119,267,0.0740861
507,412,113,74,148,0.0740861
508,15,87,118,286,0.0674368
508,417,117,74,147,0.0674368
509,15,85,118,293,0.0801282
509,175,110,158,314,0.0801282
509,421,116,71,142,0.0801282
510,15,86,118,294,0.0660062
510,178,102,160,320,0.0660062
510,422,117,71,142,0.0660062
511,14,85,115,294,0.0649861
511,378,23,160,260,0.0649861
512,586,139,48,178,0.0682547
512,14,84,113,290,0.0682547
512,389,23,155,258,0.0682547
513,384,22,154,254,0.0694346
513,14,83,111,296,0.0694346
513,590,141,45,163,0.0694346
514,390,22,154,254,0.0785037
514,14,86,108,287,0.0785037
515,13,85,102,282,0.0951438
515,383,22,152,254,0.0951438
516,88,113,62,125,0.0755243
516,5,247,38,154,0.0755243
516,387,22,152,250,0.0755243
516,12,89,96,272,0.0755243
517,382,22,158,255,0.0776378
517,12,77,96,304,0.0776378
518,390,22,154,254,0.0707131
518,11,61,90,335,0.0707131
518,175,97,166,330,0.0707131
518,88,94,62,122,0.0707131
519,390,22,154,254,0.0789406
519,11,59,87,338,0.0789406
520,11,57,85,338,0.08087
520,388,22,158,255,0.08087
520,86,95,58,114,0.08087
521,10,59,83,332,0.0742056
521,388,22,158,255,0.0742056
521,85,100,58,114,0.0742056
522,10,65,79,318,0.0721031
522,179,107,155,310,0.0721031
522,388,22,158,255,0.0721031
523,9,74,74,294,0.0905957
523,382,22,158,255,0.0905957
523,81,105,58,116,0.0905957
524,9,75,73,289,0.0781965
524,432,99,86,171,0.0781965
524,80,109,55,110,0.0781965
525,388,22,158,255,0.0883093
525,168,91,172,334,0.0883093
525,8,81,66,264,0.0883093
526,163,100,170,327,0.0786107
526,7,93,59,236,0.0786107
526,433,103,83,166,0.0786107
527,6,99,50,200,0.0790118
527,434,105,82,164,0.0790118
527,164,98,170,329,0.0790118
527,70,111,75,150,0.0790118
528,388,22,158,255,0.0789412
528,4,113,34,139,0.0789412
528,68,96,58,115,0.0789412
529,388,22,158,255,0.072144
529,152,97,176,330,0.072144
529,4,69,34,134,0.072144
529,4,113,32,123,0.072144
529,57,99,89,178,0.072144
530,429,102,82,163,0.0776561
530,150,96,174,330,0.0776561
530,57,111,82,165,0.0776561
530,4,110,28,114,0.0776561
531,388,22,158,255,0.0640676
532,378,23,158,258,0.071028
532,148,101,174,326,0.071028
533,427,99,84,168,0.0680264
533,51,124,60,120,0.0680264
533,44,93,63,126,0.0680264
534,372,23,164,266,0.0697941
534,141,101,177,326,0.0697941
535,426,98,86,174,0.0669166
536,375,24,165,269,0.0596253
537,426,94,88,176,0.0641095
537,44,125,55,110,0.0641095
538,425,93,90,179,0.0658301
538,37,116,58,117,0.0658301
539,428,93,88,177,0.0807953
539,37,113,58,117,0.0807953
540,431,94,87,174,0.0879802
540,35,115,62,125,0.0879802
540,103,79,52,104,0.0879802
541,430,92,88,176,0.0805168
541,34,114,61,122,0.0805168
541,98,77,53,106,0.0805168
542,431,94,87,174,0.0619626
542,32,113,62,123,0.0619626
542,98,77,53,106,0.0619626
543,432,85,90,182,0.0611469
543,27,110,66,131,0.0611469
543,98,77,53,106,0.0611469
544,432,85,91,182,0.080737
544,27,110,63,126,0.080737
544,96,76,54,107,0.080737
545,432,82,94,187,0.062311
545,26,109,64,128,0.062311
545,96,72,56,112,0.062311
546,432,84,91,183,0.0691696
546,25,110,62,125,0.0691696
546,95,76,54,107,0.0691696
547,434,84,92,185,0.060932
547,18,106,73,146,0.060932
547,94,75,55,110,0.060932
548,435,84,94,187,0.0617815
548,16,111,70,142,0.0617815
548,95,74,55,110,0.0617815
549,434,84,96,191,0.0629829
549,13,110,77,154,0.0629829
550,167,104,150,300,0.0610625
550,437,83,97,193,0.0610625
550,12,112,73,146,0.0610625
550,95,74,55,110,0.0610625
551,437,78,98,196,0.0878889
551,10,108,76,154,0.0878889
551,94,75,55,110,0.0878889
552,439,82,97,194,0.0657414
552,9,111,74,150,0.0657414
553,439,81,98,195,0.0632937
553,9,109,73,160,0.0632937
553,92,75,54,110,0.0632937
554,440,82,98,195,0.0597895
554,9,110,70,155,0.0597895
554,93,74,55,110,0.0597895
555,440,81,98,196,0.0603547
555,8,110,67,151,0.0603547
555,93,74,55,110,0.0603547
556,441,77,101,201,0.065692
556,6,165,48,190,0.065692
556,8,110,65,148,0.065692
556,91,75,54,110,0.065692
557,441,79,100,199,0.0598282
557,9,103,72,192,0.0598282
557,5,172,42,170,0.0598282
557,91,76,54,109,0.0598282
558,442,72,104,207,0.0559987
558,9,104,70,185,0.0559987
558,88,70,57,114,0.0559987
559,442,73,106,210,0.0597949
559,87,72,56,112,0.0597949
560,443,73,106,212,0.072313
560,88,77,54,107,0.072313
561,443,74,104,208,0.0572338
562,445,79,105,209,0.0627706
562,148,101,174,326,0.0627706
562,349,84,54,109,0.0627706
563,449,78,109,217,0.0602259
563,87,78,58,115,0.0602259
563,351,85,54,107,0.0602259
564,452,74,112,224,0.0602297
564,88,78,58,116,0.0602297
564,350,84,57,113,0.0602297
565,452,75,111,222,0.0618396
565,92,77,58,116,0.0618396
565,353,85,55,110,0.0618396
566,456,78,110,219,0.0609512
566,93,78,58,116,0.0609512
566,354,86,55,110,0.0609512
567,461,78,111,222,0.0616269
567,93,78,58,116,0.0616269
567,356,87,54,106,0.0616269
568,467,76,111,222,0.0581231
568,93,81,56,112,0.0581231
568,360,85,54,107,0.0581231
569,466,75,114,227,0.0615735
569,94,81,56,112,0.0615735
569,360,85,54,107,0.0615735
570,470,74,114,229,0.0590362
570,94,78,58,114,0.0590362
570,360,85,54,107,0.0590362
571,471,72,115,230,0.0605505
571,97,81,56,112,0.0605505
571,359,83,55,110,0.0605505
572,474,73,117,233,0.0621959
572,96,79,58,114,0.0621959
572,359,83,55,110,0.0621959
573,477,69,121,241,0.0632886
573,272,104,90,178,0.0632886
573,6,114,46,180,0.0632886
573,96,79,57,114,0.0632886
573,360,85,54,107,0.0632886
574,478,71,122,243,0.0605685
574,272,104,90,178,0.0605685
574,5,117,39,159,0.0605685
574,97,83,55,110,0.0605685
574,361,86,53,106,0.0605685
575,481,70,122,245,0.0619586
575,99,80,57,114,0.0619586
575,4,112,29,116,0.0619586
575,273,102,88,176,0.0619586
575,363,86,54,106,0.0619586
575,238,102,53,106,0.0619586
576,480,72,124,247,0.0573812
576,273,104,89,178,0.0573812
576,95,81,57,113,0.0573812
576,4,113,29,113,0.0573812
576,362,85,54,107,0.0573812
577,483,77,121,242,0.0602478
577,3,110,26,107,0.0602478
578,490,76,126,252,0.0596173
578,5,62,39,157,0.0596173
578,270,107,92,184,0.0596173
578,99,83,56,111,0.0596173
578,236,98,52,104,0.0596173
579,489,80,126,253,0.0622812
580,487,80,127,254,0.067005
580,573,72,59,159,0.067005
580,270,107,92,184,0.067005
580,93,85,55,110,0.067005
580,236,98,52,104,0.067005
580,362,93,54,107,0.067005
581,488,81,126,252,0.0603922
581,571,73,62,162,0.0603922
581,89,84,57,113,0.0603922
581,361,94,53,106,0.0603922
582,488,80,127,255,0.0567325
582,269,108,93,186,0.0567325
582,570,72,62,165,0.0567325
582,89,89,54,110,0.0567325
582,360,93,54,107,0.0567325
583,573,68,59,166,0.0612104
583,269,108,95,190,0.0612104
583,91,83,55,110,0.0612104
583,231,96,54,109,0.0612104
583,4,97,29,113,0.0612104
583,486,78,130,261,0.0612104
583,360,93,54,107,0.0612104
584,489,76,134,269,0.0571397
584,268,106,93,186,0.0571397
584,90,83,55,110,0.0571397
584,4,97,29,113,0.0571397
584,360,93,54,107,0.0571397
585,494,78,130,266,0.061932
585,271,110,90,181,0.061932
585,91,83,55,110,0.061932
585,231,101,53,106,0.061932
585,360,93,54,107,0.061932
585,3,101,26,107,0.061932
586,492,80,131,262,0.057936
586,89,83,55,110,0.057936
586,359,91,55,110,0.057936
586,230,102,53,106,0.057936
586,266,106,91,182,0.057936
587,493,75,130,273,0.0591903
587,271,109,86,173,0.0591903
587,87,80,57,114,0.0591903
587,358,91,55,110,0.0591903
588,492,79,131,273,0.0619013
588,357,92,54,109,0.0619013
588,270,110,90,179,0.0619013
589,495,76,129,283,0.0585019
589,266,112,98,195,0.0585019
589,83,87,56,113,0.0585019
589,228,95,55,110,0.0585019
589,360,93,54,107,0.0585019
590,495,73,129,287,0.0569639
590,359,92,56,112,0.0569639
590,270,115,91,182,0.0569639
591,495,72,129,294,0.0684684
591,269,116,94,187,0.0684684
591,85,90,56,112,0.0684684
591,359,96,56,111,0.0684684
592,495,69,129,299,0.0625984
592,270,114,93,186,0.0625984
592,6,63,44,118,0.0625984
592,359,96,56,111,0.0625984
592,229,102,56,111,0.0625984
592,86,90,55,111,0.0625984
593,495,73,129,297,0.0665485
593,270,114,93,186,0.0665485
593,85,88,57,114,0.0665485
593,359,97,55,110,0.0665485
593,229,102,56,111,0.0665485
593,6,65,45,117,0.0665485
594,492,72,131,299,0.0618363
594,267,115,98,195,0.0618363
594,6,67,46,121,0.0618363
594,84,84,58,118,0.0618363
594,229,102,56,111,0.0618363
594,359,98,54,109,0.0618363
595,268,115,96,191,0.061118
595,6,67,45,117,0.061118
595,496,65,128,313,0.061118
595,86,88,57,114,0.061118
595,229,102,56,111,0.061118
595,359,100,55,110,0.061118
596,497,66,127,311,0.0657355
596,266,113,99,198,0.0657355
596,86,92,55,111,0.0657355
596,230,103,54,109,0.0657355
596,359,100,55,110,0.0657355
596,5,69,42,113,0.0657355
597,264,112,103,206,0.0648673
597,6,67,45,117,0.0648673
597,84,85,58,117,0.0648673
597,359,97,55,110,0.0648673
597,231,104,55,110,0.0648673
597,508,61,118,331,0.0648673
598,511,64,114,322,0.0614572
598,265,113,100,199,0.0614572
598,80,91,58,114,0.0614572
598,359,100,55,110,0.0614572
598,231,105,54,107,0.0614572
599,515,63,111,325,0.063551
599,261,111,106,212,0.063551
599,359,100,55,110,0.063551
600,522,82,105,307,0.0634669
600,264,112,102,205,0.0634669
600,230,108,57,113,0.0634669
600,5,75,43,115,0.0634669
600,84,97,56,113,0.0634669
601,519,73,107,328,0.0622481
601,264,117,102,205,0.0622481
601,84,99,55,111,0.0622481
601,233,111,56,111,0.0622481
602,522,74,105,337,0.060329
602,261,115,107,213,0.060329
602,362,102,56,112,0.060329
602,233,112,56,111,0.060329
602,6,71,48,128,0.060329
603,265,124,102,203,0.0600149
603,527,80,100,311,0.0600149
604,519,84,107,309,0.0655435
604,85,102,58,115,0.0655435
605,261,122,107,213,0.0582541
605,520,82,106,305,0.0582541
605,89,105,57,114,0.0582541
605,368,109,55,110,0.0582541
606,527,69,100,330,0.0629849
606,258,113,110,221,0.0629849
606,368,110,54,107,0.0629849
606,81,99,62,125,0.0629849
607,530,66,98,341,0.0687257
607,239,119,55,110,0.0687257
607,92,106,57,114,0.0687257
608,533,82,95,332,0.0627284
608,86,103,59,118,0.0627284
608,368,113,53,106,0.0627284
608,235,115,58,115,0.0627284
609,532,79,96,338,0.0595339
609,238,119,56,111,0.0595339
609,368,113,53,106,0.0595339
610,534,82,94,330,0.0578811
610,275,126,100,200,0.0578811
610,368,111,54,109,0.0578811
610,239,122,55,110,0.0578811
610,6,78,46,122,0.0578811
611,536,84,93,329,0.0628749
611,285,131,92,184,0.0628749
611,368,113,54,109,0.0628749
611,6,78,46,122,0.0628749
612,537,83,91,328,0.0746104
612,368,113,54,109,0.0746104
612,6,78,46,122,0.0746104
613,538,74,90,334,0.0774754
613,368,111,55,110,0.0774754
614,542,81,87,324,0.0697079
614,281,122,102,203,0.0697079
614,369,111,55,110,0.0697079
615,369,109,56,111,0.0720225
615,542,79,87,331,0.0720225
616,279,124,106,213,0.0785193
616,372,109,55,110,0.0785193
616,609,298,27,107,0.0785193
617,598,107,38,134,0.0653127
617,372,109,55,110,0.0653127
617,608,222,29,110,0.0653127
618,377,107,57,113,0.0600156
618,87,94,65,130,0.0600156
619,88,95,64,128,0.0603273
619,377,103,59,118,0.0603273
620,89,99,62,125,0.071632
620,376,111,56,111,0.071632
621,89,96,64,127,0.0565406
621,377,103,59,118,0.0565406
622,93,100,62,123,0.0595143
623,91,99,62,125,0.0644649
624,89,96,64,127,0.0672608
625,91,97,63,126,0.0572985
625,252,116,58,114,0.0572985
625,385,110,54,107,0.0572985
626,385,109,54,110,0.0647651
626,252,119,56,111,0.0647651
626,93,97,63,126,0.0647651
627,93,100,62,123,0.0578721
627,252,116,58,114,0.0578721
628,253,115,58,115,0.0648526
628,93,100,62,123,0.0648526
629,4,85,34,134,0.0603829
629,92,99,62,125,0.0603829
629,254,116,57,114,0.0603829
630,94,101,62,125,0.0651416
630,257,121,55,110,0.0651416
631,385,115,57,114,0.0667151
631,257,120,55,110,0.0667151
631,93,103,62,123,0.0667151
632,95,109,60,120,0.0627718
632,257,120,55,110,0.0627718
632,386,114,58,115,0.0627718
633,4,90,34,132,0.0586845
633,92,99,62,125,0.0586845
633,258,122,54,109,0.0586845
633,386,114,58,115,0.0586845
634,4,89,34,133,0.0589643
634,94,99,62,125,0.0589643
634,258,122,54,109,0.0589643
634,385,114,58,114,0.0589643
635,5,81,38,142,0.0569227
635,89,94,65,130,0.0569227
635,385,117,55,110,0.0569227
635,258,123,54,108,0.0569227
636,4,82,34,138,0.0733816
636,89,94,65,130,0.0733816
637,4,83,34,135,0.0612089
637,86,93,66,131,0.0612089
637,386,109,58,114,0.0612089
638,4,81,34,136,0.0628155
638,385,109,56,112,0.0628155
638,86,93,66,131,0.0628155
639,4,83,33,129,0.0646822
639,87,94,64,127,0.0646822
639,383,110,54,109,0.0646822
639,252,111,56,111,0.0646822
640,4,84,32,126,0.0582197
640,254,113,55,110,0.0582197
640,382,110,54,107,0.0582197
640,86,94,63,126,0.0582197
641,4,77,33,131,0.0818425
641,254,113,55,110,0.0818425
641,486,131,52,104,0.0818425
641,608,127,29,107,0.0818425
642,4,76,34,134,0.0597511
642,486,130,54,106,0.0597511
643,4,77,33,130,0.0604121
643,485,131,54,107,0.0604121
644,4,80,34,123,0.0641117
644,490,130,56,112,0.0641117
645,4,77,34,134,0.0647858
645,253,109,57,114,0.0647858
645,493,133,55,110,0.0647858
645,87,94,65,130,0.0647858
646,4,74,34,138,0.0620095
646,85,88,69,136,0.0620095
646,494,135,54,107,0.0620095
647,4,82,32,127,0.064116
647,85,89,68,136,0.064116
647,497,132,55,111,0.064116
647,257,107,57,113,0.064116
648,4,79,34,134,0.0611703
648,87,92,66,132,0.0611703
648,258,113,54,109,0.0611703
648,501,134,55,110,0.0611703
649,4,83,32,126,0.0656828
649,86,83,70,141,0.0656828
649,260,115,54,110,0.0656828
649,504,127,58,114,0.0656828
650,4,75,34,135,0.0580325
650,88,87,69,138,0.0580325
650,261,109,58,114,0.0580325
650,507,128,58,116,0.0580325
651,4,76,34,138,0.0687863
651,88,87,69,138,0.0687863
651,262,103,61,121,0.0687863
651,510,130,59,118,0.0687863
652,4,76,34,138,0.058079
652,262,106,58,116,0.058079
652,515,130,58,116,0.058079
652,89,86,68,135,0.058079
653,92,86,68,135,0.0642784
653,262,104,59,118,0.0642784
653,517,132,58,116,0.0642784
654,525,130,59,118,0.0559794
