1,0,12,114,456,0
1,130,140,37,123,0
1,296,72,83,273,0
1,179,134,33,124,0
2,1,0,102,473,0
2,125,128,39,137,0
2,296,69,76,278,0
2,177,123,34,141,0
2,349,91,32,194,0
3,120,122,40,141,0
3,0,25,95,454,0
3,298,64,70,277,0
3,349,85,31,203,0
3,175,125,33,138,0
4,118,120,39,148,0
4,1,38,78,426,0
4,299,65,68,286,0
4,170,125,36,146,0
4,284,117,31,129,0
4,349,91,29,192,0
5,113,120,41,149,0
5,165,118,37,152,0
5,294,70,70,278,0
5,0,46,67,415,0
5,346,97,30,195,0
6,109,120,43,154,0
6,163,115,38,159,0
6,292,72,72,276,0
6,0,49,53,294,0
6,345,90,28,210,0
7,106,122,43,154,0
7,161,114,38,162,0
7,293,70,74,279,0
7,0,77,43,256,0
8,106,124,43,160,0
8,286,68,73,285,0
8,160,115,39,164,0
8,341,100,30,183,0
9,103,128,44,162,0
9,287,69,69,282,0
9,160,120,41,161,0
9,340,107,32,166,0
10,104,131,44,163,0
10,159,123,40,165,0
10,288,68,66,304,0
10,339,106,34,177,0
10,332,95,33,210,0
10,303,87,63,256,0
11,110,132,46,171,0
11,165,123,44,176,0
11,293,75,69,294,0
11,346,114,39,176,0
12,115,134,49,168,0
12,296,73,68,297,0
12,173,124,43,181,0
12,350,113,39,185,0
13,122,138,51,169,0
13,181,131,45,177,0
13,295,78,75,288,0
13,358,121,42,176,0
14,298,81,73,289,0
14,128,141,50,173,0
14,188,132,43,179,0
14,363,119,50,185,0
15,131,142,48,183,0
15,298,82,83,301,0
15,191,134,46,182,0
15,367,127,55,179,0
16,134,149,47,183,0
16,299,93,81,286,0
16,194,139,45,182,0
16,368,128,55,188,0
16,547,343,20,34,0
17,133,152,47,188,0
17,305,101,77,289,0
17,195,139,46,190,0
17,373,133,50,182,0
18,131,155,48,192,0
18,309,106,74,294,0
18,376,136,54,185,0
18,195,141,45,198,0
19,311,107,74,305,0
19,127,161,53,191,0
19,197,151,44,194,0
19,377,142,57,185,0
20,122,162,56,198,0
20,313,113,71,307,0
20,195,156,48,197,0
20,379,148,55,189,0
21,117,164,57,197,0
21,312,118,72,295,0
21,378,152,57,189,0
21,193,160,45,205,0
21,587,379,27,60,0
22,107,167,60,209,0
22,313,119,67,304,0
22,189,163,50,210,0
22,378,160,54,186,0
22,587,384,32,66,0
22,522,197,15,20,0
23,309,132,68,291,0
23,100,166,63,228,0
23,377,168,54,187,0
23,181,166,55,222,0
23,586,390,35,74,0
24,88,176,66,218,0
24,306,143,69,286,0
24,178,179,50,211,0
24,375,174,51,185,0
24,517,205,14,25,0
25,77,184,69,223,0
25,303,144,69,293,0
25,168,178,60,225,0
25,369,175,53,192,0
25,513,211,13,22,0
26,70,183,71,232,0
26,162,177,63,239,0
26,298,156,67,282,0
26,364,180,55,191,0
26,509,211,15,26,0
27,61,189,73,235,0
27,158,186,63,235,0
27,294,154,67,292,0
27,364,183,56,191,0
27,507,211,18,26,0
28,293,162,67,276,0
28,155,191,68,244,0
28,56,185,74,268,0
28,363,183,57,193,0
28,506,211,18,27,0
29,51,186,71,270,0
29,360,184,60,193,0
29,287,154,72,293,0
29,151,187,70,252,0
29,506,211,17,26,0
30,277,155,79,288,0
30,149,182,66,265,0
30,42,183,77,276,0
30,359,186,63,191,0
30,506,211,14,26,0
30,265,223,19,62,0
31,272,152,82,299,0
31,34,184,77,295,0
31,146,181,68,280,0
31,358,184,64,197,0
31,506,211,18,24,0
31,340,193,27,125,0
31,262,222,19,62,0
31,266,218,20,74,0
32,271,150,84,302,0
32,144,175,73,280,0
32,29,185,79,294,0
32,360,184,65,196,0
32,509,210,16,26,0
32,340,189,27,135,0
33,273,152,82,300,0
33,146,169,75,294,0
33,25,180,77,297,0
33,363,178,62,202,0
33,341,186,23,144,0
33,512,206,15,25,0
34,145,164,76,297,0
34,277,150,81,301,0
34,15,172,82,307,0
34,367,174,57,204,0
34,345,186,27,138,0
34,516,204,14,24,0
35,276,146,82,304,0
35,144,160,79,302,0
35,370,174,57,199,0
35,9,162,81,317,0
35,514,200,16,26,0
35,346,184,28,138,0
36,280,147,79,290,0
36,0,163,83,316,0
36,142,149,84,324,0
36,372,171,58,191,0
36,517,199,16,26,0
36,346,183,32,130,0
37,278,140,83,281,0
37,136,141,88,326,0
37,0,155,76,324,0
37,372,168,58,196,0
37,518,195,18,27,0
37,346,173,30,143,0
38,131,138,86,336,0
38,281,137,83,283,0
38,0,144,64,335,0
38,373,166,58,197,0
38,518,194,19,27,0
38,250,218,19,58,0
38,272,202,20,65,0
39,118,137,95,336,0
39,0,140,55,339,0
39,279,132,79,295,0
39,374,166,56,195,0
39,520,194,16,27,0
39,270,200,20,72,0
39,345,170,29,144,0
40,105,124,100,354,0
40,372,164,54,193,0
40,284,128,70,302,0
40,339,175,30,133,0
40,516,192,18,26,0
40,263,205,21,72,0
40,247,210,17,63,0
41,94,121,101,351,0
41,283,130,67,299,0
41,369,158,56,201,0
41,262,196,22,79,0
41,241,207,21,67,0
41,336,168,28,140,0
41,515,191,16,25,0
42,274,135,72,288,0
42,82,106,103,372,0
42,365,157,54,202,0
42,332,166,32,138,0
42,508,188,20,26,0
42,258,195,22,78,0
42,238,205,20,65,0
43,62,94,107,382,0
43,270,128,68,293,0
43,361,158,52,195,0
43,323,162,35,135,0
43,504,185,21,27,0
43,233,203,20,63,0
43,252,190,19,73,0
44,43,86,116,388,0
44,352,148,55,204,0
44,259,117,75,304,0
44,150,173,35,141,0
44,318,158,33,143,0
44,501,183,18,26,0
44,226,196,20,69,0
44,246,183,22,90,0
45,23,70,121,399,0
45,251,117,75,286,0
45,349,148,54,202,0
45,311,156,38,138,0
45,142,177,32,131,0
45,558,376,46,102,0
46,7,53,132,426,0
46,241,108,79,297,0
46,346,142,53,196,0
46,139,170,33,139,0
46,308,150,37,140,0
47,234,108,81,291,0
47,2,40,128,432,0
47,132,167,38,141,0
47,338,135,62,204,0
47,494,172,18,27,0
47,306,146,36,145,0
48,230,110,84,286,0
48,0,29,123,447,0
48,336,136,63,204,0
48,126,166,40,143,0
48,306,153,33,142,0
48,493,172,18,26,0
48,616,371,23,86,0
49,0,20,114,457,0
49,231,108,81,293,0
49,337,135,66,205,0
49,305,153,34,142,0
49,492,170,19,27,0
49,127,166,36,145,0
50,0,5,109,451,0
50,231,111,81,292,0
50,337,136,68,205,0
50,126,163,36,152,0
50,493,172,19,26,0
50,306,155,35,139,0
51,234,113,79,294,0
51,344,137,63,200,0
51,126,162,38,155,0
51,0,9,95,470,0
51,305,152,41,139,0
51,494,170,22,27,0
52,242,108,77,292,0
52,349,134,63,211,0
52,134,165,37,148,0
52,313,145,37,144,0
52,510,167,15,27,0
52,0,63,77,411,0
52,598,385,31,93,0
53,249,104,77,294,0
53,359,135,61,205,0
53,139,161,35,151,0
53,319,157,42,130,0
53,518,164,15,27,0
54,252,104,75,285,0
54,362,132,60,207,0
54,141,161,36,155,0
54,323,144,40,142,0
54,522,165,15,27,0
55,256,104,72,283,0
55,364,128,61,207,0
55,141,160,36,156,0
55,325,141,40,143,0
56,370,129,56,201,0
56,259,99,74,291,0
56,140,157,37,157,0
56,325,136,39,148,0
56,535,163,15,27,0
57,258,98,74,290,0
57,373,131,56,197,0
57,137,152,40,162,0
57,326,141,43,138,0
57,537,160,14,28,0
58,262,104,73,279,0
58,376,127,55,204,0
58,137,155,41,162,0
58,328,143,43,139,0
59,262,102,71,288,0
59,376,127,58,210,0
59,133,151,45,170,0
59,329,148,43,134,0
60,259,101,69,292,0
60,378,128,58,210,0
60,132,152,43,173,0
60,327,153,45,131,0
60,548,165,14,25,0
61,254,100,71,289,0
61,377,129,55,212,0
61,126,150,45,175,0
61,325,147,45,138,0
62,250,103,70,280,0
62,374,126,54,213,0
62,123,152,42,179,0
62,319,143,48,144,0
62,544,164,15,27,0
63,238,108,78,275,0
63,369,127,54,208,0
63,317,149,45,135,0
63,114,142,45,193,0
63,543,164,14,27,0
64,235,109,78,274,0
64,363,129,61,210,0
64,314,143,39,145,0
64,110,147,44,186,0
64,541,164,15,27,0
65,365,127,58,214,0
65,233,107,78,268,0
65,313,141,38,146,0
65,107,142,46,196,0
65,338,162,22,101,0
65,323,152,37,121,0
65,540,164,14,27,0
66,233,107,78,273,0
66,362,127,61,213,0
66,102,148,49,195,0
66,312,138,35,146,0
66,338,162,22,96,0
67,361,126,63,216,0
67,238,115,74,271,0
67,101,149,44,198,0
67,310,137,38,150,0
67,338,161,24,91,0
68,362,132,64,208,0
68,242,106,70,283,0
68,310,138,38,150,0
68,96,144,51,210,0
68,339,163,25,95,0
68,217,181,29,84,0
69,245,108,70,278,0
69,95,148,53,206,0
69,364,132,62,217,0
69,310,140,37,149,0
69,340,164,25,95,0
69,544,165,17,30,0
70,367,133,62,216,0
70,249,106,69,279,0
70,95,145,51,216,0
70,311,138,37,154,0
70,342,163,25,97,0
71,253,108,68,283,0
71,371,133,64,216,0
71,93,151,54,216,0
71,314,143,39,148,0
71,345,168,29,95,0
71,455,190,44,142,0
71,551,162,17,31,0
71,325,150,39,133,0
72,254,114,70,274,0
72,372,132,66,218,0
72,94,150,54,219,0
72,318,145,40,150,0
72,349,170,25,97,0
72,222,178,25,93,0
73,380,133,61,211,0
73,259,113,66,285,0
73,93,147,55,230,0
73,320,149,37,140,0
73,350,169,25,91,0
74,261,118,65,277,0
74,384,133,61,215,0
74,90,147,55,229,0
74,323,149,36,146,0
74,354,171,25,90,0
75,386,137,62,209,0
75,85,146,57,234,0
75,260,119,66,278,0
75,323,149,37,149,0
75,354,174,26,90,0
76,387,134,63,220,0
76,261,115,67,274,0
76,77,143,62,244,0
76,324,149,34,150,0
76,355,177,28,88,0
77,68,140,68,254,0
77,387,134,63,223,0
77,260,114,68,275,0
77,325,150,35,149,0
77,356,176,27,90,0
78,259,115,71,271,0
78,388,135,63,223,0
78,62,141,67,256,0
78,355,174,27,92,0
78,325,148,34,152,0
78,218,188,41,93,0
79,386,137,61,220,0
79,257,117,78,268,0
79,52,137,72,265,0
79,352,172,23,96,0
79,322,143,35,157,0
80,385,137,58,218,0
80,43,134,73,281,0
80,256,114,73,277,0
80,320,148,37,148,0
80,570,167,19,34,0
80,349,170,24,100,0
81,252,121,74,272,0
81,29,135,81,289,0
81,377,136,62,220,0
81,209,176,33,109,0
81,567,169,18,31,0
81,319,150,31,146,0
82,373,136,63,215,0
82,19,135,83,294,0
82,252,118,77,283,0
82,313,145,32,149,0
82,343,175,27,90,0
82,561,168,17,31,0
82,239,160,26,114,0
82,336,169,31,108,0
83,370,135,63,215,0
83,255,116,70,280,0
83,7,128,84,309,0
83,310,142,34,153,0
83,235,161,27,119,0
83,340,172,25,93,0
83,559,167,16,31,0
84,367,133,64,214,0
84,0,123,86,326,0
84,255,114,71,271,0
84,232,158,31,128,0
84,309,142,34,149,0
84,198,177,30,103,0
84,335,167,28,99,0
84,558,161,15,35,0
85,365,130,63,216,0
85,256,115,70,263,0
85,0,115,79,340,0
85,220,156,42,129,0
85,310,144,38,147,0
85,193,179,33,105,0
85,558,162,16,33,0
86,364,131,65,216,0
86,257,112,69,266,0
86,0,114,69,346,0
86,224,156,36,131,0
86,190,180,35,106,0
86,309,144,37,146,0
86,306,127,32,187,0
86,558,161,18,34,0
87,363,129,66,219,0
87,0,101,65,374,0
87,258,105,66,290,0
87,222,154,38,132,0
87,306,126,32,185,0
87,182,168,40,121,0
87,311,144,40,140,0
87,333,166,29,94,0
88,365,134,68,219,0
88,262,113,66,276,0
88,0,100,58,373,0
88,222,156,38,133,0
88,561,161,16,32,0
88,311,150,26,142,0
88,184,169,37,121,0
88,333,166,31,97,0
88,312,150,40,134,0
89,366,135,70,221,0
89,263,116,63,274,0
89,223,156,38,136,0
89,0,104,53,375,0
89,182,169,37,124,0
89,312,143,23,150,0
89,561,157,16,35,0
90,372,128,67,227,0
90,265,114,66,284,0
90,223,156,39,138,0
90,183,170,37,127,0
90,0,98,49,381,0
90,471,173,62,170,0
90,340,170,30,90,0
90,569,161,18,31,0
91,375,127,66,219,0
91,266,117,67,271,0
91,223,159,40,138,0
91,183,172,39,124,0
91,0,113,43,366,0
91,571,158,16,32,0
91,342,171,31,88,0
92,383,129,63,220,0
92,268,116,67,260,0
92,0,167,32,310,0
92,226,156,40,139,0
92,187,178,39,121,0
92,574,156,18,33,0
92,344,171,33,90,0
93,387,125,63,225,0
93,267,111,73,271,0
93,187,175,38,127,0
93,226,157,43,137,0
93,582,157,18,33,0
93,0,177,25,288,0
94,388,124,63,226,0
94,270,107,72,278,0
94,186,172,39,131,0
94,226,150,43,149,0
94,583,155,20,35,0
94,348,169,30,83,0
95,390,125,60,224,0
95,271,110,68,277,0
95,224,147,46,154,0
95,184,164,42,139,0
95,586,156,18,34,0
95,344,168,34,85,0
96,271,114,67,278,0
96,391,129,59,223,0
96,180,165,42,140,0
96,221,148,45,156,0
96,586,156,21,36,0
96,347,169,32,87,0
97,389,127,63,234,0
97,269,116,71,273,0
97,220,147,46,162,0
97,176,165,44,144,0
97,586,160,19,36,0
97,346,169,33,92,0
98,265,120,75,271,0
98,388,134,58,227,0
98,171,166,42,147,0
98,215,153,49,161,0
98,583,161,20,35,0
98,343,172,35,90,0
99,165,176,42,141,0
99,266,124,73,262,0
99,383,135,60,230,0
99,210,157,47,160,0
99,341,174,35,96,0
99,582,162,22,37,0
100,377,135,63,231,0
100,271,120,68,264,0
100,158,176,43,145,0
100,203,158,51,163,0
100,338,178,33,92,0
100,580,169,21,36,0
101,374,137,65,227,0
101,151,175,47,153,0
101,266,121,70,262,0
101,196,156,51,171,0
101,334,181,33,87,0
101,576,168,21,36,0
102,269,123,67,263,0
102,371,136,65,233,0
102,144,178,48,153,0
102,191,157,53,174,0
102,334,181,31,94,0
102,573,169,23,37,0
103,269,125,66,268,0
103,369,138,67,230,0
103,140,177,46,156,0
103,186,158,52,173,0
103,335,180,29,89,0
103,573,175,22,31,0
104,368,137,70,232,0
104,133,177,50,158,0
104,268,125,65,272,0
104,180,152,56,179,0
104,333,179,32,89,0
105,367,139,72,231,0
105,267,129,65,271,0
105,130,174,49,160,0
105,173,148,60,189,0
105,246,178,28,107,0
106,367,140,74,233,0
106,126,175,48,165,0
106,264,129,67,268,0
106,171,151,60,193,0
106,246,179,26,101,0
107,370,145,71,233,0
107,263,129,68,271,0
107,122,177,50,174,0
107,169,152,63,196,0
107,246,180,25,101,0
107,334,181,30,93,0
108,374,142,66,233,0
108,118,178,53,175,0
108,261,131,72,275,0
108,166,152,67,198,0
108,246,180,25,98,0
108,335,182,30,89,0
109,379,141,66,236,0
109,261,130,75,267,0
109,117,177,55,181,0
109,167,150,64,204,0
109,586,173,19,36,0
109,251,177,25,111,0
109,336,184,30,91,0
110,116,176,57,184,0
110,385,142,65,235,0
110,263,121,79,285,0
110,169,145,64,210,0
110,342,187,28,89,0
110,251,175,27,113,0
111,389,141,62,238,0
111,114,177,58,183,0
111,267,138,71,267,0
111,171,139,61,221,0
111,251,175,29,122,0
111,343,187,33,92,0
112,395,144,61,235,0
112,112,172,60,188,0
112,274,136,71,264,0
112,168,136,65,226,0
112,254,175,32,127,0
112,482,227,51,148,0
112,346,189,29,88,0
112,601,173,23,41,0
113,398,140,61,241,0
113,281,140,69,258,0
113,112,170,59,192,0
113,166,133,67,239,0
113,255,176,32,128,0
113,486,231,52,145,0
113,347,186,30,90,0
113,608,178,24,35,0
114,399,137,61,246,0
114,106,167,60,203,0
114,284,132,65,277,0
114,160,132,75,242,0
114,252,176,37,127,0
114,487,230,54,149,0
114,610,178,25,37,0
114,348,183,30,95,0
115,399,141,62,244,0
115,99,165,62,213,0
115,287,125,64,266,0
115,157,131,75,245,0
115,251,178,38,130,0
115,487,231,52,152,0
115,352,190,29,90,0
115,610,179,25,40,0
116,397,144,64,245,0
116,287,127,63,263,0
116,93,162,63,222,0
116,148,128,71,253,0
116,250,178,36,131,0
116,215,179,32,114,0
116,489,239,52,148,0
117,395,144,62,246,0
117,79,162,68,230,0
117,288,132,61,267,0
117,243,178,40,134,0
117,138,128,72,270,0
117,209,179,33,122,0
117,346,192,33,91,0
117,484,242,58,148,0
117,619,180,17,40,0
117,86,140,109,257,0
118,390,146,66,244,0
118,288,134,63,261,0
118,131,124,73,270,0
118,70,160,72,234,0
118,241,176,40,133,0
118,204,181,35,124,0
118,345,194,33,92,0
118,613,180,22,42,0
119,386,144,68,246,0
119,287,138,63,263,0
119,59,157,75,240,0
119,124,120,73,280,0
119,239,173,38,143,0
119,201,177,35,136,0
119,344,190,32,99,0
119,616,184,20,40,0
120,112,116,82,293,0
120,383,144,71,252,0
120,285,142,61,256,0
120,49,152,80,257,0
120,231,175,43,144,0
120,191,181,41,141,0
120,342,195,30,96,0
120,613,186,24,42,0
121,381,146,71,249,0
121,280,144,59,258,0
121,33,154,80,252,0
121,227,176,43,146,0
121,98,109,89,306,0
121,189,179,39,143,0
121,340,192,28,99,0
121,612,186,22,41,0
122,377,148,72,244,0
122,275,139,61,257,0
122,221,175,44,148,0
122,180,177,42,150,0
122,22,156,78,266,0
122,88,108,94,328,0
122,334,193,31,99,0
122,608,186,23,43,0
123,372,147,74,251,0
123,269,139,65,251,0
123,73,108,106,335,0
123,215,175,46,151,0
123,171,176,44,154,0
123,15,153,71,279,0
123,608,187,21,43,0
123,331,189,32,109,0
124,371,150,71,259,0
124,212,176,44,160,0
124,263,138,67,262,0
124,167,175,40,164,0
124,67,103,101,350,0
124,0,161,82,300,0
124,469,248,60,147,0
124,309,152,35,177,0
124,605,188,20,42,0
125,262,140,65,263,0
125,370,153,72,258,0
125,61,102,97,352,0
125,207,176,47,164,0
125,162,180,43,167,0
125,0,149,73,320,0
125,318,178,34,150,0
125,473,236,56,165,0
126,371,154,71,253,0
126,201,176,51,166,0
126,260,149,66,257,0
126,156,181,44,173,0
126,50,97,99,367,0
126,312,166,39,162,0
126,0,173,58,301,0
126,603,189,21,41,0
127,374,156,69,244,0
127,201,178,50,167,0
127,155,183,45,176,0
127,261,148,66,267,0
127,39,94,97,377,0
127,315,162,38,169,0
127,1,157,45,312,0
127,609,190,25,38,0
128,377,158,71,242,0
128,199,177,53,172,0
128,153,181,47,182,0
128,12,94,124,373,0
128,264,150,67,261,0
128,609,187,25,42,0
128,318,186,46,150,0
129,7,79,123,400,0
129,152,181,47,179,0
129,198,179,56,175,0
129,381,154,69,250,0
129,270,151,65,263,0
129,332,206,37,130,0
129,612,187,25,40,0
130,4,79,118,392,0
130,385,154,66,254,0
130,197,182,57,174,0
130,149,180,48,184,0
130,269,155,67,255,0
130,332,196,40,144,0
131,388,154,65,255,0
131,0,70,115,404,0
131,195,182,57,177,0
131,145,179,50,191,0
131,271,154,66,249,0
131,330,191,43,148,0
132,389,151,66,258,0
132,141,178,50,192,0
132,194,180,53,183,0
132,3,70,103,389,0
132,276,150,62,256,0
132,330,178,44,163,0
132,261,206,21,85,0
133,390,145,65,261,0
133,135,175,54,198,0
133,190,172,54,189,0
133,0,59,93,375,0
133,279,153,59,247,0
133,333,179,47,162,0
133,260,201,23,91,0
134,132,175,55,200,0
134,187,169,56,188,0
134,391,143,65,264,0
134,282,149,58,250,0
134,335,178,47,161,0
134,1,114,75,343,0
134,260,198,25,93,0
134,240,211,15,52,0
135,125,163,57,216,0
135,185,162,58,192,0
135,390,143,67,259,0
135,281,144,56,258,0
135,336,177,51,162,0
135,259,198,27,91,0
135,1,117,53,263,0
135,0,86,83,331,0
136,388,140,69,257,0
136,117,157,58,218,0
136,178,155,65,201,0
136,278,137,57,255,0
136,334,176,51,162,0
136,256,191,28,96,0
137,386,135,68,254,0
137,109,150,58,226,0
137,175,151,59,207,0
137,275,136,60,258,0
137,332,174,53,164,0
137,254,191,26,94,0
137,233,201,17,56,0
138,99,142,58,229,0
138,382,131,71,255,0
138,168,146,64,214,0
138,267,131,62,246,0
138,330,165,52,170,0
138,249,182,24,96,0
138,231,196,14,54,0
139,377,125,74,258,0
139,162,135,61,225,0
139,86,136,68,245,0
139,260,122,63,247,0
139,328,160,50,170,0
139,246,178,23,89,0
140,377,122,74,257,0
140,78,128,71,244,0
140,153,126,70,232,0
140,258,110,66,253,0
140,326,149,55,177,0
140,242,170,23,95,0
141,72,121,73,250,0
141,378,107,76,266,0
141,256,100,68,256,0
141,150,113,69,242,0
141,327,139,56,182,0
141,241,161,23,101,0
142,380,104,73,265,0
142,145,101,80,247,0
142,255,95,71,252,0
142,326,128,61,189,0
142,64,109,80,266,0
142,221,166,16,56,0
142,240,155,22,101,0
143,145,84,75,262,0
143,55,91,85,278,0
143,382,94,75,273,0
143,256,92,67,257,0
143,330,122,59,200,0
143,241,145,25,105,0
143,221,159,15,62,0
144,386,94,77,260,0
144,50,84,85,287,0
144,139,73,82,281,0
144,327,112,69,209,0
144,257,85,67,256,0
144,240,141,29,103,0
145,136,74,85,282,0
145,45,75,84,294,0
145,393,86,75,264,0
145,266,82,62,254,0
145,335,111,65,209,0
145,242,133,30,107,0
145,226,149,15,59,0
146,36,72,87,295,0
146,130,73,90,283,0
146,268,77,68,247,0
146,399,78,71,266,0
146,345,107,60,216,0
146,244,128,30,109,0
146,476,182,62,160,0
147,26,63,90,326,0
147,130,67,93,300,0
147,410,77,67,262,0
147,275,73,63,255,0
147,350,103,64,221,0
147,480,180,64,171,0
147,247,125,32,119,0
148,415,80,64,272,0
148,128,60,93,323,0
148,17,64,97,341,0
148,279,76,60,253,0
148,354,98,69,227,0
148,251,127,34,118,0
148,328,93,30,178,0
148,269,91,199,226,0
149,126,57,94,330,0
149,424,80,62,272,0
149,16,60,91,354,0
149,356,97,73,233,0
149,284,78,63,245,0
149,256,124,32,118,0
149,332,89,30,185,0
150,425,79,64,275,0
150,364,95,72,244,0
150,122,45,99,348,0
150,289,74,58,255,0
150,4,42,103,393,0
150,258,125,33,114,0
150,332,85,36,188,0
151,110,38,102,359,0
151,368,100,72,248,0
151,427,80,63,278,0
151,0,34,101,413,0
151,291,76,55,260,0
151,334,85,35,186,0
151,260,126,34,115,0
151,293,85,189,246,0
152,100,34,112,370,0
152,372,96,69,256,0
152,431,78,61,282,0
152,0,31,86,419,0
152,293,80,53,252,0
152,260,125,35,118,0
152,333,83,38,197,0
152,12,28,357,382,0
153,433,75,61,286,0
153,291,80,54,254,0
153,89,20,121,422,0
153,373,91,69,272,0
153,333,86,39,198,0
153,0,22,68,442,0
153,260,126,33,115,0
154,372,91,72,275,0
154,74,15,130,450,0
154,433,73,59,279,0
154,286,78,57,246,0
154,333,90,39,190,0
154,0,61,55,411,0
154,259,126,32,124,0
154,6,13,337,451,0
155,281,80,61,247,0
155,433,73,58,283,0
155,62,8,133,463,0
155,372,83,73,285,0
155,331,93,40,188,0
155,256,123,32,125,0
155,1,77,37,226,0
156,278,77,62,253,0
156,434,78,55,266,0
156,55,0,134,480,0
156,372,76,76,298,0
156,332,92,40,189,0
156,254,120,34,124,0
157,371,67,85,324,0
157,275,78,64,252,0
157,437,68,53,285,0
157,35,0,147,480,0
157,251,118,38,128,0
157,332,90,40,190,0
158,372,63,86,353,0
158,25,15,153,425,0
158,275,81,61,245,0
158,435,75,53,276,0
158,332,93,40,188,0
158,249,117,38,130,0
159,10,13,159,450,0
159,277,81,60,236,0
159,376,61,88,366,0
159,439,63,52,315,0
159,330,90,41,194,0
159,419,65,65,336,0
159,246,112,38,134,0
160,0,10,157,460,0
160,375,55,100,390,0
160,277,76,60,250,0
160,243,114,38,130,0
160,327,86,44,188,0
160,445,64,39,322,0
161,0,5,141,466,0
161,276,71,60,249,0
161,379,36,118,425,0
161,240,112,40,133,0
161,325,83,44,190,0
162,276,71,60,245,0
162,385,25,108,443,0
162,325,84,42,191,0
162,237,111,41,131,0
162,0,0,120,480,0
162,509,185,83,168,0
162,289,73,69,231,0
163,277,70,59,248,0
163,237,112,39,140,0
163,391,16,110,461,0
163,327,85,40,191,0
163,0,0,108,480,0
164,236,112,39,143,0
164,276,73,60,246,0
164,398,6,118,473,0
164,325,82,42,195,0
164,515,185,76,175,0
164,340,0,200,466,0
164,0,0,69,308,0
165,237,111,38,147,0
165,278,73,60,246,0
165,404,7,129,467,0
165,326,87,42,184,0
166,237,112,39,150,0
166,280,82,60,246,0
166,414,2,136,477,0
166,329,93,45,187,0
166,274,102,26,133,0
167,281,88,60,240,0
167,235,111,39,154,0
167,424,0,138,480,0
167,328,94,45,187,0
167,373,21,222,431,0
168,281,88,59,240,0
168,232,112,42,155,0
168,431,17,161,451,0
168,331,93,43,190,0
168,430,77,64,292,0
168,273,107,24,131,0
169,278,91,59,237,0
169,230,117,42,157,0
169,438,13,175,458,0
169,330,103,46,185,0
169,422,83,65,276,0
169,184,144,21,71,0
170,416,80,74,296,0
170,442,14,187,444,0
170,277,88,59,240,0
170,227,117,43,158,0
170,329,101,48,187,0
171,413,80,78,292,0
171,274,85,61,241,0
171,223,115,45,165,0
171,452,11,183,453,0
171,330,102,45,182,0
171,179,143,21,74,0
172,270,83,64,243,0
172,220,113,45,166,0
172,410,70,78,312,0
172,469,7,165,454,0
172,330,98,45,184,0
172,170,138,23,80,0
172,378,38,242,379,0
172,181,141,20,77,0
173,408,73,79,303,0
173,217,111,43,167,0
173,265,84,67,240,0
173,329,96,42,186,0
173,488,12,146,371,0
173,258,104,27,124,0
174,402,67,82,306,0
174,212,110,44,169,0
174,265,86,67,240,0
174,326,99,48,183,0
174,530,27,109,361,0
174,256,102,30,166,0
175,398,69,82,307,0
175,267,88,61,238,0
175,205,107,48,172,0
175,325,91,43,192,0
175,248,95,36,181,0
175,158,132,22,80,0
176,397,76,82,299,0
176,203,104,44,178,0
176,267,87,60,237,0
176,325,91,41,193,0
176,246,98,39,188,0
176,154,131,25,83,0
177,393,66,83,313,0
177,269,89,58,237,0
177,198,103,46,179,0
177,322,100,40,183,0
177,242,96,39,187,0
178,387,69,87,309,0
178,190,100,47,183,0
178,267,82,58,246,0
178,234,89,48,199,0
178,319,96,40,187,0
178,146,132,22,77,0
179,383,69,88,311,0
179,182,101,46,183,0
179,264,82,57,241,0
179,229,87,46,200,0
179,313,93,39,192,0
179,231,84,79,223,0
180,379,72,86,310,0
180,172,99,51,186,0
180,262,77,53,250,0
180,220,88,50,206,0
180,308,94,39,189,0
180,132,131,23,80,0
181,257,79,57,253,0
181,160,100,56,192,0
181,211,84,53,212,0
181,374,66,89,313,0
181,302,94,40,192,0
182,252,82,59,249,0
182,372,65,89,323,0
182,199,85,60,219,0
182,150,98,57,196,0
182,299,92,38,192,0
182,119,129,25,88,0
182,270,86,63,225,0
183,197,87,58,221,0
183,372,66,87,313,0
183,144,98,61,205,0
183,251,85,57,244,0
183,297,94,42,186,0
183,117,132,25,87,0
184,372,65,87,305,0
184,144,98,57,204,0
184,195,84,60,227,0
184,251,84,57,246,0
184,296,90,40,186,0
185,374,65,85,305,0
185,193,87,59,224,0
185,141,98,56,209,0
185,251,78,60,253,0
185,297,89,41,185,0
186,375,69,84,311,0
186,192,87,60,226,0
186,252,82,61,248,0
186,137,98,58,215,0
186,298,90,35,194,0
187,377,70,82,316,0
187,254,86,60,243,0
187,189,85,60,238,0
187,133,99,60,216,0
187,299,94,36,191,0
188,376,71,81,319,0
188,184,85,64,243,0
188,258,89,61,243,0
188,128,98,62,222,0
188,300,99,34,193,0
189,378,74,77,322,0
189,128,102,59,226,0
189,258,94,59,241,0
189,182,87,63,242,0
189,303,107,37,176,0
190,379,71,75,331,0
190,126,102,58,233,0
190,180,84,66,250,0
190,259,97,62,237,0
190,306,112,43,163,0
190,302,109,33,181,0
190,244,145,22,86,0
191,177,82,69,258,0
191,378,72,77,335,0
191,122,95,60,247,0
191,260,100,62,236,0
191,244,145,24,87,0
192,173,82,72,264,0
192,375,73,78,331,0
192,118,88,60,253,0
192,259,96,60,243,0
192,307,113,40,177,0
193,369,75,86,318,0
193,113,88,61,249,0
193,168,83,71,265,0
193,258,97,63,237,0
193,307,112,36,170,0
193,243,144,23,87,0
194,105,84,63,260,0
194,365,75,89,320,0
194,166,78,71,277,0
194,259,94,65,237,0
194,240,141,24,89,0
195,161,76,75,282,0
195,98,82,68,268,0
195,366,74,87,327,0
195,259,95,61,236,0
195,237,141,24,91,0
196,158,73,77,285,0
196,90,82,70,267,0
196,256,95,60,238,0
196,360,71,94,333,0
196,302,105,33,183,0
196,234,139,25,94,0
197,356,69,98,339,0
197,156,67,78,295,0
197,82,78,72,274,0
197,255,93,57,244,0
197,297,100,35,192,0
197,234,138,26,92,0
197,278,98,40,217,0
198,72,76,78,286,0
198,152,57,79,313,0
198,252,93,59,245,0
198,357,69,99,341,0
198,299,101,34,191,0
198,233,138,25,91,0
198,290,100,35,200,0
199,52,71,92,295,0
199,144,56,84,311,0
199,357,69,97,343,0
199,250,89,59,251,0
199,295,100,37,197,0
199,230,137,28,94,0
200,42,62,97,318,0
200,358,69,94,346,0
200,140,48,89,322,0
200,246,92,59,235,0
200,292,104,39,193,0
200,231,136,25,92,0
201,38,67,92,315,0
201,358,65,94,354,0
201,136,45,92,336,0
201,239,93,63,238,0
201,290,105,41,192,0
202,29,62,97,336,0
202,129,41,101,345,0
202,358,65,95,347,0
202,238,92,64,238,0
202,291,104,41,191,0
202,229,136,21,87,0
203,19,64,103,337,0
203,361,61,92,325,0
203,124,37,103,368,0
203,239,95,62,232,0
203,290,106,43,191,0
204,121,39,104,376,0
204,14,55,102,348,0
204,364,69,89,338,0
204,241,98,59,235,0
204,291,106,41,189,0
204,231,137,23,89,0
205,12,53,104,363,0
205,368,68,90,345,0
205,120,39,106,387,0
205,244,102,58,236,0
205,293,103,41,193,0
206,6,48,105,372,0
206,117,35,110,405,0
206,371,66,92,350,0
206,248,99,58,235,0
206,297,97,40,202,0
206,335,156,29,90,0
207,0,42,104,382,0
207,112,21,112,432,0
207,374,66,91,358,0
207,251,98,57,234,0
207,300,94,42,206,0
207,219,152,21,80,0
207,241,137,22,102,0
208,0,36,101,400,0
208,376,65,94,359,0
208,251,94,60,237,0
208,108,12,121,439,0
208,303,103,44,192,0
208,218,151,25,80,0
209,379,64,90,356,0
209,90,5,136,454,0
209,250,93,61,238,0
209,0,21,91,446,0
209,303,102,47,190,0
210,377,62,92,361,0
210,248,96,61,235,0
210,0,19,80,429,0
210,83,11,135,443,0
210,303,103,48,191,0
210,41,21,277,406,0
211,72,0,142,469,0
211,377,56,93,361,0
211,247,93,63,237,0
211,0,16,75,423,0
211,301,104,50,193,0
211,214,147,26,86,0
211,24,9,44,427,0
212,54,3,146,469,0
212,371,56,100,357,0
212,246,95,64,227,0
212,301,104,51,190,0
212,0,32,60,386,0
212,213,146,24,86,0
212,0,18,272,413,0
213,368,54,102,360,0
213,244,94,61,230,0
213,34,7,156,450,0
213,300,104,49,188,0
213,210,143,24,94,0
214,242,95,61,234,0
214,20,6,163,462,0
214,366,57,103,369,0
214,299,105,49,188,0
214,182,137,20,86,0
214,207,145,25,95,0
215,11,2,168,477,0
215,235,92,64,239,0
215,363,56,107,371,0
215,295,100,51,196,0
215,203,147,26,95,0
215,176,140,20,86,0
215,341,143,28,105,0
216,0,14,168,461,0
216,231,94,61,239,0
216,365,57,106,370,0
216,296,100,49,193,0
216,200,145,27,100,0
216,172,139,19,87,0
216,339,138,30,110,0
217,0,18,166,461,0
217,228,90,61,235,0
217,362,55,109,370,0
217,297,101,45,189,0
217,169,144,21,81,0
217,197,141,27,103,0
218,0,8,155,471,0
218,225,86,60,243,0
218,372,54,100,370,0
218,296,96,48,194,0
218,169,140,22,86,0
218,273,132,23,100,0
219,0,0,146,480,0
219,371,53,102,372,0
219,223,81,62,243,0
219,297,101,49,191,0
219,169,141,21,82,0
219,195,139,25,96,0
219,0,24,243,411,0
219,271,131,26,101,0
220,375,53,99,363,0
220,221,81,61,244,0
220,0,4,131,474,0
220,192,137,28,101,0
220,169,140,22,82,0
220,298,110,45,182,0
220,270,132,29,99,0
221,220,85,61,243,0
221,373,56,106,357,0
221,0,11,115,462,0
221,300,99,46,195,0
221,192,137,28,104,0
221,271,132,27,101,0
221,169,139,21,83,0
221,339,138,31,104,0
222,376,52,107,359,0
222,223,86,58,232,0
222,303,96,45,198,0
222,274,129,28,107,0
222,194,134,28,110,0
222,169,132,22,91,0
222,2,1,106,472,0
222,339,134,30,106,0
223,381,58,107,360,0
223,228,86,58,232,0
223,306,97,43,193,0
223,279,132,30,101,0
223,0,16,90,463,0
223,195,139,32,108,0
223,172,137,21,86,0
223,343,129,26,108,0
223,26,17,50,462,0
224,387,64,103,363,0
224,231,90,60,230,0
224,312,101,41,191,0
224,198,139,32,108,0
224,177,141,20,82,0
224,282,131,29,104,0
224,367,137,25,109,0
224,346,130,26,109,0
225,392,74,103,353,0
225,235,87,58,239,0
225,200,137,32,116,0
225,285,129,26,106,0
225,311,95,46,199,0
225,180,141,20,84,0
226,392,70,105,362,0
226,240,88,58,235,0
226,313,98,50,188,0
226,291,135,28,102,0
226,202,139,33,112,0
226,355,133,26,106,0
226,373,141,26,106,0
226,184,139,21,85,0
227,399,71,105,373,0
227,244,92,60,227,0
227,322,99,42,188,0
227,206,140,30,109,0
227,379,143,28,106,0
227,359,136,29,104,0
227,188,141,21,81,0
227,573,170,21,14,0
228,402,73,103,363,0
228,250,92,57,217,0
228,324,95,49,194,0
228,207,132,31,121,0
228,299,130,26,107,0
228,364,131,26,110,0
228,192,141,19,81,0
229,404,70,103,358,0
229,254,92,59,219,0
229,328,94,50,195,0
229,211,132,34,120,0
229,369,131,25,108,0
229,305,135,28,98,0
230,404,63,111,358,0
230,260,88,56,225,0
230,335,98,46,191,0
230,209,124,43,128,0
230,308,132,29,103,0
230,243,109,29,142,0
231,405,62,115,359,0
231,336,98,47,188,0
231,263,87,55,218,0
231,244,108,30,147,0
231,311,127,26,106,0
231,211,130,37,125,0
232,408,55,114,368,0
232,265,81,54,228,0
232,338,94,46,190,0
232,210,124,38,129,0
232,312,124,26,105,0
232,245,104,37,150,0
233,405,56,117,369,0
233,264,78,56,220,0
233,208,124,38,127,0
233,336,92,48,192,0
233,313,124,29,104,0
233,243,98,29,151,0
234,400,56,121,371,0
234,262,77,57,231,0
234,202,119,36,132,0
234,335,92,47,194,0
234,236,96,34,153,0
234,310,123,29,104,0
235,401,53,115,388,0
235,257,73,62,254,0
235,231,95,35,155,0
235,334,90,46,195,0
235,197,118,42,133,0
235,308,124,30,103,0
235,372,123,27,109,0
236,398,48,118,393,0
236,256,74,61,235,0
236,330,87,47,195,0
236,226,91,39,159,0
236,195,114,36,139,0
236,308,125,30,102,0
236,371,124,28,110,0
237,401,55,115,383,0
237,255,82,60,226,0
237,225,89,41,164,0
237,327,85,49,194,0
237,193,115,36,138,0
237,369,120,29,116,0
237,308,129,26,94,0
238,402,52,111,368,0
238,257,82,59,233,0
238,328,83,44,195,0
238,223,88,39,167,0
238,189,112,38,143,0
238,368,115,23,123,0
238,309,131,23,91,0
239,257,82,59,228,0
239,405,48,108,368,0
239,182,108,42,151,0
239,220,90,40,170,0
239,326,85,49,191,0
239,367,117,24,122,0
240,405,54,109,372,0
240,258,82,61,228,0
240,214,92,45,169,0
240,182,114,36,147,0
240,326,84,48,195,0
240,368,118,23,121,0
240,313,103,25,119,0
241,406,53,115,380,0
241,260,81,62,230,0
241,180,119,38,148,0
241,215,95,45,172,0
241,330,90,45,188,0
241,369,126,32,111,0
242,406,52,118,383,0
242,264,80,60,230,0
242,180,112,38,159,0
242,217,94,45,178,0
242,330,85,47,191,0
242,370,127,33,112,0
243,409,56,118,388,0
243,272,85,59,225,0
243,218,90,47,185,0
243,335,96,44,189,0
243,374,128,33,118,0
243,181,105,41,166,0
244,412,67,115,387,0
244,220,95,50,182,0
244,277,91,60,219,0
244,181,109,40,168,0
244,339,98,46,191,0
244,378,129,30,119,0
245,413,68,115,390,0
245,282,96,61,223,0
245,182,118,40,160,0
245,220,94,57,187,0
245,339,107,47,185,0
245,381,135,33,119,0
246,286,99,61,223,0
246,413,61,116,399,0
246,220,95,53,189,0
246,180,121,43,163,0
246,341,102,42,194,0
246,384,137,34,120,0
247,410,59,115,391,0
247,288,100,59,225,0
247,220,98,57,189,0
247,178,113,45,179,0
247,342,104,44,191,0
247,384,140,35,121,0
248,291,102,55,225,0
248,217,101,55,189,0
248,409,51,116,398,0
248,173,123,46,170,0
248,342,101,43,198,0
248,384,140,34,123,0
249,292,100,56,225,0
249,409,50,117,399,0
249,170,122,45,173,0
249,212,92,62,204,0
249,340,102,48,199,0
249,384,140,36,129,0
250,206,94,64,208,0
250,290,99,57,222,0
250,410,50,112,398,0
250,167,113,41,191,0
250,339,98,45,205,0
250,383,139,38,129,0
251,204,97,61,204,0
251,160,128,46,177,0
251,288,100,61,221,0
251,409,46,111,410,0
251,338,98,45,206,0
251,383,137,36,130,0
252,154,121,47,184,0
252,199,89,60,215,0
252,287,100,62,220,0
252,410,55,110,412,0
252,338,106,42,195,0
252,383,136,35,129,0
253,147,124,47,177,0
253,193,90,58,215,0
253,409,52,113,418,0
253,286,97,62,227,0
253,382,136,34,127,0
253,336,101,42,204,0
254,137,119,52,188,0
254,185,84,59,223,0
254,284,98,63,226,0
254,409,49,111,416,0
254,334,98,41,204,0
254,378,132,36,128,0
255,130,112,51,198,0
255,181,84,57,228,0
255,284,99,60,221,0
255,408,49,113,389,0
255,374,129,39,124,0
255,331,97,40,203,0
256,120,110,57,211,0
256,411,42,111,399,0
256,285,99,59,214,0
256,170,80,60,231,0
256,371,124,38,131,0
256,329,98,40,196,0
257,112,110,56,210,0
257,165,75,63,243,0
257,284,93,57,210,0
257,408,38,114,395,0
257,367,125,41,128,0
257,328,92,37,202,0
258,107,107,57,215,0
258,158,69,66,251,0
258,409,34,116,400,0
258,284,86,56,220,0
258,368,121,39,132,0
258,326,89,37,196,0
259,98,109,63,224,0
259,156,69,65,258,0
259,410,29,113,406,0
259,282,84,57,220,0
259,367,120,42,132,0
259,325,87,38,195,0
260,91,103,63,233,0
260,413,25,114,422,0
260,149,64,75,270,0
260,283,84,58,220,0
260,367,117,44,135,0
260,326,86,37,195,0
261,86,104,67,234,0
261,147,63,75,270,0
261,286,86,57,219,0
261,413,24,111,422,0
261,367,118,45,131,0
261,326,84,38,199,0
262,81,99,69,242,0
262,416,25,106,424,0
262,290,88,55,217,0
262,144,59,79,282,0
262,371,112,43,134,0
263,77,96,69,248,0
263,141,63,83,277,0
263,416,27,103,419,0
263,292,87,58,224,0
263,375,111,42,140,0
264,139,55,86,290,0
264,73,90,71,262,0
264,295,87,53,216,0
264,414,21,110,431,0
264,378,115,41,135,0
265,137,57,90,302,0
265,295,89,52,216,0
265,68,94,75,276,0
265,416,21,116,430,0
265,380,113,41,136,0
265,337,84,35,210,0
266,132,51,97,321,0
266,295,86,55,221,0
266,67,85,74,296,0
266,416,23,121,426,0
266,379,117,43,133,0
267,125,48,97,332,0
267,298,88,57,221,0
267,62,95,78,294,0
267,421,20,119,427,0
267,382,120,44,136,0
267,340,107,42,181,0
268,54,92,84,308,0
268,300,89,57,220,0
268,125,42,95,351,0
268,423,19,125,438,0
268,383,120,43,141,0
268,332,89,42,205,0
268,372,138,18,83,0
269,114,44,102,351,0
269,301,94,58,217,0
269,46,85,81,314,0
269,425,15,127,454,0
269,384,120,44,142,0
269,334,89,41,204,0
270,301,93,57,216,0
270,31,81,83,328,0
270,106,36,105,361,0
270,382,117,43,142,0
270,424,14,128,461,0
270,34,58,130,349,0
270,338,88,40,195,0
270,544,133,24,62,0
271,93,21,109,387,0
271,15,77,87,334,0
271,300,90,55,217,0
271,425,20,125,459,0
271,379,117,44,141,0
271,194,121,28,122,0
271,337,88,37,202,0
272,8,72,84,340,0
272,83,13,107,400,0
272,300,89,59,214,0
272,377,116,43,144,0
272,426,23,129,448,0
272,194,135,23,105,0
273,296,90,54,216,0
273,66,8,109,417,0
273,0,58,76,364,0
273,429,21,125,443,0
273,375,119,41,141,0
273,191,129,25,110,0
273,337,96,34,187,0
273,0,23,380,384,0
274,53,12,117,417,0
274,425,23,128,428,0
274,294,89,57,218,0
274,185,126,23,114,0
274,370,121,44,139,0
274,0,50,70,388,0
274,331,83,43,197,0
274,0,24,346,387,0
274,543,134,24,68,0
274,31,52,34,382,0
275,427,25,127,440,0
275,289,93,56,216,0
275,24,4,135,448,0
275,181,125,26,116,0
275,364,121,43,144,0
275,0,80,59,352,0
275,542,137,22,66,0
275,332,98,39,180,0
276,285,92,53,218,0
276,12,0,127,472,0
276,429,27,124,435,0
276,176,125,28,118,0
276,361,123,41,150,0
276,326,93,34,190,0
276,3,98,39,342,0
276,541,133,21,72,0
277,0,11,136,452,0
277,427,25,123,441,0
277,282,95,52,215,0
277,173,122,26,120,0
277,353,118,49,160,0
277,322,89,37,197,0
278,0,6,125,473,0
278,280,96,55,220,0
278,428,21,114,450,0
278,171,128,27,120,0
278,355,123,42,156,0
278,322,93,38,204,0
279,432,30,107,439,0
279,280,97,51,214,0
279,169,128,26,122,0
279,0,2,105,477,0
279,319,91,41,209,0
279,352,124,47,161,0
280,275,100,53,210,0
280,434,30,103,449,0
280,358,124,41,161,0
280,171,131,27,118,0
280,318,95,42,205,0
280,0,0,94,471,0
281,435,29,103,440,0
281,274,98,55,212,0
281,362,121,43,164,0
281,173,136,27,114,0
281,319,93,44,200,0
281,0,22,81,455,0
282,275,98,56,213,0
282,436,25,109,451,0
282,367,120,57,169,0
282,177,133,30,117,0
282,323,92,46,208,0
283,279,98,57,217,0
283,434,27,121,447,0
283,378,122,70,174,0
283,181,132,28,119,0
283,330,95,39,205,0
283,0,12,87,322,0
283,372,125,55,157,0
283,556,125,37,87,0
283,365,122,36,151,0
284,283,101,56,213,0
284,437,24,130,454,0
284,386,127,68,173,0
284,184,134,27,122,0
284,1,9,68,342,0
284,334,96,40,204,0
284,368,124,41,150,0
284,567,125,36,86,0
285,290,104,52,212,0
285,437,24,144,454,0
285,390,124,67,183,0
285,188,133,30,123,0
285,337,97,41,210,0
285,373,124,41,151,0
286,291,107,56,216,0
286,440,30,150,449,0
286,192,136,29,120,0
286,341,94,42,214,0
286,379,125,42,165,0
286,407,118,56,194,0
286,584,132,33,87,0
286,394,130,50,173,0
287,295,108,55,209,0
287,438,21,162,458,0
287,343,106,43,196,0
287,194,132,29,127,0
287,419,122,56,188,0
287,380,125,48,157,0
287,592,132,37,89,0
288,297,107,53,210,0
288,447,24,151,455,0
288,345,107,41,199,0
288,196,137,27,123,0
288,383,129,47,154,0
288,430,129,50,180,0
288,594,129,40,89,0
289,297,104,53,212,0
289,447,22,155,457,0
289,197,132,27,130,0
289,346,101,42,209,0
289,386,128,49,158,0
289,442,125,51,191,0
289,301,103,85,212,0
289,601,134,38,91,0
290,297,111,52,206,0
290,460,32,148,447,0
290,384,129,46,158,0
290,343,104,45,204,0
290,444,132,51,190,0
290,193,136,28,125,0
290,605,135,34,96,0
291,297,109,53,212,0
291,474,27,140,436,0
291,452,131,51,196,0
291,386,129,45,157,0
291,341,104,47,209,0
291,193,140,29,120,0
292,293,113,53,212,0
292,480,37,139,425,0
292,191,137,28,122,0
292,341,104,47,211,0
292,385,134,45,158,0
292,456,128,50,197,0
293,291,115,49,206,0
293,338,102,47,211,0
293,186,136,28,129,0
293,483,31,142,448,0
293,383,132,46,160,0
293,449,131,65,201,0
294,287,115,49,207,0
294,483,26,142,453,0
294,383,133,46,161,0
294,183,131,27,134,0
294,336,106,42,208,0
294,454,129,64,197,0
295,282,115,52,206,0
295,476,32,147,445,0
295,383,127,48,176,0
295,466,127,58,190,0
295,331,105,46,208,0
295,180,129,29,138,0
296,483,23,139,451,0
296,278,112,51,205,0
296,382,121,51,185,0
296,329,103,48,214,0
296,178,130,30,137,0
297,487,26,142,448,0
297,274,111,54,204,0
297,384,122,50,185,0
297,326,102,51,218,0
297,177,123,31,149,0
298,271,108,54,208,0
298,497,25,129,452,0
298,386,124,51,178,0
298,174,131,33,139,0
298,327,107,50,210,0
299,500,19,126,460,0
299,270,110,54,212,0
299,326,109,52,215,0
299,389,130,47,180,0
299,176,135,30,137,0
300,270,112,55,212,0
300,503,23,126,455,0
300,392,131,51,177,0
300,177,133,33,143,0
300,327,122,51,198,0
301,504,24,131,453,0
301,275,118,52,212,0
301,178,134,33,144,0
301,397,128,51,183,0
301,332,128,49,193,0
302,510,25,126,454,0
302,276,122,58,209,0
302,405,131,49,184,0
302,180,145,29,134,0
302,338,125,49,198,0
303,516,31,120,448,0
303,283,122,53,210,0
303,185,139,30,150,0
303,411,135,51,179,0
303,339,119,49,195,0
303,380,155,20,109,0
303,402,143,40,154,0
304,514,33,125,444,0
304,286,120,53,208,0
304,188,145,33,140,0
304,420,133,51,186,0
304,346,114,44,211,0
305,529,38,110,440,0
305,289,123,54,208,0
305,192,147,30,140,0
305,349,121,48,202,0
305,427,133,52,182,0
305,414,148,37,153,0
306,535,33,104,446,0
306,293,123,53,210,0
306,430,135,50,188,0
306,351,117,49,211,0
306,192,141,30,144,0
306,418,152,27,128,0
306,420,142,40,169,0
307,544,34,95,445,0
307,295,129,52,203,0
307,193,148,29,144,0
307,436,135,52,193,0
307,353,120,47,217,0
307,421,154,28,129,0
307,431,140,39,178,0
307,395,160,26,100,0
308,553,43,86,435,0
308,297,127,53,210,0
308,195,158,29,135,0
308,441,138,49,194,0
308,350,119,55,218,0
308,395,162,28,101,0
309,296,131,51,209,0
309,350,125,52,217,0
309,554,39,85,440,0
309,435,148,56,184,0
309,195,153,26,139,0
309,395,164,27,103,0
309,424,157,37,145,0
310,295,132,51,208,0
310,191,151,32,146,0
310,561,39,78,440,0
310,347,137,58,202,0
310,440,144,48,190,0
310,423,154,37,155,0
311,288,135,54,203,0
311,560,18,79,460,0
311,189,144,34,156,0
311,345,135,54,201,0
311,443,142,48,199,0
311,421,154,38,156,0
311,432,148,43,185,0
312,284,133,54,207,0
312,186,145,33,155,0
312,442,140,50,202,0
312,564,33,75,441,0
312,340,130,51,202,0
312,421,152,38,166,0
313,281,134,53,204,0
313,563,46,76,433,0
313,440,137,52,209,0
313,183,160,30,143,0
313,335,127,48,211,0
313,417,150,38,165,0
313,368,146,40,180,0
313,356,136,42,197,0
314,276,131,58,203,0
314,440,140,54,204,0
314,178,147,31,154,0
314,561,50,78,429,0
314,332,122,48,214,0
314,413,149,41,173,0
314,365,146,44,187,0
314,348,135,52,204,0
315,273,133,57,201,0
315,175,150,33,153,0
315,329,119,44,217,0
315,439,138,55,207,0
315,547,37,92,442,0
315,412,145,46,182,0
315,364,143,41,194,0
316,271,134,61,200,0
316,440,134,54,212,0
316,173,144,35,165,0
316,561,50,78,420,0
316,329,127,45,206,0
316,365,144,43,192,0
316,414,141,42,189,0
317,270,136,63,202,0
317,569,31,70,440,0
317,328,129,48,211,0
317,443,129,53,219,0
317,173,146,37,164,0
317,366,146,44,190,0
317,413,145,40,177,0
318,272,138,59,201,0
318,445,133,50,217,0
318,172,155,32,158,0
318,330,129,45,212,0
318,367,146,46,195,0
318,571,31,68,426,0
318,416,142,40,184,0
319,274,139,60,204,0
319,568,22,71,452,0
319,171,167,34,150,0
319,329,131,46,211,0
319,447,132,55,221,0
319,369,147,48,196,0
319,418,140,41,189,0
319,432,137,48,208,0
320,278,145,58,198,0
320,173,168,36,151,0
320,565,23,74,456,0
320,454,133,50,226,0
320,373,141,50,201,0
320,332,131,46,218,0
320,424,146,37,186,0
321,286,143,55,201,0
321,376,143,57,202,0
321,459,129,52,229,0
321,337,135,41,217,0
321,175,159,36,164,0
321,570,50,69,426,0
321,430,141,41,195,0
322,289,144,54,200,0
322,378,148,58,201,0
322,176,158,35,167,0
322,339,133,47,217,0
322,463,135,56,227,0
322,430,144,46,197,0
322,574,102,64,368,0
322,446,137,43,218,0
323,293,144,51,204,0
323,340,139,44,209,0
323,176,162,34,163,0
323,381,152,58,203,0
323,467,126,51,236,0
323,576,117,63,339,0
323,437,138,44,203,0
323,442,128,70,230,0
324,294,145,51,205,0
324,177,168,36,161,0
324,384,144,66,210,0
324,343,130,41,217,0
324,471,133,50,232,0
324,440,144,46,201,0
324,299,136,185,217,0
324,580,125,59,311,0
324,438,136,83,221,0
324,435,152,35,180,0
325,295,147,52,203,0
325,384,145,64,214,0
325,177,167,35,161,0
325,346,134,39,213,0
325,472,136,56,231,0
325,442,143,46,204,0
325,578,135,61,277,0
325,341,145,163,206,0
326,294,145,55,205,0
326,385,147,62,220,0
326,476,135,55,234,0
326,344,135,44,211,0
326,177,163,35,167,0
326,444,143,50,208,0
327,294,145,57,208,0
327,175,169,37,163,0
327,483,130,52,238,0
327,381,142,66,232,0
327,344,131,45,216,0
327,445,140,51,215,0
327,272,182,23,95,0
327,452,132,74,235,0
327,573,186,29,29,0
327,294,143,196,220,0
328,289,146,59,205,0
328,484,132,50,238,0
328,377,135,69,240,0
328,172,159,39,174,0
328,342,132,45,215,0
328,445,137,51,221,0
328,445,131,80,241,0
328,574,186,27,31,0
328,289,136,203,227,0
328,348,118,89,256,0
329,286,145,61,206,0
329,169,174,35,164,0
329,440,133,54,236,0
329,486,127,50,244,0
329,374,139,72,241,0
329,601,118,38,361,0
329,344,134,39,223,0
329,330,133,193,239,0
329,265,180,21,90,0
330,284,144,62,203,0
330,437,136,56,237,0
330,374,136,72,243,0
330,166,168,35,170,0
330,342,135,40,217,0
330,486,124,53,255,0
330,601,134,38,345,0
330,262,181,25,81,0
330,446,128,94,246,0
330,334,133,180,245,0
330,570,189,27,27,0
331,285,147,59,201,0
331,372,133,71,253,0
331,436,132,59,244,0
331,163,168,38,170,0
331,340,135,43,216,0
331,489,126,50,246,0
331,415,129,97,242,0
331,292,133,192,240,0
331,604,102,35,343,0
331,579,176,27,38,0
332,283,146,55,198,0
332,368,132,73,253,0
332,434,124,62,250,0
332,158,166,40,174,0
332,487,130,53,247,0
332,338,149,37,204,0
332,604,110,35,365,0
332,288,135,189,241,0
333,367,128,74,266,0
333,430,120,63,254,0
333,281,146,55,198,0
333,153,171,37,172,0
333,331,132,44,213,0
333,483,128,55,250,0
333,253,180,27,88,0
333,603,94,36,377,0
334,281,144,55,202,0
334,483,125,56,255,0
334,365,125,77,278,0
334,430,118,64,255,0
334,147,150,40,192,0
334,597,125,42,334,0
334,328,132,45,213,0
334,248,177,27,105,0
334,276,126,211,253,0
335,280,145,53,197,0
335,364,128,76,284,0
335,146,168,39,176,0
335,429,114,64,259,0
335,482,126,59,251,0
335,601,109,38,358,0
335,247,177,24,103,0
335,330,131,37,227,0
336,281,144,50,199,0
336,428,113,67,269,0
336,142,168,42,180,0
336,363,119,79,309,0
336,482,125,60,252,0
336,328,126,40,222,0
336,601,110,38,369,0
337,429,112,66,275,0
337,360,123,83,302,0
337,281,147,49,191,0
337,485,123,61,253,0
337,138,165,42,183,0
337,327,125,42,224,0
337,597,105,42,374,0
337,245,171,26,117,0
338,281,145,50,194,0
338,433,104,66,302,0
338,490,121,58,255,0
338,362,119,85,311,0
338,327,128,43,221,0
338,137,166,38,186,0
338,595,105,44,374,0
338,244,176,28,110,0
339,363,108,92,324,0
339,279,142,52,201,0
339,437,94,71,321,0
339,494,120,57,259,0
339,136,159,39,196,0
339,326,124,45,231,0
339,591,99,48,362,0
340,365,110,91,322,0
340,280,145,55,197,0
340,442,104,64,315,0
340,135,157,40,195,0
340,498,119,56,264,0
340,326,139,47,211,0
340,246,170,28,110,0
341,442,98,75,323,0
341,364,103,98,337,0
341,283,145,54,195,0
341,504,122,56,259,0
341,137,166,40,189,0
341,330,130,47,220,0
341,247,177,29,106,0
341,568,186,34,40,0
341,351,95,171,342,0
342,451,92,84,337,0
342,371,93,100,356,0
342,287,147,54,193,0
342,138,168,44,189,0
342,336,128,43,223,0
342,248,174,30,112,0
342,513,119,45,262,0
342,570,190,31,41,0
342,309,92,190,338,0
343,456,97,94,335,0
343,140,174,44,184,0
343,371,99,101,363,0
343,290,145,54,197,0
343,339,132,44,222,0
343,251,177,31,103,0
343,577,188,34,43,0
343,337,92,169,366,0
343,392,98,165,351,0
343,521,125,42,259,0
344,469,88,93,345,0
344,377,89,109,376,0
344,143,143,47,210,0
344,295,142,55,191,0
344,344,129,43,223,0
344,256,170,31,125,0
344,586,187,30,45,0
345,379,80,113,391,0
345,477,77,107,354,0
345,145,144,46,207,0
345,299,138,54,195,0
345,351,124,41,235,0
345,259,166,29,122,0
345,359,81,196,376,0
346,486,70,106,366,0
346,376,74,120,395,0
346,148,153,44,199,0
346,303,131,50,201,0
346,260,167,33,122,0
347,145,136,47,212,0
347,490,58,119,382,0
347,373,67,130,410,0
347,304,132,52,195,0
347,260,160,29,115,0
347,363,116,41,278,0
348,144,144,43,208,0
348,495,60,125,400,0
348,369,57,144,421,0
348,302,129,54,198,0
348,355,109,52,293,0
348,259,157,32,133,0
348,290,169,21,95,0
349,500,48,130,419,0
349,143,145,48,204,0
349,372,35,148,443,0
349,302,128,54,195,0
349,258,154,34,131,0
349,370,38,243,431,0
349,352,151,48,257,0
349,290,161,22,100,0
350,507,41,130,420,0
350,375,23,158,456,0
350,140,145,47,203,0
350,259,151,37,132,0
350,306,125,54,194,0
350,359,93,52,317,0
350,291,157,22,99,0
351,346,85,68,332,0
351,373,18,164,461,0
351,257,149,38,129,0
351,309,126,49,185,0
351,511,28,123,449,0
351,138,126,49,224,0
351,311,28,266,424,0
352,344,79,69,343,0
352,515,21,118,450,0
352,390,10,144,467,0
352,135,115,48,233,0
352,256,142,38,132,0
352,309,119,43,187,0
352,286,148,23,109,0
353,339,90,77,324,0
353,130,119,46,223,0
353,399,5,139,474,0
353,256,136,37,137,0
353,524,3,113,469,0
353,309,114,39,187,0
353,363,12,243,452,0
353,283,143,24,112,0
354,321,64,89,362,0
354,129,117,49,217,0
354,535,5,104,465,0
354,256,131,38,138,0
354,400,0,151,472,0
354,307,109,34,168,0
354,285,140,23,107,0
355,308,41,110,414,0
355,126,122,53,214,0
355,256,127,39,136,0
355,396,17,193,446,0
355,547,9,92,469,0
356,413,11,200,459,0
356,298,31,120,436,0
356,124,113,51,226,0
356,256,120,37,142,0
356,557,0,79,435,0
356,289,137,27,102,0
357,434,18,202,447,0
357,298,24,113,443,0
357,123,92,48,239,0
357,255,118,38,144,0
358,430,0,207,466,0
358,120,103,52,230,0
358,295,15,113,461,0
358,255,115,41,141,0
359,428,9,211,458,0
359,117,95,49,238,0
359,272,15,130,464,0
359,366,65,40,237,0
359,255,114,36,161,0
360,258,16,132,454,0
360,439,0,195,480,0
360,114,103,50,231,0
360,367,72,45,211,0
360,288,25,342,397,0
360,445,44,69,341,0
361,248,16,129,454,0
361,111,93,51,244,0
361,458,0,169,480,0
361,365,60,42,240,0
361,339,11,295,445,0
361,433,52,80,378,0
362,109,77,50,258,0
362,233,6,135,469,0
362,477,13,156,466,0
362,360,69,53,228,0
362,432,52,63,298,0
363,103,83,50,248,0
363,213,0,143,476,0
363,441,1,198,436,0
363,358,69,52,223,0
363,419,57,74,296,0
364,396,57,99,302,0
364,98,92,52,245,0
364,187,0,147,476,0
364,358,66,49,222,0
364,319,90,39,182,0
364,516,0,123,447,0
364,148,15,259,427,0
365,378,45,114,320,0
365,91,89,49,238,0
365,146,8,176,456,0
365,354,59,47,227,0
365,308,80,49,195,0
366,379,41,107,315,0
366,109,15,181,450,0
366,84,92,47,242,0
366,354,57,41,232,0
366,303,80,50,189,0
366,27,27,386,399,0
367,369,38,117,326,0
367,68,15,202,464,0
367,301,83,49,186,0
367,348,55,50,227,0
368,360,41,103,316,0
368,37,19,210,458,0
368,293,81,55,193,0
368,234,86,45,181,0
369,345,44,85,313,0
369,214,84,60,185,0
369,286,80,52,188,0
369,8,0,217,480,0
370,203,77,55,197,0
370,327,37,72,320,0
370,276,81,50,194,0
370,3,19,195,450,0
371,267,80,53,190,0
371,195,75,52,204,0
371,310,33,76,339,0
371,4,13,99,383,0
371,376,112,26,130,0
372,186,75,55,209,0
372,283,34,87,334,0
372,258,79,52,191,0
372,1,39,63,353,0
372,360,104,35,132,0
372,595,141,41,45,0
373,250,42,112,327,0
373,175,75,56,214,0
373,250,81,46,169,0
373,351,97,38,140,0
373,0,34,51,333,0
373,242,130,22,107,0
374,225,43,121,334,0
374,162,76,60,216,0
374,345,99,39,141,0
374,0,51,34,324,0
374,584,146,42,42,0
374,241,79,37,166,0
375,217,35,124,346,0
375,152,68,66,231,0
375,344,101,32,137,0
375,579,146,46,41,0
375,330,112,35,133,0
375,303,49,26,241,0
376,209,24,119,359,0
376,142,65,66,240,0
376,342,102,35,141,0
376,291,58,40,208,0
376,325,116,40,137,0
376,580,149,43,41,0
377,135,61,74,254,0
377,206,24,104,361,0
377,287,55,41,236,0
377,330,109,41,146,0
377,582,146,43,44,0
377,340,105,41,140,0
377,325,117,32,136,0
378,126,57,74,258,0
378,196,21,96,366,0
378,323,112,44,146,0
378,342,103,38,144,0
378,285,61,42,236,0
378,582,148,43,43,0
379,323,112,43,147,0
379,128,61,61,253,0
379,158,22,121,383,0
379,344,102,38,148,0
379,282,64,49,239,0
379,585,147,46,48,0
380,125,64,65,257,0
380,144,35,105,355,0
380,323,113,43,152,0
380,286,71,42,239,0
380,348,107,36,145,0
380,242,84,46,200,0
380,234,64,89,237,0
381,135,32,111,366,0
381,238,87,52,199,0
381,287,79,43,224,0
381,327,117,44,151,0
381,121,58,61,272,0
381,341,109,42,154,0
381,122,42,89,321,0
381,235,72,82,227,0
381,351,106,46,153,0
382,131,22,116,393,0
382,237,92,51,198,0
382,330,113,46,159,0
382,283,75,50,219,0
382,357,104,36,161,0
382,116,86,57,248,0
382,229,75,80,221,0
383,102,26,143,387,0
383,239,94,51,199,0
383,332,109,48,163,0
383,284,70,51,238,0
383,357,104,41,163,0
383,602,151,36,54,0
384,91,13,149,417,0
384,285,75,49,225,0
384,240,92,49,200,0
384,333,111,52,166,0
385,76,17,152,412,0
385,242,89,47,197,0
385,286,76,46,228,0
385,330,114,55,166,0
385,208,120,40,146,0
385,359,105,49,166,0
385,343,110,55,166,0
385,614,154,25,49,0
386,56,0,166,440,0
386,284,63,46,241,0
386,328,110,55,172,0
386,206,117,41,153,0
386,359,105,46,168,0
386,242,84,45,194,0
386,616,158,23,46,0
387,43,1,140,424,0
387,326,109,60,178,0
387,279,67,49,230,0
387,361,95,46,180,0
387,204,129,38,136,0
387,237,86,46,189,0
387,148,38,49,344,0
387,99,22,90,393,0
387,54,40,231,382,0
388,322,102,60,186,0
388,122,25,75,355,0
388,40,0,115,440,0
388,236,83,47,197,0
388,276,67,49,224,0
388,360,90,46,185,0
388,200,112,39,154,0
389,26,4,105,440,0
389,319,99,60,187,0
389,107,21,90,368,0
389,232,80,45,202,0
389,361,87,45,188,0
389,271,65,51,230,0
389,64,25,148,381,0
389,196,110,38,150,0
389,40,45,307,351,0
390,6,2,108,451,0
390,101,15,93,379,0
390,318,93,57,196,0
390,359,85,46,192,0
390,267,66,50,227,0
390,224,86,46,188,0
390,32,28,282,393,0
390,189,112,40,153,0
390,12,11,196,407,0
390,336,93,57,189,0
391,315,89,56,201,0
391,358,84,50,197,0
391,0,2,95,447,0
391,92,8,100,406,0
391,224,86,47,200,0
391,263,63,52,232,0
391,0,29,389,385,0
391,185,109,39,160,0
392,316,89,58,209,0
392,356,81,58,205,0
392,76,0,116,440,0
392,0,21,86,432,0
392,224,87,45,195,0
392,265,65,45,230,0
392,178,110,39,164,0
392,340,87,54,207,0
392,49,24,194,404,0
392,208,109,24,159,0
392,6,39,325,329,0
393,357,78,59,212,0
393,68,0,121,421,0
393,315,89,59,214,0
393,264,66,48,229,0
393,0,6,73,454,0
393,229,82,40,200,0
393,0,27,352,388,0
393,176,110,40,163,0
393,204,107,41,163,0
393,338,84,49,215,0
393,216,94,40,183,0
393,53,24,183,347,0
394,315,91,64,224,0
394,359,80,61,210,0
394,63,5,118,433,0
394,264,65,51,234,0
394,230,83,37,196,0
394,0,40,61,424,0
394,202,111,41,164,0
394,174,111,36,166,0
394,185,113,48,162,0
394,324,83,88,224,0
395,47,4,135,442,0
395,315,92,67,227,0
395,359,73,67,221,0
395,230,85,40,195,0
395,266,57,48,246,0
395,326,86,86,221,0
395,197,108,47,167,0
395,216,92,42,188,0
395,168,97,35,192,0
395,0,33,339,384,0
396,322,92,69,230,0
396,371,81,55,209,0
396,271,60,46,245,0
396,36,4,146,452,0
396,231,83,47,206,0
396,200,110,45,171,0
396,336,81,78,233,0
396,174,117,35,165,0
396,0,203,40,275,0
396,2,34,279,393,0
397,29,9,168,463,0
397,328,81,71,244,0
397,382,73,51,225,0
397,275,69,51,231,0
397,238,85,46,195,0
397,203,112,47,172,0
397,177,108,33,145,0
398,12,0,188,461,0
398,334,82,75,246,0
398,388,67,55,248,0
398,285,69,46,237,0
398,199,113,55,176,0
398,246,85,43,206,0
398,357,74,79,250,0
399,337,83,84,258,0
399,391,70,62,266,0
399,0,6,197,450,0
399,289,73,50,238,0
399,206,116,52,181,0
399,250,92,47,199,0
399,289,89,150,245,0
400,337,87,86,265,0
400,400,69,62,273,0
400,0,11,203,443,0
400,294,77,45,237,0
400,204,119,55,183,0
400,252,99,48,194,0
400,292,90,153,256,0
401,0,27,201,437,0
401,341,87,92,275,0
401,297,77,44,244,0
401,407,80,59,267,0
401,256,98,45,199,0
401,209,120,50,183,0
401,376,83,84,274,0
401,303,91,152,263,0
402,341,89,95,289,0
402,3,22,185,457,0
402,411,68,65,291,0
402,300,83,46,239,0
402,260,97,46,198,0
402,209,120,53,194,0
402,381,78,85,286,0
403,343,83,101,300,0
403,418,73,66,287,0
403,0,0,193,480,0
403,213,119,49,196,0
403,263,101,46,197,0
403,298,81,52,236,0
403,174,111,55,163,0
404,346,72,106,322,0
404,0,11,176,468,0
404,423,66,69,304,0
404,208,118,57,198,0
404,264,101,46,194,0
404,301,74,52,252,0
404,166,105,63,157,0
405,353,66,99,330,0
405,0,6,167,473,0
405,425,53,80,320,0
405,266,98,44,199,0
405,210,117,54,206,0
405,300,76,53,235,0
405,167,105,62,217,0
405,182,112,71,209,0
405,0,42,260,357,0
406,429,55,89,327,0
406,166,102,62,226,0
406,357,57,99,351,0
406,114,57,52,307,0
406,301,80,51,228,0
406,2,13,153,466,0
406,264,101,47,190,0
406,211,115,53,209,0
406,179,109,67,218,0
406,395,56,93,338,0
406,0,58,253,331,0
407,362,57,102,357,0
407,435,53,95,335,0
407,161,99,66,231,0
407,209,116,55,209,0
407,261,99,49,191,0
407,303,78,50,233,0
407,86,30,78,346,0
407,0,0,109,461,0
407,178,105,67,228,0
407,383,49,129,357,0
407,35,32,135,380,0
407,249,115,23,116,0
407,32,47,226,324,0
408,363,55,106,388,0
408,73,25,89,357,0
408,440,56,96,350,0
408,155,98,66,240,0
408,263,99,45,194,0
408,210,111,56,221,0
408,305,78,48,235,0
408,379,52,139,370,0
408,353,138,28,103,0
409,372,51,106,410,0
409,65,18,91,380,0
409,206,108,56,227,0
409,259,99,49,199,0
409,439,44,106,386,0
409,304,79,48,234,0
409,152,96,65,248,0
409,351,141,31,105,0
409,165,100,89,243,0
409,414,48,102,393,0
410,58,14,98,415,0
410,452,36,90,372,0
410,369,42,116,430,0
410,204,111,58,220,0
410,145,100,66,247,0
410,256,99,51,199,0
410,303,75,45,241,0
410,352,137,32,111,0
410,309,47,210,399,0
410,408,30,156,396,0
411,202,106,57,232,0
411,46,11,103,428,0
411,380,33,114,435,0
411,138,97,71,258,0
411,256,100,48,192,0
411,301,78,48,239,0
411,455,19,104,405,0
411,351,136,37,112,0
411,331,42,193,407,0
412,36,9,107,454,0
412,133,104,70,255,0
412,199,103,61,241,0
412,462,15,90,417,0
412,255,96,51,196,0
412,374,23,132,449,0
412,301,78,51,232,0
412,353,135,37,112,0
412,422,3,151,443,0
412,25,48,195,364,0
412,309,40,238,406,0
412,172,39,407,388,0
412,436,25,91,436,0
413,198,99,61,249,0
413,371,25,166,451,0
413,130,101,70,258,0
413,27,7,109,462,0
413,252,97,55,191,0
413,472,13,96,463,0
413,303,76,51,231,0
413,356,137,37,113,0
413,21,37,175,399,0
413,457,32,81,436,0
414,368,17,186,462,0
414,17,6,119,467,0
414,122,93,75,270,0
414,196,100,62,256,0
414,253,96,55,193,0
414,302,73,54,231,0
414,355,133,39,116,0
414,490,7,101,441,0
415,369,22,224,449,0
415,10,7,121,457,0
415,122,96,76,270,0
415,253,96,58,196,0
415,196,106,63,252,0
415,304,79,57,225,0
415,506,7,87,367,0
415,359,134,36,116,0
415,510,90,81,189,0
416,374,14,232,457,0
416,124,92,75,281,0
416,255,99,57,195,0
416,2,0,135,480,0
416,192,101,68,267,0
416,310,75,53,230,0
416,524,1,98,235,0
416,362,133,36,119,0
416,482,8,136,388,0
417,373,14,258,452,0
417,258,100,55,193,0
417,191,101,70,271,0
417,1,17,143,455,0
417,554,5,85,198,0
417,314,75,55,231,0
417,124,82,72,306,0
417,369,131,37,120,0
418,392,26,237,430,0
418,190,104,73,274,0
418,260,104,61,194,0
418,117,90,82,300,0
418,319,80,53,224,0
418,0,11,148,451,0
418,372,134,33,121,0
419,404,1,235,461,0
419,0,21,148,439,0
419,194,100,75,279,0
419,120,80,83,327,0
419,269,104,57,191,0
419,322,77,55,229,0
419,379,135,35,124,0
420,193,96,80,284,0
420,455,0,181,479,0
420,272,99,54,200,0
420,120,88,89,322,0
420,0,0,138,480,0
420,327,75,50,234,0
420,381,133,35,123,0
420,456,103,50,166,0
421,461,105,72,282,0
421,1,0,142,466,0
421,192,88,86,306,0
421,504,0,135,479,0
421,332,86,51,221,0
421,273,96,60,201,0
421,389,125,30,132,0
421,125,56,86,385,0
421,0,39,224,410,0
421,213,64,426,324,0
421,116,76,93,142,0
422,468,92,88,319,0
422,194,87,82,314,0
422,0,8,132,451,0
422,280,94,59,197,0
422,334,75,54,227,0
422,392,127,35,128,0
422,119,42,96,394,0
422,11,41,214,393,0
422,254,96,30,154,0
423,283,89,59,204,0
423,0,20,121,443,0
423,190,72,89,345,0
423,476,86,91,342,0
423,337,73,50,230,0
423,109,47,114,389,0
423,394,127,36,127,0
423,27,40,208,399,0
423,253,92,34,158,0
424,487,83,88,342,0
424,283,84,57,203,0
424,188,73,95,352,0
424,335,70,52,228,0
424,103,50,101,385,0
424,0,0,102,480,0
424,396,124,35,127,0
424,30,35,189,426,0
425,282,84,57,202,0
425,92,42,114,394,0
425,495,85,93,348,0
425,187,64,93,367,0
425,334,67,53,227,0
425,394,116,37,132,0
425,4,11,60,439,0
425,248,86,38,136,0
426,281,78,59,205,0
426,186,56,92,370,0
426,84,16,127,436,0
426,503,65,101,389,0
426,333,62,54,227,0
426,393,116,37,128,0
427,74,23,118,436,0
427,332,64,53,221,0
427,509,62,104,403,0
427,279,79,57,199,0
427,180,48,103,390,0
427,392,116,38,127,0
428,61,22,127,438,0
428,274,76,61,199,0
428,172,34,108,409,0
428,510,54,113,423,0
428,329,63,54,220,0
428,389,107,39,135,0
429,41,18,127,431,0
429,271,75,60,197,0
429,157,29,126,422,0
429,327,55,54,226,0
429,513,41,121,438,0
429,387,103,38,136,0
429,31,10,212,451,0
430,270,72,55,198,0
430,149,15,130,445,0
430,324,55,55,227,0
430,386,99,37,140,0
430,513,29,126,441,0
430,29,2,126,459,0
431,269,68,58,196,0
431,142,7,133,458,0
431,5,9,147,455,0
431,323,54,55,226,0
431,385,100,37,136,0
431,533,8,105,470,0
432,3,3,139,470,0
432,266,65,59,198,0
432,130,0,143,477,0
432,326,55,53,220,0
432,541,0,98,480,0
432,386,97,38,138,0
432,259,59,92,213,0
433,124,0,143,464,0
433,1,5,126,470,0
433,265,60,60,201,0
433,328,51,52,223,0
433,557,14,81,465,0
433,389,96,38,138,0
434,266,67,59,203,0
434,112,5,149,466,0
434,0,13,107,463,0
434,326,50,58,225,0
434,574,60,65,419,0
434,389,97,40,140,0
435,261,66,63,209,0
435,0,17,91,462,0
435,86,3,167,472,0
435,328,48,53,226,0
435,212,61,49,171,0
435,389,94,40,144,0
436,260,72,65,203,0
436,69,5,176,463,0
436,208,65,53,217,0
436,329,55,53,222,0
436,1,46,80,433,0
436,390,96,39,147,0
436,205,40,46,349,0
436,26,62,47,405,0
437,265,75,58,202,0
437,204,67,56,210,0
437,27,9,207,463,0
437,396,99,35,149,0
437,331,66,52,215,0
437,3,65,80,411,0
437,32,62,38,393,0
438,201,64,57,215,0
438,270,77,56,202,0
438,14,11,203,456,0
438,395,96,36,154,0
438,331,56,53,227,0
439,269,77,57,203,0
439,195,67,63,219,0
439,0,21,204,419,0
439,395,93,38,155,0
439,327,56,53,226,0
440,186,70,74,219,0
440,266,76,58,200,0
440,327,60,50,224,0
440,396,93,37,157,0
440,0,22,197,432,0
440,178,74,180,204,0
440,397,313,40,88,0
441,173,63,78,231,0
441,265,72,60,201,0
441,327,60,47,225,0
441,0,5,179,474,0
441,396,81,37,175,0
441,146,70,223,208,0
442,168,66,86,233,0
442,263,71,63,203,0
442,0,0,151,473,0
442,397,91,38,159,0
442,322,59,48,225,0
443,160,59,77,248,0
443,393,88,42,161,0
443,259,71,66,201,0
443,0,5,127,468,0
443,319,56,49,227,0
443,220,91,37,155,0
444,256,71,64,204,0
444,149,58,80,248,0
444,393,96,41,155,0
444,313,54,51,223,0
444,212,97,43,153,0
445,134,50,91,261,0
445,246,75,66,202,0
445,387,92,40,162,0
445,304,60,54,220,0
446,115,39,98,278,0
446,237,77,63,202,0
446,298,58,53,225,0
446,380,96,42,159,0
447,229,75,65,210,0
447,99,40,101,288,0
447,371,97,40,164,0
447,291,56,55,231,0
447,169,93,50,188,0
448,368,100,44,162,0
448,93,45,87,286,0
448,217,77,67,207,0
448,282,61,57,230,0
448,162,86,46,202,0
449,219,80,62,208,0
449,366,100,44,167,0
449,75,38,103,308,0
449,284,65,51,230,0
449,158,85,47,200,0
450,218,78,64,205,0
450,367,101,44,166,0
450,78,52,93,286,0
450,283,66,52,231,0
450,68,21,109,180,0
450,153,79,48,225,0
450,96,102,66,256,0
450,160,90,50,182,0
