1,446,186,57,159,0
1,488,192,48,150,0
1,192,195,36,116,0
1,146,202,41,117,0
1,560,191,31,74,0
1,308,220,19,40,0
2,446,187,60,161,0
2,146,201,42,118,0
2,193,195,39,116,0
2,559,190,32,76,0
2,471,193,55,153,0
2,487,197,48,145,0
2,308,223,18,35,0
3,453,183,58,165,0
3,192,195,37,117,0
3,145,202,42,118,0
3,502,187,35,153,0
3,559,188,32,79,0
3,136,198,78,119,0
3,308,223,18,36,0
4,460,180,51,170,0
4,146,201,43,121,0
4,192,194,36,119,0
4,500,191,38,153,0
4,559,190,31,73,0
4,221,201,21,65,0
4,308,223,18,36,0
5,471,181,49,168,0
5,146,201,46,122,0
5,192,194,36,119,0
5,500,189,42,156,0
5,561,191,31,73,0
5,461,193,20,56,0
5,137,197,79,121,0
5,222,204,20,64,0
6,145,197,47,127,0
6,193,194,35,119,0
6,477,180,45,171,0
6,555,190,37,74,0
6,513,190,34,150,0
6,463,190,20,60,0
6,222,202,20,64,0
6,496,185,40,161,0
7,145,197,47,126,0
7,192,194,35,118,0
7,481,178,52,177,0
7,515,191,50,162,0
7,220,200,22,67,0
7,562,190,32,74,0
7,244,210,12,45,0
8,147,197,43,128,0
8,488,181,50,173,0
8,520,193,61,164,0
8,193,194,36,118,0
8,138,195,76,126,0
8,222,201,20,65,0
8,562,190,33,65,0
8,306,224,17,34,0
9,515,188,69,168,0
9,148,201,43,124,0
9,489,180,64,176,0
9,192,193,35,119,0
9,222,202,22,65,0
9,564,190,32,66,0
9,360,210,17,53,0
9,141,200,75,121,0
10,489,184,73,175,0
10,151,202,42,122,0
10,194,195,38,117,0
10,532,201,60,156,0
10,223,201,20,65,0
11,492,179,72,183,0
11,152,200,40,124,0
11,194,196,38,116,0
11,542,196,51,163,0
12,492,181,76,181,0
12,153,198,42,125,0
12,195,196,38,116,0
12,552,181,39,173,0
13,502,174,69,190,0
13,153,198,43,126,0
13,555,171,42,187,0
13,195,195,38,117,0
13,481,202,17,45,0
13,419,198,13,43,0
14,512,178,65,187,0
14,157,198,38,126,0
14,562,180,42,173,0
14,197,193,35,120,0
14,478,194,19,53,0
15,525,172,56,195,0
15,157,199,39,127,0
15,562,181,58,178,0
15,196,194,35,121,0
15,480,192,18,56,0
16,158,198,37,127,0
16,567,191,72,169,0
16,535,178,56,188,0
16,197,193,37,120,0
16,544,181,75,183,0
16,483,192,16,55,0
17,537,174,63,200,0
17,158,200,37,127,0
17,198,195,38,116,0
17,485,192,14,54,0
17,419,198,13,43,0
17,489,193,16,52,0
17,149,199,81,123,0
18,540,175,84,204,0
18,154,198,43,130,0
18,489,194,15,52,0
18,198,195,38,116,0
18,419,198,14,43,0
18,305,221,19,37,0
19,541,181,92,199,0
19,156,199,43,129,0
19,489,194,15,53,0
19,199,195,39,119,0
19,419,196,14,44,0
19,232,202,18,64,0
20,543,180,92,206,0
20,156,199,42,130,0
20,201,193,35,120,0
20,490,193,16,54,0
20,419,196,14,45,0
21,549,177,80,205,0
21,156,199,42,132,0
21,202,193,35,118,0
21,491,193,18,54,0
21,421,193,14,47,0
21,556,196,23,66,0
22,556,179,79,206,0
22,157,200,40,133,0
22,202,198,32,108,0
22,492,193,17,55,0
23,570,173,66,211,0
23,156,200,42,135,0
23,202,192,36,108,0
23,560,193,25,70,0
24,154,196,45,138,0
24,202,193,39,120,0
24,589,170,49,217,0
24,561,191,31,75,0
24,502,196,14,48,0
25,155,197,43,138,0
25,202,193,41,119,0
25,600,179,37,211,0
25,501,197,14,48,0
25,426,193,14,47,0
25,560,192,30,70,0
26,154,196,45,138,0
26,203,194,37,118,0
26,601,175,37,213,0
26,562,192,32,77,0
27,154,197,45,137,0
27,205,195,35,115,0
27,602,186,35,199,0
27,501,199,19,47,0
27,561,193,28,68,0
28,154,197,45,137,0
28,205,194,37,118,0
28,606,174,32,212,0
28,561,192,28,69,0
28,503,198,18,48,0
28,427,189,13,50,0
28,234,205,22,88,0
29,156,197,44,138,0
29,205,195,35,115,0
29,560,192,31,69,0
29,506,202,15,44,0
29,427,192,14,47,0
29,608,207,31,193,0
30,159,199,43,137,0
30,207,197,36,114,0
30,560,191,31,72,0
30,427,191,14,48,0
31,160,197,50,141,0
31,205,196,37,115,0
31,562,190,30,77,0
31,233,202,24,92,0
31,508,203,14,43,0
32,161,198,51,139,0
32,203,196,35,120,0
32,560,189,32,76,0
32,427,191,13,48,0
32,233,204,24,93,0
33,162,196,52,142,0
33,203,195,34,123,0
33,558,189,33,73,0
33,232,200,25,97,0
33,209,198,42,113,0
34,162,199,52,141,0
34,202,194,35,126,0
34,234,201,25,97,0
34,559,189,32,74,0
34,512,197,14,48,0
34,428,191,13,48,0
35,165,196,50,144,0
35,205,195,33,124,0
35,236,202,25,95,0
35,560,190,32,75,0
35,427,190,13,49,0
36,165,195,53,148,0
36,204,194,32,125,0
36,561,190,31,74,0
36,236,202,24,96,0
36,427,190,13,48,0
37,167,197,52,144,0
37,206,196,29,124,0
37,236,201,29,97,0
37,560,192,29,68,0
38,169,197,50,142,0
38,208,194,29,126,0
38,560,192,29,71,0
38,237,203,28,94,0
38,426,191,14,48,0
39,172,197,47,143,0
39,207,192,28,127,0
39,238,203,30,96,0
39,560,191,30,71,0
39,185,196,45,136,0
39,419,198,15,42,0
40,173,198,44,141,0
40,210,197,26,124,0
40,237,201,34,98,0
40,561,190,30,72,0
40,426,193,14,46,0
40,420,198,15,43,0
41,174,197,45,144,0
41,238,201,35,97,0
41,562,191,30,72,0
41,212,198,25,127,0
41,426,193,13,46,0
41,421,197,14,43,0
42,177,196,42,147,0
42,238,198,34,101,0
42,562,190,32,78,0
42,426,194,13,44,0
42,421,198,14,42,0
42,205,197,39,131,0
43,169,198,43,139,0
43,238,196,36,103,0
43,188,196,44,139,0
43,427,194,13,44,0
43,561,191,30,73,0
43,202,197,41,131,0
43,421,198,14,42,0
44,167,202,43,135,0
44,239,200,35,99,0
44,188,196,45,137,0
44,424,197,13,43,0
44,562,192,30,71,0
44,359,208,17,54,0
45,242,198,32,100,0
45,170,200,37,137,0
45,189,197,42,141,0
45,561,191,30,75,0
45,359,208,18,54,0
45,426,193,13,46,0
45,212,196,43,122,0
46,186,200,43,145,0
46,245,201,29,96,0
46,172,199,35,141,0
46,563,191,28,77,0
46,217,198,28,129,0
46,425,194,14,45,0
46,359,207,19,55,0
46,420,198,15,43,0
47,183,198,45,148,0
47,246,199,28,100,0
47,172,199,36,143,0
47,215,195,39,130,0
47,562,191,29,75,0
47,359,207,18,53,0
47,420,199,15,41,0
47,426,195,13,43,0
48,182,198,45,154,0
48,250,198,31,101,0
48,216,194,38,132,0
48,562,192,30,73,0
48,170,197,39,149,0
48,427,192,13,46,0
48,358,209,18,52,0
49,181,197,46,154,0
49,250,197,33,103,0
49,215,193,34,135,0
49,562,191,30,76,0
49,427,192,13,47,0
50,181,197,46,154,0
50,217,192,34,134,0
50,251,201,33,96,0
50,562,191,32,77,0
50,171,195,40,149,0
51,182,196,46,155,0
51,217,195,33,132,0
51,252,201,33,94,0
51,560,191,33,73,0
51,361,199,17,60,0
51,420,197,14,43,0
52,181,195,47,158,0
52,217,193,35,137,0
52,251,199,33,102,0
52,561,192,31,73,0
52,420,200,13,41,0
52,359,200,18,61,0
52,336,199,14,30,0
53,179,195,48,158,0
53,219,194,38,135,0
53,252,199,34,105,0
53,420,200,13,41,0
53,561,191,31,74,0
53,359,205,17,56,0
54,179,195,50,159,0
54,219,192,34,139,0
54,252,199,35,101,0
54,563,191,31,76,0
54,419,199,12,42,0
54,169,198,44,148,0
54,359,203,17,57,0
55,181,194,49,160,0
55,220,193,41,138,0
55,251,201,34,100,0
55,418,200,13,42,0
55,562,192,30,72,0
55,359,202,17,58,0
56,185,197,46,160,0
56,221,195,42,133,0
56,417,199,14,42,0
56,252,197,37,108,0
56,561,192,31,73,0
57,181,193,52,167,0
57,224,194,37,137,0
57,418,200,13,42,0
57,561,192,30,69,0
57,252,200,33,104,0
58,183,193,50,166,0
58,225,194,37,137,0
58,417,199,13,42,0
58,560,190,32,73,0
58,253,202,33,104,0
59,180,193,54,171,0
59,226,195,35,138,0
59,561,192,31,70,0
59,252,199,40,110,0
59,413,198,14,42,0
60,182,195,53,172,0
60,226,196,35,136,0
60,261,199,33,110,0
60,562,192,30,71,0
61,181,196,55,171,0
61,226,194,36,139,0
61,259,201,37,109,0
61,561,191,31,75,0
62,182,197,54,173,0
62,260,201,37,112,0
62,227,191,35,147,0
62,560,189,32,75,0
63,183,197,55,173,0
63,264,200,36,111,0
63,228,190,34,145,0
63,561,189,32,77,0
63,409,202,14,41,0
64,181,194,58,177,0
64,263,200,37,112,0
64,227,190,35,146,0
64,561,192,30,71,0
64,407,204,16,38,0
65,185,194,55,177,0
65,228,189,34,149,0
65,262,199,40,113,0
65,407,205,15,38,0
65,561,191,31,74,0
65,361,206,18,56,0
66,186,191,55,178,0
66,264,199,38,112,0
66,229,188,38,148,0
66,561,190,32,79,0
66,407,204,15,39,0
67,189,190,53,179,0
67,231,187,37,150,0
67,262,201,37,111,0
67,561,191,32,74,0
67,407,203,14,40,0
68,188,192,54,182,0
68,231,188,37,147,0
68,264,198,37,112,0
68,560,191,31,71,0
68,406,201,14,42,0
69,187,192,56,186,0
69,232,188,37,148,0
69,266,200,41,112,0
69,560,191,32,72,0
69,405,201,13,42,0
70,187,190,57,188,0
70,233,189,38,148,0
70,268,201,40,112,0
70,404,199,13,43,0
70,561,189,32,75,0
71,187,190,57,186,0
71,234,190,40,149,0
71,560,189,34,74,0
71,272,197,35,118,0
71,403,198,13,43,0
72,188,192,57,194,0
72,233,191,48,147,0
72,275,199,31,116,0
72,560,190,33,76,0
73,188,193,57,194,0
73,235,191,50,148,0
73,272,199,30,117,0
73,561,191,31,73,0
73,159,201,17,50,0
74,184,193,60,197,0
74,236,191,47,150,0
74,295,204,27,94,0
74,560,190,32,77,0
74,403,201,11,42,0
74,276,206,29,112,0
75,182,192,60,202,0
75,236,192,47,149,0
75,298,206,25,93,0
75,402,202,13,41,0
75,278,204,38,105,0
75,560,191,31,72,0
76,180,187,61,208,0
76,237,191,48,150,0
76,298,204,26,93,0
76,276,203,32,116,0
76,560,190,31,74,0
76,403,201,13,41,0
77,179,187,60,205,0
77,236,191,49,150,0
77,298,201,25,98,0
77,284,201,33,109,0
77,278,199,31,121,0
77,560,190,30,73,0
77,402,201,13,42,0
77,398,202,14,41,0
78,176,190,64,200,0
78,239,190,50,150,0
78,290,198,35,110,0
78,281,198,35,118,0
78,560,189,32,75,0
78,397,199,14,43,0
79,176,189,60,201,0
79,242,190,48,150,0
79,283,191,39,126,0
79,560,191,30,73,0
79,396,201,14,41,0
80,175,187,58,208,0
80,245,191,43,152,0
80,280,199,40,123,0
80,559,190,32,77,0
80,234,194,40,146,0
81,177,186,58,210,0
81,246,190,41,154,0
81,282,197,36,126,0
81,304,198,32,114,0
81,223,194,24,154,0
81,559,190,30,75,0
81,230,195,40,149,0
82,177,187,62,211,0
82,307,197,27,114,0
82,248,190,43,155,0
82,282,198,30,128,0
82,224,193,24,160,0
82,559,189,33,79,0
82,290,198,38,123,0
82,392,199,14,42,0
82,397,199,12,41,0
83,176,186,67,220,0
83,248,190,44,156,0
83,308,196,26,118,0
83,285,199,35,127,0
83,390,201,14,40,0
83,396,201,13,39,0
83,561,190,31,73,0
83,225,192,23,159,0
84,178,187,69,211,0
84,250,190,44,156,0
84,302,196,36,118,0
84,288,199,39,128,0
84,390,201,12,40,0
84,561,189,30,74,0
84,223,194,24,160,0
84,386,201,13,40,0
85,176,188,75,215,0
85,251,193,44,155,0
85,288,201,39,124,0
85,311,198,25,108,0
85,388,200,16,42,0
85,561,189,31,74,0
86,180,184,79,221,0
86,249,190,49,159,0
86,290,197,41,131,0
86,386,200,18,42,0
86,318,197,30,108,0
86,560,189,32,81,0
87,182,187,80,221,0
87,250,190,48,160,0
87,320,196,29,111,0
87,292,198,39,128,0
87,386,198,19,43,0
87,560,190,31,77,0
87,300,195,42,124,0
88,185,189,77,217,0
88,254,191,45,157,0
88,292,199,43,127,0
88,321,195,26,114,0
88,387,200,18,42,0
88,560,191,30,74,0
89,188,189,73,216,0
89,257,192,41,160,0
89,295,199,42,127,0
89,323,190,25,119,0
89,560,191,30,73,0
89,390,197,15,46,0
90,190,182,73,228,0
90,299,199,38,129,0
90,258,189,41,164,0
90,388,196,17,46,0
90,326,200,24,106,0
90,559,191,31,72,0
90,318,199,39,113,0
91,191,186,72,219,0
91,260,189,42,165,0
91,301,199,36,130,0
91,327,202,39,106,0
91,388,196,15,46,0
91,559,191,31,70,0
91,325,201,24,107,0
92,197,186,68,222,0
92,260,190,45,164,0
92,304,197,35,133,0
92,328,199,38,115,0
92,387,198,14,43,0
92,559,191,30,70,0
93,202,186,63,220,0
93,261,191,44,162,0
93,387,199,17,42,0
93,332,200,31,113,0
93,558,191,30,68,0
93,306,196,35,132,0
93,319,197,39,126,0
94,201,187,67,220,0
94,263,191,44,161,0
94,332,200,30,112,0
94,304,201,43,125,0
94,559,191,31,69,0
94,389,198,16,44,0
94,318,199,39,120,0
95,204,187,68,226,0
95,267,192,42,159,0
95,311,198,43,134,0
95,330,195,36,125,0
95,559,191,32,72,0
95,387,198,19,45,0
95,189,203,19,70,0
96,207,191,62,229,0
96,312,202,43,131,0
96,267,192,43,158,0
96,329,201,38,116,0
96,189,202,20,70,0
96,559,191,31,72,0
96,387,199,16,43,0
96,340,204,25,104,0
97,209,193,62,236,0
97,268,193,45,160,0
97,315,202,42,134,0
97,188,202,22,70,0
97,325,199,44,127,0
97,387,198,16,44,0
97,560,189,30,78,0
98,270,190,49,166,0
98,208,189,64,242,0
98,315,194,47,141,0
98,189,201,23,71,0
98,343,193,36,125,0
98,560,191,30,74,0
98,330,193,42,135,0
98,388,196,15,46,0
99,270,190,51,165,0
99,319,198,45,137,0
99,209,190,65,235,0
99,188,201,23,72,0
99,341,200,39,119,0
99,560,190,30,76,0
99,388,197,14,46,0
100,325,200,39,138,0
100,271,189,55,166,0
100,209,193,68,233,0
100,189,200,24,73,0
100,389,197,17,46,0
100,345,198,36,123,0
100,560,189,31,77,0
101,214,183,68,239,0
101,272,190,54,166,0
101,328,195,36,143,0
101,189,201,26,71,0
101,349,189,36,132,0
101,389,198,15,43,0
101,560,191,30,75,0
102,216,182,70,247,0
102,273,192,57,168,0
102,190,203,25,70,0
102,329,195,39,143,0
102,338,192,42,143,0
102,348,191,38,135,0
102,560,190,31,79,0
103,218,185,66,247,0
103,275,190,56,168,0
103,333,194,41,145,0
103,191,204,25,70,0
103,349,194,39,135,0
103,560,191,30,72,0
104,278,190,54,167,0
104,337,198,41,142,0
104,192,199,25,77,0
104,221,178,65,260,0
104,349,196,37,137,0
104,560,191,31,71,0
105,337,199,51,140,0
105,280,189,54,170,0
105,192,197,25,79,0
105,218,184,71,248,0
105,560,191,31,70,0
105,359,197,29,124,0
105,397,200,14,43,0
106,340,197,54,143,0
106,283,188,53,168,0
106,193,195,25,80,0
106,224,180,63,247,0
106,559,191,31,73,0
106,396,198,16,45,0
107,340,200,58,139,0
107,290,189,48,170,0
107,227,169,63,268,0
107,194,197,25,79,0
107,559,190,33,74,0
107,367,196,30,123,0
108,341,199,55,143,0
108,294,188,45,173,0
108,230,172,64,267,0
108,197,202,22,73,0
108,369,194,28,123,0
108,558,191,32,71,0
109,295,188,46,177,0
109,345,196,56,147,0
109,228,174,71,261,0
109,197,203,21,72,0
109,560,191,28,70,0
110,349,192,51,149,0
110,231,183,74,251,0
110,298,188,46,178,0
110,198,204,21,71,0
110,559,192,29,70,0
111,357,188,46,155,0
111,233,182,87,254,0
111,299,188,50,177,0
111,199,203,22,73,0
111,560,192,29,71,0
111,166,202,15,44,0
112,300,189,49,175,0
112,364,193,38,150,0
112,244,182,87,259,0
112,379,190,32,139,0
112,201,206,24,71,0
112,560,191,30,71,0
112,168,200,16,47,0
113,244,187,96,257,0
113,369,191,37,152,0
113,301,190,50,177,0
113,200,204,22,75,0
113,560,191,29,74,0
113,277,188,75,219,0
114,248,190,99,257,0
114,302,190,49,181,0
114,372,195,38,152,0
114,559,190,31,74,0
114,200,201,22,79,0
115,251,193,98,250,0
115,374,195,39,154,0
115,301,187,50,187,0
115,280,187,76,220,0
115,559,190,30,75,0
115,203,204,25,75,0
115,399,186,22,81,0
116,376,192,45,156,0
116,257,192,95,249,0
116,306,187,45,187,0
116,289,191,58,223,0
116,204,205,24,74,0
116,560,191,28,70,0
116,401,188,21,92,0
117,376,190,50,161,0
117,258,183,95,261,0
117,308,187,45,191,0
117,205,207,24,71,0
117,561,191,28,71,0
117,238,188,58,204,0
117,139,210,19,42,0
118,377,193,56,160,0
118,258,178,96,264,0
118,314,185,42,186,0
118,560,190,30,72,0
118,242,188,52,208,0
118,249,190,67,228,0
118,205,205,23,73,0
119,378,193,52,157,0
119,260,197,85,239,0
119,560,190,28,72,0
119,206,209,23,69,0
119,299,191,50,220,0
119,313,189,43,192,0
119,164,202,15,45,0
120,265,191,86,246,0
120,384,191,50,164,0
120,207,206,22,73,0
120,559,190,30,75,0
120,244,198,45,179,0
120,315,184,44,191,0
120,167,201,13,47,0
121,392,191,46,165,0
121,274,195,80,242,0
121,246,196,48,190,0
121,207,204,23,75,0
121,559,190,29,72,0
122,283,189,76,252,0
122,398,190,39,164,0
122,246,197,50,186,0
122,208,205,25,74,0
122,559,190,30,71,0
123,402,190,40,164,0
123,286,173,78,265,0
123,248,196,51,187,0
123,208,204,25,75,0
123,559,190,30,74,0
124,403,190,45,169,0
124,255,197,51,192,0
124,209,205,26,76,0
124,290,171,77,278,0
124,559,189,31,75,0
124,140,210,13,41,0
125,402,192,60,169,0
125,254,192,58,197,0
125,299,166,66,294,0
125,211,205,25,76,0
125,270,187,87,253,0
125,559,189,31,77,0
125,140,211,12,40,0
126,406,190,66,170,0
126,258,194,55,195,0
126,303,162,68,294,0
126,213,204,26,77,0
126,614,227,24,119,0
126,561,190,28,74,0
126,139,210,13,41,0
127,407,188,69,172,0
127,304,179,73,277,0
127,263,196,51,192,0
127,607,176,30,159,0
127,216,202,25,77,0
127,560,190,29,74,0
128,407,191,70,170,0
128,310,185,70,273,0
128,264,194,49,196,0
128,604,184,35,160,0
128,217,203,25,78,0
128,560,190,29,76,0
128,138,210,12,42,0
129,411,195,66,167,0
129,598,181,41,164,0
129,310,182,76,275,0
129,266,195,50,203,0
129,217,201,25,77,0
129,559,189,30,76,0
130,418,191,61,172,0
130,314,178,73,279,0
130,585,184,54,159,0
130,267,194,49,207,0
130,219,199,26,81,0
130,165,202,14,43,0
131,560,181,77,159,0
131,432,186,54,173,0
131,315,181,69,282,0
131,269,195,49,211,0
131,219,198,26,82,0
131,126,211,25,41,0
132,556,182,82,158,0
132,442,188,45,178,0
132,314,178,72,284,0
132,271,195,49,207,0
132,219,202,26,80,0
132,165,203,14,41,0
133,548,188,88,152,0
133,450,190,42,175,0
133,272,196,49,210,0
133,313,194,77,268,0
133,221,200,23,83,0
134,450,188,48,180,0
134,553,186,63,151,0
134,267,196,53,211,0
134,314,181,72,284,0
134,221,202,26,83,0
135,452,186,61,188,0
135,551,182,48,151,0
135,317,178,79,283,0
135,265,194,57,213,0
135,221,202,29,76,0
136,453,189,67,185,0
136,319,181,80,277,0
136,547,184,38,148,0
136,266,192,56,217,0
136,223,200,32,78,0
137,456,191,67,186,0
137,537,186,37,145,0
137,322,181,71,279,0
137,266,192,58,214,0
137,224,203,31,73,0
138,458,190,67,187,0
138,521,190,53,138,0
138,323,179,67,281,0
138,267,193,57,214,0
138,127,204,19,47,0
138,229,203,28,73,0
139,469,188,61,188,0
139,515,200,57,127,0
139,326,180,68,279,0
139,268,190,57,216,0
139,127,204,19,48,0
139,231,205,28,77,0
140,480,184,51,195,0
140,270,193,57,214,0
140,328,175,67,286,0
140,520,193,50,138,0
140,127,204,19,48,0
140,559,189,32,75,0
141,272,191,58,218,0
141,485,178,58,195,0
141,331,173,66,286,0
141,127,203,19,51,0
141,559,189,32,76,0
141,238,203,26,78,0
141,166,202,14,40,0
142,490,185,52,190,0
142,273,191,63,216,0
142,327,176,62,285,0
142,238,200,30,85,0
142,127,204,19,51,0
142,559,190,32,72,0
142,124,204,17,51,0
142,447,196,13,46,0
142,451,197,13,46,0
143,494,184,54,197,0
143,274,189,66,219,0
143,327,179,64,286,0
143,240,199,29,87,0
143,559,190,33,76,0
143,128,204,17,49,0
143,125,204,16,50,0
144,498,194,72,188,0
144,275,190,65,217,0
144,330,174,73,289,0
144,241,204,29,80,0
144,560,191,30,74,0
145,493,191,94,193,0
145,278,187,63,221,0
145,329,177,74,283,0
145,242,202,29,84,0
145,485,193,37,128,0
145,560,190,30,76,0
146,496,197,92,189,0
146,467,197,51,119,0
146,280,194,56,214,0
146,333,180,62,284,0
146,244,204,29,81,0
146,496,198,23,124,0
147,499,193,92,196,0
147,466,193,49,126,0
147,331,178,68,281,0
147,281,197,58,211,0
147,245,203,26,81,0
148,502,190,88,201,0
148,282,196,58,211,0
148,466,193,49,123,0
148,335,177,67,284,0
148,246,207,27,77,0
148,510,191,52,174,0
148,516,192,30,135,0
149,466,197,43,115,0
149,287,191,58,215,0
149,517,184,73,204,0
149,339,182,65,278,0
149,250,201,28,87,0
150,525,183,70,205,0
150,289,190,54,220,0
150,463,192,33,117,0
150,337,184,68,272,0
150,253,201,29,87,0
150,527,181,30,123,0
150,525,182,47,177,0
151,543,179,56,212,0
151,289,187,56,230,0
151,0,277,40,99,0
151,459,194,30,117,0
151,255,201,29,87,0
151,529,174,33,127,0
151,338,182,59,263,0
151,124,204,16,50,0
152,548,181,58,220,0
152,454,197,32,117,0
152,290,183,56,238,0
152,0,240,42,137,0
152,339,184,68,267,0
152,255,204,30,84,0
152,533,185,30,124,0
152,123,203,16,50,0
152,241,210,16,50,0
153,553,181,63,225,0
153,442,198,43,114,0
153,291,185,56,235,0
153,340,182,70,267,0
153,255,205,32,83,0
153,0,190,42,185,0
153,124,204,16,50,0
153,541,177,31,127,0
153,241,209,16,51,0
154,553,185,84,221,0
154,437,194,47,116,0
154,291,185,56,235,0
154,0,182,41,197,0
154,339,170,78,277,0
154,258,205,29,85,0
154,124,204,16,50,0
154,541,183,37,166,0
155,432,194,48,115,0
155,0,181,42,196,0
155,553,187,84,213,0
155,292,193,55,225,0
155,340,178,74,272,0
155,545,187,40,159,0
155,261,202,27,87,0
155,124,204,15,50,0
155,165,200,15,46,0
156,0,178,46,201,0
156,553,185,86,228,0
156,428,199,44,109,0
156,290,200,57,216,0
156,339,182,80,264,0
156,264,206,26,83,0
156,547,181,42,170,0
156,164,202,16,46,0
156,123,206,15,48,0
156,244,208,18,53,0
157,5,179,51,203,0
157,560,183,75,220,0
157,427,197,34,110,0
157,342,184,77,260,0
157,291,199,57,219,0
157,558,183,43,182,0
157,265,206,28,85,0
157,165,202,15,45,0
157,123,205,16,48,0
158,6,177,76,200,0
158,344,177,78,271,0
158,427,196,28,110,0
158,289,199,57,216,0
158,594,188,45,220,0
158,557,188,71,201,0
158,266,200,27,91,0
158,555,186,50,159,0
158,164,203,15,45,0
158,590,191,31,202,0
159,6,177,89,201,0
159,419,195,31,110,0
159,345,181,74,267,0
159,289,198,58,219,0
159,566,178,44,175,0
159,596,180,43,232,0
159,269,194,29,100,0
159,163,204,15,44,0
159,593,179,28,220,0
159,242,208,19,52,0
160,5,177,96,202,0
160,347,183,75,268,0
160,289,197,59,222,0
160,415,197,36,110,0
160,570,180,50,189,0
160,271,195,28,101,0
160,606,180,31,222,0
160,479,196,16,48,0
160,162,203,15,45,0
160,557,193,25,62,0
160,242,210,19,50,0
161,6,174,101,203,0
161,346,188,74,260,0
161,288,198,60,219,0
161,413,197,36,104,0
161,572,178,51,196,0
161,483,194,15,47,0
161,162,203,15,45,0
161,558,193,28,63,0
161,615,177,24,226,0
161,611,183,22,202,0
162,10,180,95,196,0
162,345,179,75,270,0
162,288,189,59,227,0
162,582,176,52,209,0
162,411,194,36,116,0
162,482,195,18,48,0
162,558,192,29,66,0
162,162,204,15,44,0
163,16,182,89,190,0
163,348,177,76,272,0
163,288,189,59,226,0
163,587,176,50,214,0
163,484,196,17,46,0
163,404,203,38,96,0
163,559,193,28,70,0
164,34,178,74,188,0
164,588,173,51,218,0
164,286,199,64,217,0
164,351,176,75,274,0
164,485,196,15,45,0
165,51,179,57,184,0
165,587,171,52,210,0
165,288,190,62,229,0
165,353,179,73,272,0
165,490,197,13,43,0
165,560,191,30,71,0
166,61,177,51,186,0
166,351,187,73,261,0
166,586,174,52,204,0
166,291,195,60,221,0
166,491,195,13,46,0
166,561,192,30,71,0
167,350,181,75,264,0
167,66,175,56,189,0
167,292,193,59,223,0
167,0,198,43,146,0
167,589,187,50,192,0
167,493,194,14,48,0
167,560,191,30,71,0
168,64,174,70,188,0
168,350,181,74,266,0
168,292,192,59,223,0
168,0,191,51,155,0
168,495,195,14,46,0
168,560,192,28,70,0
168,242,209,20,50,0
169,71,183,72,177,0
169,349,179,76,269,0
169,0,195,54,148,0
169,291,196,60,221,0
169,496,199,13,42,0
169,560,192,29,73,0
169,242,209,19,53,0
170,76,183,73,178,0
170,0,195,53,149,0
170,349,177,76,269,0
170,294,193,57,221,0
170,559,191,30,71,0
170,241,209,19,52,0
170,495,199,14,41,0
171,78,198,76,163,0
171,350,177,76,271,0
171,0,215,51,128,0
171,295,191,57,226,0
171,560,192,28,69,0
172,80,186,74,172,0
172,2,197,47,151,0
172,351,179,74,270,0
172,296,190,56,226,0
172,561,191,28,71,0
172,132,208,18,45,0
173,86,179,68,180,0
173,353,177,72,271,0
173,296,186,58,229,0
173,14,204,37,138,0
173,560,190,29,71,0
174,96,175,60,182,0
174,352,176,73,271,0
174,19,197,42,152,0
174,298,187,53,227,0
174,561,190,29,71,0
175,106,176,48,179,0
175,353,177,72,272,0
175,22,190,47,155,0
175,299,186,54,228,0
175,561,189,31,74,0
176,29,209,61,137,0
176,111,171,46,182,0
176,356,173,73,277,0
176,299,182,54,236,0
176,560,189,31,75,0
177,27,213,70,129,0
177,358,178,68,272,0
177,115,178,50,176,0
177,295,186,60,230,0
177,0,199,28,174,0
177,560,191,29,75,0
178,356,179,71,270,0
178,32,193,68,149,0
178,122,181,49,169,0
178,301,183,53,232,0
178,1,192,34,180,0
178,560,190,30,73,0
178,17,199,18,159,0
178,354,198,22,98,0
179,125,175,65,177,0
179,356,176,72,274,0
179,43,193,56,144,0
179,3,193,65,183,0
179,302,187,51,224,0
179,559,190,30,73,0
179,353,196,23,99,0
179,26,196,55,153,0
180,129,175,67,172,0
180,0,197,71,177,0
180,356,175,74,276,0
180,48,197,47,138,0
180,303,187,55,225,0
180,560,191,28,70,0
181,127,178,70,173,0
181,353,177,75,273,0
181,0,195,81,182,0
181,303,190,55,220,0
181,58,201,40,138,0
181,559,190,29,73,0
181,243,208,16,53,0
182,127,188,70,161,0
182,0,195,81,180,0
182,353,176,75,275,0
182,305,189,57,219,0
182,64,195,34,142,0
182,558,190,29,72,0
183,127,190,73,158,0
183,0,193,78,181,0
183,355,179,76,272,0
183,306,186,57,222,0
183,70,200,34,138,0
183,559,190,31,73,0
184,133,182,68,165,0
184,354,176,77,276,0
184,10,193,73,174,0
184,74,197,40,143,0
184,308,188,56,218,0
184,557,191,31,70,0
184,223,208,21,53,0
185,137,186,63,159,0
185,355,175,78,277,0
185,76,193,51,143,0
185,32,197,48,165,0
185,311,186,53,223,0
185,557,190,31,70,0
185,242,209,18,51,0
186,355,176,77,277,0
186,149,188,51,155,0
186,80,196,55,138,0
186,311,192,56,217,0
186,33,193,53,171,0
186,557,191,31,69,0
187,82,199,58,135,0
187,159,179,44,163,0
187,358,181,77,266,0
187,46,199,53,162,0
187,314,188,52,221,0
187,559,191,31,74,0
187,0,217,17,142,0
188,316,189,53,221,0
188,43,198,73,165,0
188,162,181,43,156,0
188,86,201,49,133,0
188,360,179,83,272,0
188,0,199,25,162,0
188,559,191,30,72,0
189,50,197,70,165,0
189,363,175,70,280,0
189,317,189,52,222,0
189,0,188,46,171,0
189,164,179,52,162,0
189,97,198,38,130,0
189,560,191,29,72,0
190,0,190,57,164,0
190,52,199,74,161,0
190,168,174,50,165,0
190,317,184,56,228,0
190,357,175,81,277,0
190,101,202,38,125,0
190,559,190,30,73,0
191,0,192,64,164,0
191,174,176,50,164,0
191,58,197,69,159,0
191,363,175,79,278,0
191,317,188,56,227,0
191,108,199,36,128,0
191,306,197,20,61,0
191,561,189,29,75,0
192,0,194,68,161,0
192,175,177,54,163,0
192,66,199,61,157,0
192,360,177,83,278,0
192,319,185,57,228,0
192,115,200,36,131,0
193,0,192,70,162,0
193,178,181,52,162,0
193,72,196,57,155,0
193,356,175,85,283,0
193,117,202,44,126,0
193,319,187,57,226,0
193,242,212,18,48,0
194,3,190,66,163,0
194,179,187,52,152,0
194,121,205,54,123,0
194,352,178,98,275,0
194,84,196,45,155,0
194,321,191,53,220,0
194,560,190,29,73,0
195,12,191,56,161,0
195,183,183,49,155,0
195,349,178,103,274,0
195,126,201,53,128,0
195,89,198,45,155,0
195,319,186,58,222,0
195,308,196,24,66,0
195,242,210,19,55,0
195,6,191,118,162,0
196,21,189,52,164,0
196,351,179,95,275,0
196,189,180,44,159,0
196,128,195,55,135,0
196,318,189,58,218,0
196,95,196,45,157,0
196,307,195,23,67,0
196,561,191,30,75,0
196,242,207,19,56,0
196,327,183,88,253,0
197,28,190,49,159,0
197,356,179,93,273,0
197,193,185,40,151,0
197,136,205,48,121,0
197,318,188,58,219,0
197,99,202,55,149,0
197,115,206,53,132,0
197,305,196,21,70,0
197,561,191,31,74,0
197,240,209,19,51,0
198,355,181,97,271,0
198,34,190,51,158,0
198,196,184,43,150,0
198,97,200,61,152,0
198,142,203,41,123,0
198,321,191,53,217,0
198,302,197,22,72,0
198,240,207,21,53,0
198,560,190,31,74,0
199,37,192,56,158,0
199,198,184,43,149,0
199,359,179,87,275,0
199,102,201,65,151,0
199,320,189,55,220,0
199,152,213,28,112,0
199,562,190,28,73,0
200,40,193,63,156,0
200,358,178,87,278,0
200,199,184,47,148,0
200,102,197,60,154,0
200,318,188,57,222,0
200,151,202,33,122,0
200,236,206,21,60,0
200,562,191,28,72,0
200,302,199,21,71,0
201,357,177,81,276,0
201,202,187,51,146,0
201,42,192,69,158,0
201,107,203,55,144,0
201,317,186,58,223,0
201,160,218,28,104,0
201,561,191,29,72,0
201,300,198,21,70,0
202,357,177,80,275,0
202,207,182,52,149,0
202,45,198,70,151,0
202,119,200,45,142,0
202,159,198,43,124,0
202,317,187,58,221,0
202,296,197,25,76,0
202,561,189,30,77,0
202,88,182,380,161,0
203,210,182,54,147,0
203,52,192,61,156,0
203,358,175,80,278,0
203,317,188,56,221,0
203,162,200,45,122,0
203,127,200,40,142,0
203,295,197,23,74,0
203,561,190,29,74,0
204,211,183,56,145,0
204,60,191,56,155,0
204,358,175,75,280,0
204,317,187,57,225,0
204,132,198,43,142,0
204,165,204,52,121,0
204,105,182,332,148,0
204,292,199,25,70,0
204,561,191,29,71,0
205,215,181,53,145,0
205,73,191,47,153,0
205,357,177,73,278,0
205,319,184,55,227,0
205,133,198,45,140,0
205,169,197,47,121,0
205,292,198,26,72,0
205,561,190,32,73,0
205,330,180,89,261,0
206,216,181,51,144,0
206,88,195,37,144,0
206,356,181,73,271,0
206,319,183,52,226,0
206,139,199,50,142,0
206,171,195,45,122,0
206,560,190,33,74,0
206,155,195,48,137,0
206,293,196,24,73,0
207,219,181,49,145,0
207,87,194,42,146,0
207,358,179,69,275,0
207,143,199,54,137,0
207,319,180,53,227,0
207,174,191,47,132,0
207,559,191,33,73,0
208,223,182,47,145,0
208,145,198,51,140,0
208,91,197,46,142,0
208,351,180,74,270,0
208,321,184,50,224,0
208,182,189,43,128,0
208,289,195,22,69,0
208,560,190,32,72,0
209,353,177,69,274,0
209,229,181,42,143,0
209,93,197,54,140,0
209,146,200,50,136,0
209,190,190,34,130,0
209,321,183,50,224,0
209,560,191,31,71,0
210,94,196,58,142,0
210,229,179,43,144,0
210,347,180,74,271,0
210,152,195,50,142,0
210,322,186,47,225,0
210,193,193,40,127,0
210,559,190,33,72,0
210,331,189,56,232,0
211,94,199,61,141,0
211,348,182,72,269,0
211,154,195,48,141,0
211,196,196,43,121,0
211,233,181,43,140,0
211,322,182,47,231,0
211,560,191,31,71,0
211,331,185,55,239,0
212,99,201,56,136,0
212,158,195,45,141,0
212,345,188,81,261,0
212,236,184,38,136,0
212,201,194,42,121,0
212,321,187,47,227,0
212,559,192,32,72,0
212,334,183,64,249,0
212,281,198,23,66,0
213,109,197,52,140,0
213,349,191,86,259,0
213,200,194,49,122,0
213,169,197,37,136,0
213,237,191,37,126,0
213,278,199,24,67,0
213,560,192,31,71,0
213,322,192,48,217,0
213,177,193,77,130,0
214,117,201,46,132,0
214,349,181,82,279,0
214,241,185,40,135,0
214,172,196,41,140,0
214,554,148,85,276,0
214,205,211,46,102,0
214,321,188,51,222,0
214,276,198,21,65,0
214,332,186,58,238,0
215,124,202,39,132,0
215,173,195,46,144,0
215,355,175,75,294,0
215,242,187,43,136,0
215,322,188,50,220,0
215,214,199,35,113,0
215,276,197,21,65,0
215,233,189,41,130,0
215,521,151,117,306,0
215,421,188,28,81,0
216,176,196,48,140,0
216,242,187,44,136,0
216,362,146,277,333,0
216,353,179,82,285,0
216,325,186,49,227,0
216,464,135,175,330,0
216,275,197,19,65,0
216,417,185,38,139,0
216,217,194,28,116,0
216,329,187,89,263,0
217,177,197,52,138,0
217,362,179,55,236,0
217,241,192,46,130,0
217,402,187,46,131,0
217,325,193,54,214,0
217,415,181,41,153,0
217,130,203,44,127,0
217,405,164,222,307,0
217,275,197,20,66,0
217,321,183,82,239,0
218,178,199,51,137,0
218,134,204,45,129,0
218,365,178,57,187,0
218,242,195,42,123,0
218,424,140,160,325,0
218,330,194,50,168,0
218,276,198,18,65,0
218,561,191,31,77,0
218,353,186,53,180,0
219,183,196,50,137,0
219,401,149,133,300,0
219,136,204,46,126,0
219,244,191,40,127,0
219,371,180,49,195,0
219,332,194,47,181,0
219,560,192,30,73,0
220,186,196,49,138,0
220,138,200,47,131,0
220,337,189,48,189,0
220,246,192,40,125,0
220,365,165,128,292,0
220,235,189,39,126,0
220,560,191,31,72,0
221,431,186,57,148,0
221,190,196,43,135,0
221,336,162,121,296,0
221,144,197,46,133,0
221,251,191,38,121,0
221,116,225,26,61,0
221,238,194,44,120,0
221,560,191,32,73,0
222,312,157,111,298,0
222,190,195,47,138,0
222,439,193,47,146,0
222,151,200,39,129,0
222,245,190,45,126,0
222,393,179,57,213,0
222,107,225,30,61,0
222,560,191,32,73,0
223,378,177,81,283,0
223,200,193,38,133,0
223,153,197,40,125,0
223,241,190,52,127,0
223,103,229,29,61,0
223,445,192,40,145,0
223,559,191,33,72,0
223,291,145,106,316,0
224,262,135,113,315,0
224,374,178,76,286,0
224,449,189,36,149,0
224,206,197,32,131,0
224,156,196,40,120,0
224,558,190,34,72,0
224,245,191,37,122,0
224,358,189,33,184,0
225,242,146,107,299,0
225,379,183,77,280,0
225,449,189,39,148,0
225,348,189,52,237,0
225,212,194,31,136,0
225,160,198,39,120,0
225,559,190,32,70,0
226,210,154,117,309,0
226,452,188,41,150,0
226,163,197,41,124,0
226,348,191,56,234,0
226,372,167,94,295,0
226,560,190,33,71,0
226,389,178,64,256,0
226,307,214,19,44,0
227,373,179,108,281,0
227,350,195,55,226,0
227,186,166,117,299,0
227,457,185,38,154,0
227,163,193,40,125,0
227,560,191,33,75,0
227,82,233,30,54,0
228,380,172,110,292,0
228,157,171,123,297,0
228,355,191,54,240,0
228,460,184,41,158,0
228,264,188,37,124,0
228,561,193,31,70,0
228,125,205,18,51,0
229,380,175,110,289,0
229,463,186,45,156,0
229,130,159,122,306,0
229,360,194,55,226,0
229,226,197,37,127,0
229,266,187,37,127,0
229,126,203,20,51,0
229,559,191,33,71,0
229,73,233,28,53,0
230,466,188,54,159,0
230,111,164,126,307,0
230,385,185,103,278,0
230,221,195,43,131,0
230,365,188,53,247,0
230,270,190,38,122,0
230,560,189,34,72,0
230,192,196,17,55,0
231,467,188,55,162,0
231,391,179,100,286,0
231,90,167,115,293,0
231,219,197,48,130,0
231,367,189,58,241,0
231,269,191,42,120,0
231,183,190,34,120,0
231,560,190,33,73,0
231,372,186,81,267,0
232,59,167,138,298,0
232,474,187,51,166,0
232,226,193,41,130,0
232,368,186,62,244,0
232,397,170,98,295,0
232,271,189,43,123,0
232,559,190,35,73,0
232,174,194,42,107,0
233,45,166,132,300,0
233,410,181,84,273,0
233,478,182,50,174,0
233,233,191,41,134,0
233,373,188,58,235,0
233,274,190,37,123,0
233,190,192,34,124,0
233,558,191,35,71,0
233,426,175,61,232,0
234,29,173,133,297,0
234,419,177,79,284,0
234,485,184,45,170,0
234,236,188,39,140,0
234,191,191,34,124,0
234,373,190,61,235,0
234,278,191,33,120,0
234,558,191,35,70,0
234,163,208,28,79,0
235,10,173,135,301,0
235,376,190,58,246,0
235,239,191,40,133,0
235,428,177,75,294,0
235,195,193,32,119,0
235,492,181,42,174,0
235,279,189,32,124,0
235,558,191,35,70,0
235,161,209,28,78,0
235,133,223,29,58,0
236,2,178,131,297,0
236,436,177,76,296,0
236,195,193,35,121,0
236,496,180,43,174,0
236,381,198,59,242,0
236,242,191,42,133,0
236,557,190,36,72,0
236,280,185,32,127,0
236,131,223,26,60,0
237,383,200,57,243,0
237,0,181,111,295,0
237,497,184,47,171,0
237,196,190,38,125,0
237,244,191,42,134,0
237,442,174,70,303,0
237,558,190,36,72,0
237,281,187,36,122,0
237,153,215,26,75,0
237,131,220,23,65,0
238,386,189,56,255,0
238,503,183,51,173,0
238,0,170,106,305,0
238,197,194,37,118,0
238,246,191,41,133,0
238,443,166,73,306,0
238,560,189,34,75,0
238,145,214,31,79,0
238,285,191,38,118,0
239,507,185,66,174,0
239,386,193,61,249,0
239,447,169,72,300,0
239,247,190,42,134,0
239,198,194,40,115,0
239,1,170,80,309,0
239,560,189,34,76,0
239,142,213,28,77,0
239,291,197,36,109,0
239,117,213,25,76,0
240,452,178,77,287,0
240,510,190,78,172,0
240,204,192,36,115,0
240,1,183,66,290,0
240,251,190,44,134,0
240,387,181,66,261,0
240,138,216,27,77,0
240,559,189,36,71,0
240,293,196,44,110,0
240,119,215,21,69,0
240,283,190,39,117,0
241,451,173,87,296,0
241,207,194,35,116,0
241,519,192,67,173,0
241,256,190,41,132,0
241,398,179,56,264,0
241,127,213,34,84,0
241,559,188,34,77,0
241,284,191,23,116,0
242,453,181,94,287,0
242,209,193,36,115,0
242,520,187,65,182,0
242,398,188,55,259,0
242,261,194,36,126,0
242,286,193,23,116,0
242,121,215,31,84,0
242,448,190,39,236,0
242,308,200,27,102,0
242,364,194,20,67,0
242,272,193,43,119,0
243,401,197,53,249,0
243,210,198,39,109,0
243,455,177,91,290,0
243,529,186,53,183,0
243,262,196,39,125,0
243,309,197,27,105,0
243,127,222,25,76,0
243,270,191,43,122,0
243,282,192,25,116,0
243,564,188,33,80,0
244,213,193,41,113,0
244,457,183,87,286,0
244,403,185,58,269,0
244,531,186,53,185,0
244,311,202,26,100,0
244,270,193,40,128,0
244,454,192,51,231,0
244,1,242,22,55,0
244,567,185,29,91,0
244,364,196,21,65,0
245,460,183,105,281,0
245,213,193,42,115,0
245,403,191,61,259,0
245,536,185,48,170,0
245,313,198,24,102,0
245,269,197,43,124,0
245,102,220,35,81,0
245,455,186,40,247,0
245,432,185,32,257,0
246,213,193,43,114,0
246,402,188,74,263,0
246,458,174,106,291,0
246,271,195,45,126,0
246,316,195,29,107,0
246,546,174,46,195,0
246,461,192,57,256,0
246,103,212,34,93,0
247,404,190,69,259,0
247,217,194,37,115,0
247,461,177,100,286,0
247,545,179,53,174,0
247,270,198,48,124,0
247,462,180,45,261,0
247,98,212,31,94,0
247,316,198,34,106,0
247,363,191,21,63,0
248,405,189,76,264,0
248,219,192,38,118,0
248,273,198,47,123,0
248,470,175,98,281,0
248,547,176,57,196,0
248,319,197,36,103,0
248,466,179,39,258,0
248,87,212,38,96,0
248,364,192,21,63,0
249,407,188,76,266,0
249,222,194,36,116,0
249,319,203,42,100,0
249,489,173,79,287,0
249,280,198,39,121,0
249,551,182,53,189,0
249,471,183,43,255,0
249,81,207,39,100,0
249,362,194,23,68,0
249,288,200,72,110,0
249,74,183,325,124,0
250,412,192,73,255,0
250,323,208,41,93,0
250,224,192,34,118,0
250,553,192,65,199,0
250,284,196,36,125,0
250,482,174,92,275,0
250,75,210,37,97,0
250,469,184,47,231,0
250,362,195,23,66,0
250,293,204,76,103,0
250,491,179,124,246,0
250,127,206,19,47,0
251,287,194,40,127,0
251,420,194,67,252,0
251,225,192,35,117,0
251,478,183,50,242,0
251,560,185,66,214,0
251,485,180,82,245,0
251,328,208,40,94,0
251,67,214,38,92,0
251,126,205,21,47,0
251,443,177,150,249,0
251,459,182,85,240,0
251,492,173,128,251,0
252,435,186,58,264,0
252,289,195,41,125,0
252,230,193,31,116,0
252,501,170,74,272,0
252,570,184,61,215,0
252,484,184,42,215,0
252,58,214,39,96,0
252,125,206,21,47,0
252,328,205,39,97,0
253,439,187,56,272,0
253,232,194,32,113,0
253,573,181,61,230,0
253,53,216,38,93,0
253,508,172,69,279,0
253,299,197,43,124,0
253,485,184,42,225,0
253,337,199,25,104,0
253,126,206,21,47,0
253,482,181,75,245,0
254,440,185,64,275,0
254,503,173,84,259,0
254,234,196,37,113,0
254,297,196,53,126,0
254,46,221,38,90,0
254,488,180,41,227,0
254,583,178,50,231,0
254,494,177,60,243,0
254,338,203,26,96,0
254,127,206,20,47,0
255,441,189,79,282,0
255,511,170,82,263,0
255,235,198,41,111,0
255,33,215,44,95,0
255,298,196,53,127,0
255,592,176,43,222,0
255,496,180,31,241,0
255,369,197,21,65,0
255,127,206,20,47,0
255,343,206,28,93,0
255,292,196,23,100,0
256,437,182,83,291,0
256,510,168,85,291,0
256,234,197,42,113,0
256,301,198,51,124,0
256,599,172,40,226,0
256,25,221,45,94,0
256,369,197,20,66,0
256,293,197,44,118,0
256,123,206,18,49,0
256,292,197,23,104,0
256,128,206,17,47,0
257,442,187,83,280,0
257,513,178,85,266,0
257,236,195,43,113,0
257,16,219,47,98,0
257,305,203,51,118,0
257,606,172,33,222,0
257,345,200,40,97,0
257,292,196,30,110,0
257,123,206,19,47,0
258,442,183,84,288,0
258,241,192,40,116,0
258,521,169,83,290,0
258,3,220,52,96,0
258,307,200,51,120,0
258,607,172,32,232,0
258,293,194,29,114,0
258,350,205,29,96,0
258,125,206,20,47,0
259,443,187,84,282,0
259,246,192,35,116,0
259,523,175,89,292,0
259,3,221,45,102,0
259,307,202,52,118,0
259,353,201,34,100,0
259,610,176,29,206,0
259,292,191,37,120,0
259,224,201,15,49,0
259,126,206,20,46,0
260,444,184,90,285,0
260,247,195,35,111,0
260,530,174,88,290,0
260,309,201,55,117,0
260,1,217,41,108,0
260,354,204,35,97,0
260,224,200,18,49,0
260,123,206,20,47,0
260,294,190,31,116,0
261,450,183,86,290,0
261,250,193,35,109,0
261,525,174,95,286,0
261,3,225,30,108,0
261,320,201,39,116,0
261,295,189,30,120,0
261,355,201,34,98,0
261,123,206,20,47,0
261,224,200,18,50,0
262,454,183,87,288,0
262,535,168,102,294,0
262,256,189,33,113,0
262,324,199,38,119,0
262,299,187,33,126,0
262,2,232,26,103,0
262,224,199,20,54,0
262,355,200,36,100,0
262,125,206,21,45,0
262,519,178,40,267,0
262,185,200,13,37,0
263,470,183,71,282,0
263,258,192,34,110,0
263,516,183,53,266,0
263,558,164,75,253,0
263,328,197,40,120,0
263,221,200,22,53,0
263,125,206,21,46,0
263,299,189,34,118,0
263,358,203,32,97,0
263,502,179,109,265,0
263,185,200,13,36,0
264,483,185,71,285,0
264,260,197,37,107,0
264,331,198,38,119,0
264,567,161,72,258,0
264,524,182,49,259,0
264,129,206,19,46,0
264,302,191,31,119,0
264,220,202,21,50,0
264,123,207,18,47,0
264,356,202,35,100,0
265,483,191,67,278,0
265,262,195,40,108,0
265,569,165,70,241,0
265,532,185,47,255,0
265,332,198,34,119,0
265,129,206,18,48,0
265,220,202,19,49,0
265,307,193,28,116,0
265,548,173,82,266,0
265,123,207,18,47,0
265,217,202,15,48,0
265,250,191,77,112,0
265,328,198,62,117,0
265,528,180,79,255,0
266,481,178,72,301,0
266,263,197,41,106,0
266,562,161,77,301,0
266,336,200,41,119,0
266,128,205,19,48,0
266,305,198,35,113,0
266,531,180,52,271,0
266,253,194,72,110,0
266,217,202,15,49,0
266,519,174,102,284,0
266,345,198,45,110,0
267,482,183,76,291,0
267,566,170,73,298,0
267,265,196,44,108,0
267,336,197,46,122,0
267,128,205,19,48,0
267,534,178,54,266,0
267,305,187,37,124,0
267,363,198,27,100,0
267,216,201,15,49,0
267,350,196,42,110,0
267,124,206,18,48,0
267,185,202,12,35,0
268,485,184,94,289,0
268,578,170,61,288,0
268,266,193,41,109,0
268,337,197,47,126,0
268,306,194,34,117,0
268,129,206,19,48,0
268,215,200,16,50,0
268,260,193,73,110,0
268,311,195,43,118,0
268,123,207,18,48,0
268,185,200,12,37,0
268,189,199,10,37,0
268,537,185,58,233,0
269,487,182,94,288,0
269,265,195,44,109,0
269,304,196,47,114,0
269,584,182,55,296,0
269,341,196,40,121,0
269,129,205,18,48,0
269,327,195,68,120,0
269,123,207,18,48,0
269,216,201,15,48,0
269,308,195,70,121,0
269,271,196,87,113,0
269,185,201,12,36,0
269,190,200,10,36,0
269,554,177,51,80,0
270,489,176,95,297,0
270,267,198,43,106,0
270,306,192,44,120,0
270,592,187,46,292,0
270,347,198,40,120,0
270,130,206,17,47,0
270,123,208,17,47,0
270,282,193,99,114,0
270,556,179,51,83,0
270,218,203,14,44,0
271,599,175,40,304,0
271,495,179,94,289,0
271,306,195,39,113,0
271,272,196,41,106,0
271,351,198,42,117,0
271,128,206,19,47,0
271,217,203,16,46,0
271,123,207,18,47,0
271,546,189,78,245,0
271,283,195,102,113,0
271,278,195,64,112,0
271,555,181,54,117,0
272,500,173,105,299,0
272,309,196,39,114,0
272,274,202,38,98,0
272,356,194,40,120,0
272,604,156,33,323,0
272,129,205,19,47,0
272,217,203,15,45,0
272,282,197,97,110,0
272,123,207,18,46,0
272,191,200,9,36,0
273,513,188,105,277,0
273,285,197,29,102,0
273,312,190,43,123,0
273,358,195,38,119,0
273,607,208,31,271,0
273,216,202,15,46,0
273,128,206,19,47,0
273,123,207,18,46,0
273,185,199,12,38,0
273,288,193,65,115,0
274,519,183,98,290,0
274,288,196,28,101,0
274,314,196,44,117,0
274,362,195,37,118,0
274,215,202,15,47,0
274,128,205,19,47,0
274,123,207,19,47,0
274,185,199,13,38,0
274,190,199,10,37,0
275,517,180,99,287,0
275,290,194,29,104,0
275,363,196,38,116,0
275,319,189,41,119,0
275,214,202,14,47,0
275,128,205,19,48,0
275,123,207,19,47,0
275,185,200,13,38,0
275,189,199,11,38,0
276,518,174,81,299,0
276,292,196,31,103,0
276,556,170,69,292,0
276,363,194,39,123,0
276,325,193,32,116,0
276,214,201,15,48,0
276,130,205,19,47,0
276,185,200,13,38,0
276,190,199,11,37,0
277,521,183,100,287,0
277,363,196,44,121,0
277,293,192,34,110,0
277,213,201,15,49,0
277,326,197,26,111,0
277,131,206,18,47,0
277,185,199,13,37,0
277,322,191,43,119,0
277,123,207,18,47,0
277,189,199,11,37,0
278,523,179,96,291,0
278,296,195,31,106,0
278,364,195,45,123,0
278,330,196,32,114,0
278,213,201,15,48,0
278,185,199,13,38,0
278,379,195,28,113,0
278,130,206,19,46,0
279,520,174,105,296,0
279,365,197,43,122,0
279,297,195,34,107,0
279,331,196,37,112,0
279,214,203,14,47,0
279,185,200,13,37,0
279,590,179,49,98,0
279,130,206,18,46,0
280,520,172,100,293,0
280,369,192,44,122,0
280,301,196,31,105,0
280,331,194,38,111,0
280,214,202,14,46,0
280,185,199,13,38,0
280,330,191,80,122,0
280,131,205,18,47,0
281,526,173,106,296,0
281,372,193,40,119,0
281,297,197,37,100,0
281,328,199,50,105,0
281,214,202,13,45,0
281,185,200,13,38,0
281,130,206,19,46,0
282,529,174,103,297,0
282,376,193,41,119,0
282,332,198,37,107,0
282,306,195,32,104,0
282,214,201,13,47,0
282,130,206,19,47,0
282,185,199,13,38,0
282,314,195,49,105,0
282,183,198,11,39,0
282,312,196,91,105,0
283,540,177,87,290,0
283,375,193,47,119,0
283,307,198,36,97,0
283,597,182,42,264,0
283,330,200,49,109,0
283,130,206,19,48,0
283,213,201,14,47,0
283,313,199,47,100,0
283,185,199,13,38,0
283,315,196,81,111,0
283,593,193,34,240,0
283,183,198,11,38,0
284,552,173,81,300,0
284,335,200,48,111,0
284,310,192,31,106,0
284,380,197,41,115,0
284,126,205,22,48,0
284,213,201,14,47,0
284,185,199,13,38,0
285,556,182,77,284,0
285,382,196,45,118,0
285,337,195,47,115,0
285,314,194,30,105,0
285,128,205,19,48,0
285,213,201,14,47,0
285,185,200,13,39,0
285,239,201,13,43,0
286,555,178,78,290,0
286,385,192,49,123,0
286,316,192,31,108,0
286,339,192,42,117,0
286,185,199,14,40,0
286,124,208,22,45,0
286,213,202,14,46,0
286,132,207,16,46,0
287,555,180,81,292,0
287,387,197,47,118,0
287,314,195,34,103,0
287,344,197,41,112,0
287,128,206,19,47,0
287,212,202,14,45,0
287,122,207,19,46,0
287,557,185,28,78,0
287,188,200,13,39,0
288,558,179,81,288,0
288,389,196,45,120,0
288,313,196,42,104,0
288,353,196,29,111,0
288,127,206,22,46,0
288,212,203,14,44,0
288,185,202,13,37,0
288,370,198,79,117,0
289,558,188,81,277,0
289,390,198,42,116,0
289,317,197,37,102,0
289,354,193,31,115,0
289,558,191,30,68,0
289,212,202,14,44,0
289,185,202,12,36,0
289,238,201,13,42,0
289,100,204,19,49,0
290,557,178,82,291,0
290,319,201,35,97,0
290,390,196,46,118,0
290,356,195,33,110,0
290,560,190,32,72,0
290,185,201,12,37,0
290,304,217,18,41,0
290,100,204,18,49,0
291,559,186,80,289,0
291,393,192,45,122,0
291,319,200,38,98,0
291,561,190,33,78,0
291,366,193,84,118,0
291,304,218,20,41,0
291,208,201,14,45,0
291,185,200,13,38,0
291,240,202,12,42,0
292,558,183,81,296,0
292,397,195,40,117,0
292,324,197,35,103,0
292,561,190,33,77,0
292,185,200,13,38,0
292,240,201,12,43,0
292,209,202,14,44,0
292,358,198,33,108,0
293,559,179,80,300,0
293,404,192,40,121,0
293,325,200,37,99,0
293,359,194,33,111,0
293,559,191,33,74,0
293,185,201,12,38,0
293,208,202,15,44,0
294,404,193,40,121,0
294,562,188,77,291,0
294,330,199,32,98,0
294,357,191,41,116,0
294,560,191,33,76,0
294,185,201,12,38,0
294,128,202,21,50,0
294,208,203,15,43,0
295,408,196,39,121,0
295,336,204,28,95,0
295,559,190,33,72,0
295,367,192,30,117,0
295,185,200,12,38,0
295,127,203,22,51,0
295,205,202,15,43,0
295,583,196,56,283,0
295,242,201,12,43,0
295,366,195,22,108,0
296,408,193,40,121,0
296,338,201,27,96,0
296,368,186,35,125,0
296,560,189,33,77,0
296,126,202,23,51,0
296,185,200,13,39,0
296,182,198,12,40,0
296,242,202,11,42,0
296,613,175,26,271,0
297,410,193,42,120,0
297,369,184,37,125,0
297,560,189,34,81,0
297,185,200,13,39,0
297,128,203,20,50,0
297,341,203,26,92,0
297,241,202,12,41,0
297,182,198,12,40,0
298,415,196,39,121,0
298,343,203,26,91,0
298,367,186,41,121,0
298,559,189,34,78,0
298,186,198,14,41,0
298,130,204,18,49,0
298,241,202,12,43,0
299,415,197,38,120,0
299,345,202,27,92,0
299,367,187,45,119,0
299,559,188,34,76,0
299,185,199,14,40,0
299,130,203,18,50,0
299,183,197,12,41,0
299,241,202,12,43,0
300,412,197,40,117,0
300,344,198,32,99,0
300,372,187,30,118,0
300,560,188,34,79,0
300,185,199,14,39,0
300,130,204,18,50,0
300,207,202,12,43,0
