1,449,185,54,157,0
1,483,191,53,154,0
1,144,200,41,116,0
1,193,196,35,116,0
1,245,206,13,45,0
2,448,186,57,162,0
2,144,199,41,118,0
2,485,194,57,153,0
2,192,195,36,117,0
2,245,206,14,46,0
2,306,224,19,35,0
3,456,183,57,168,0
3,144,199,42,119,0
3,497,193,42,151,0
3,192,195,35,117,0
3,245,206,14,45,0
4,145,199,44,120,0
4,463,183,52,165,0
4,190,195,37,117,0
4,500,188,37,156,0
4,246,208,13,43,0
4,422,195,11,43,0
4,243,207,12,45,0
4,425,196,12,43,0
5,473,186,48,162,0
5,144,200,45,118,0
5,507,187,34,157,0
5,190,193,36,120,0
5,245,208,12,44,0
5,422,195,11,44,0
5,465,193,16,53,0
5,221,206,21,70,0
6,144,199,46,122,0
6,479,185,47,164,0
6,514,189,32,156,0
6,190,193,36,120,0
6,245,208,12,45,0
6,463,194,17,53,0
6,422,196,11,43,0
6,224,201,19,68,0
7,144,198,48,123,0
7,485,184,44,168,0
7,191,193,33,119,0
7,519,187,39,164,0
7,244,209,15,45,0
7,223,200,21,68,0
7,422,196,11,42,0
8,145,197,47,126,0
8,486,185,51,167,0
8,518,186,59,166,0
8,192,193,34,120,0
8,244,208,15,46,0
8,476,205,14,40,0
8,422,196,11,42,0
9,146,200,47,122,0
9,485,183,68,173,0
9,193,195,34,119,0
9,523,186,57,170,0
9,501,190,70,167,0
9,360,211,17,53,0
9,421,198,11,40,0
9,242,207,14,47,0
10,150,199,43,124,0
10,487,182,76,176,0
10,194,193,35,120,0
10,524,188,67,172,0
10,478,202,14,45,0
10,362,211,15,52,0
11,488,185,73,174,0
11,153,198,40,125,0
11,193,193,39,120,0
11,536,200,55,160,0
11,479,202,15,45,0
12,491,182,71,180,0
12,153,197,40,129,0
12,194,193,39,121,0
12,549,185,41,176,0
13,497,178,65,182,0
13,154,198,40,129,0
13,195,195,38,120,0
13,553,187,43,175,0
13,421,197,12,41,0
13,490,204,14,41,0
14,508,179,60,183,0
14,155,198,40,127,0
14,562,183,41,169,0
14,196,194,34,121,0
14,221,206,22,86,0
14,421,198,11,40,0
15,156,197,39,130,0
15,523,176,52,189,0
15,196,195,35,120,0
15,565,183,55,176,0
15,491,194,15,51,0
15,421,199,12,40,0
16,156,198,40,130,0
16,534,179,56,190,0
16,575,188,60,171,0
16,198,194,36,120,0
16,490,192,14,53,0
16,421,197,11,41,0
16,236,206,17,47,0
16,486,192,14,53,0
17,539,176,59,193,0
17,157,199,39,130,0
17,489,192,14,53,0
17,199,197,36,117,0
17,236,206,18,47,0
17,420,199,12,39,0
17,585,205,53,151,0
18,540,176,82,204,0
18,156,198,42,133,0
18,199,195,37,119,0
18,489,192,14,53,0
18,486,192,14,54,0
18,420,198,13,40,0
18,305,221,20,38,0
18,235,202,16,55,0
19,544,178,90,205,0
19,154,198,41,131,0
19,199,195,37,121,0
19,491,194,14,53,0
19,488,194,13,52,0
19,421,196,12,43,0
19,235,204,17,54,0
20,545,181,89,208,0
20,155,198,40,131,0
20,491,194,16,52,0
20,200,196,38,120,0
20,419,197,13,43,0
21,547,177,83,207,0
21,157,198,41,134,0
21,201,194,37,121,0
21,492,195,19,51,0
21,489,196,16,49,0
21,419,196,13,43,0
21,306,223,19,36,0
22,557,175,79,213,0
22,156,197,42,138,0
22,202,193,33,119,0
22,498,194,17,53,0
23,573,174,64,214,0
23,155,199,43,140,0
23,202,193,36,121,0
23,501,198,13,47,0
23,496,197,14,48,0
24,152,197,45,140,0
24,590,176,48,221,0
24,203,193,39,120,0
24,420,197,12,43,0
24,559,187,38,87,0
25,152,196,45,141,0
25,204,194,39,120,0
25,599,174,40,212,0
25,425,197,12,43,0
25,503,196,13,50,0
25,427,193,12,46,0
25,422,197,11,42,0
26,155,195,43,142,0
26,604,176,34,211,0
26,204,196,34,119,0
26,232,201,24,94,0
26,425,197,12,43,0
26,504,200,14,45,0
27,154,199,43,136,0
27,601,192,37,199,0
27,205,196,32,119,0
27,505,197,16,49,0
27,426,192,13,48,0
27,231,199,24,95,0
27,421,194,12,45,0
28,155,198,43,136,0
28,205,196,34,120,0
28,607,186,31,197,0
28,234,203,23,90,0
28,425,194,12,45,0
28,560,191,35,70,0
28,333,199,18,32,0
28,422,194,12,45,0
29,157,196,43,141,0
29,206,197,33,118,0
29,426,191,13,48,0
29,422,194,12,45,0
29,233,209,24,85,0
30,155,196,46,142,0
30,206,196,32,123,0
30,233,202,25,94,0
30,424,194,13,46,0
31,154,196,57,143,0
31,205,195,31,126,0
31,232,200,25,96,0
31,512,198,12,44,0
31,426,189,14,51,0
31,422,192,13,48,0
32,156,198,56,140,0
32,205,194,33,127,0
32,233,201,24,97,0
32,425,196,13,43,0
32,421,197,12,42,0
33,159,200,56,139,0
33,205,196,32,126,0
33,232,201,25,97,0
33,425,195,13,44,0
33,422,196,12,43,0
33,512,196,13,47,0
33,306,224,19,35,0
34,161,199,53,140,0
34,202,195,36,128,0
34,233,202,25,96,0
34,512,195,12,49,0
34,425,196,12,44,0
34,421,197,12,42,0
35,166,197,49,142,0
35,203,196,36,127,0
35,237,201,26,96,0
35,511,194,15,49,0
35,424,195,12,44,0
35,421,196,12,43,0
36,164,196,52,144,0
36,205,196,33,125,0
36,234,202,26,96,0
36,424,195,12,44,0
36,421,196,12,43,0
36,511,196,15,48,0
37,168,198,49,142,0
37,206,196,32,125,0
37,237,198,27,100,0
37,424,196,12,43,0
37,421,197,12,42,0
38,171,200,48,141,0
38,234,199,27,99,0
38,208,196,29,127,0
38,425,195,14,44,0
38,421,197,12,42,0
39,175,199,44,143,0
39,238,200,30,99,0
39,423,198,13,41,0
39,207,195,29,127,0
39,420,199,12,40,0
40,179,199,40,142,0
40,237,201,34,98,0
40,209,197,28,125,0
40,424,198,12,41,0
40,421,199,12,40,0
41,179,198,39,148,0
41,238,203,34,95,0
41,424,197,13,41,0
41,421,198,12,41,0
41,210,199,28,124,0
41,174,195,31,144,0
42,238,199,35,102,0
42,178,194,41,151,0
42,424,198,13,41,0
42,212,200,30,128,0
43,239,198,35,102,0
43,175,196,43,144,0
43,424,197,13,42,0
43,207,198,35,132,0
43,359,202,16,62,0
44,241,200,34,100,0
44,183,197,38,143,0
44,425,196,13,43,0
44,170,202,32,135,0
44,422,198,12,41,0
44,214,200,31,125,0
44,360,203,15,60,0
45,188,196,35,147,0
45,244,201,32,98,0
45,424,195,14,44,0
45,169,201,31,133,0
45,422,197,13,43,0
45,360,203,16,60,0
45,219,195,29,126,0
46,247,199,31,101,0
46,186,197,35,149,0
46,424,196,14,43,0
46,168,202,32,131,0
46,219,197,30,131,0
46,421,197,13,42,0
46,360,206,16,57,0
47,245,202,31,99,0
47,187,195,37,156,0
47,218,196,30,134,0
47,423,200,13,40,0
47,168,202,32,129,0
47,360,206,16,56,0
48,186,193,38,162,0
48,248,197,31,103,0
48,216,196,32,132,0
48,424,197,15,43,0
48,421,198,14,41,0
48,173,200,33,137,0
48,359,206,18,55,0
49,186,194,38,161,0
49,249,199,31,103,0
49,216,195,37,132,0
49,423,198,14,42,0
50,187,192,38,162,0
50,252,200,30,99,0
50,217,192,36,134,0
50,424,198,13,41,0
50,421,199,13,40,0
50,361,204,16,58,0
50,172,200,34,138,0
51,186,195,40,160,0
51,250,201,32,99,0
51,217,194,35,132,0
51,425,197,13,41,0
51,421,199,13,41,0
51,334,200,11,31,0
52,183,192,41,161,0
52,250,200,32,101,0
52,218,190,35,139,0
52,420,201,12,38,0
52,424,201,11,39,0
52,334,199,11,32,0
52,354,205,19,57,0
53,182,193,44,161,0
53,219,193,36,136,0
53,250,201,33,106,0
53,421,200,11,39,0
53,423,200,12,40,0
53,358,206,18,55,0
54,184,195,43,161,0
54,220,194,37,136,0
54,251,199,33,106,0
54,420,201,12,39,0
54,355,206,19,54,0
54,333,198,12,32,0
54,559,191,38,73,0
55,186,194,43,162,0
55,221,195,35,137,0
55,253,200,31,106,0
55,417,201,14,39,0
56,186,194,44,164,0
56,222,193,35,140,0
56,255,197,29,111,0
56,418,199,14,41,0
56,559,191,36,70,0
57,183,192,49,170,0
57,224,195,34,140,0
57,254,199,29,108,0
57,416,200,14,39,0
58,181,191,50,170,0
58,223,194,34,141,0
58,255,201,30,105,0
58,417,199,13,40,0
59,177,193,54,170,0
59,224,193,33,143,0
59,256,199,32,110,0
59,418,198,12,41,0
59,415,198,11,41,0
59,559,188,38,77,0
60,178,194,56,172,0
60,257,199,35,110,0
60,226,193,34,142,0
60,559,188,38,77,0
61,179,196,56,171,0
61,227,194,31,145,0
61,257,199,37,111,0
61,360,208,16,54,0
62,178,196,59,172,0
62,228,191,31,145,0
62,259,203,33,108,0
62,414,203,12,36,0
62,360,208,17,55,0
62,417,202,11,36,0
63,179,193,59,177,0
63,262,200,35,112,0
63,228,189,32,147,0
63,413,202,13,39,0
63,142,205,12,45,0
63,361,209,15,53,0
64,178,193,62,178,0
64,262,199,35,112,0
64,229,189,32,149,0
64,413,204,14,36,0
64,361,208,17,55,0
65,182,192,59,179,0
65,261,200,37,113,0
65,412,205,15,36,0
65,230,191,33,146,0
65,362,206,18,57,0
66,185,193,55,179,0
66,263,198,37,114,0
66,229,191,36,147,0
66,412,204,14,37,0
66,362,206,16,57,0
67,194,192,46,178,0
67,262,198,38,113,0
67,231,191,34,146,0
67,408,203,13,38,0
67,362,204,15,60,0
68,194,189,46,186,0
68,263,197,38,114,0
68,232,190,33,145,0
68,412,200,13,43,0
68,408,200,13,42,0
68,160,200,18,54,0
68,362,204,17,58,0
69,183,190,56,191,0
69,233,191,35,145,0
69,264,198,36,116,0
69,406,201,14,41,0
70,186,190,54,193,0
70,233,192,37,145,0
70,270,200,34,114,0
70,405,201,13,41,0
70,160,200,18,52,0
71,189,191,52,192,0
71,233,192,40,145,0
71,274,197,35,118,0
71,403,199,14,41,0
71,159,199,18,52,0
72,188,192,54,195,0
72,233,195,45,145,0
72,271,195,32,121,0
72,160,201,17,50,0
72,404,198,12,42,0
73,184,192,58,198,0
73,233,192,52,150,0
73,273,201,29,114,0
73,160,200,17,53,0
73,403,197,13,43,0
73,379,199,13,38,0
74,181,193,61,197,0
74,234,192,49,151,0
74,402,198,13,43,0
74,275,201,27,116,0
74,296,199,25,102,0
74,160,201,18,50,0
75,178,193,65,202,0
75,236,194,47,149,0
75,403,198,13,42,0
75,276,201,29,117,0
75,298,204,25,97,0
75,560,191,34,66,0
75,378,200,13,39,0
76,237,193,47,149,0
76,177,191,65,203,0
76,401,198,14,43,0
76,277,199,29,120,0
76,298,195,28,104,0
76,376,201,12,39,0
77,177,189,63,203,0
77,237,193,47,149,0
77,279,195,31,123,0
77,403,198,12,42,0
77,398,199,13,42,0
77,297,194,28,104,0
77,378,201,13,39,0
77,557,189,38,69,0
78,175,191,66,200,0
78,239,192,45,149,0
78,276,195,34,129,0
78,399,198,14,43,0
78,382,197,11,42,0
78,557,189,39,68,0
79,176,190,62,201,0
79,240,190,48,154,0
79,400,201,12,40,0
79,283,193,39,125,0
80,174,191,64,202,0
80,243,190,43,153,0
80,281,198,29,128,0
80,220,194,30,153,0
80,308,192,25,113,0
81,174,189,63,205,0
81,246,191,40,155,0
81,282,198,31,126,0
81,307,193,27,115,0
81,220,194,28,155,0
81,383,195,12,44,0
81,398,199,12,42,0
82,173,191,65,204,0
82,250,191,37,156,0
82,284,197,32,129,0
82,307,191,28,119,0
82,221,197,31,156,0
82,300,196,28,122,0
82,394,196,13,43,0
82,384,195,12,43,0
83,174,190,66,207,0
83,250,192,38,157,0
83,289,196,34,127,0
83,307,190,28,123,0
83,388,199,18,41,0
83,395,201,14,39,0
83,223,199,30,152,0
84,174,188,70,208,0
84,251,191,39,158,0
84,287,195,41,131,0
84,388,199,16,42,0
84,310,193,28,114,0
84,385,197,13,43,0
85,172,187,81,216,0
85,289,196,44,129,0
85,250,192,41,157,0
85,387,199,16,43,0
85,311,192,27,95,0
86,175,187,82,215,0
86,290,197,44,129,0
86,251,191,43,156,0
86,388,198,15,43,0
86,317,196,28,111,0
86,307,196,35,120,0
87,178,188,82,215,0
87,251,193,45,157,0
87,290,195,44,130,0
87,388,198,16,44,0
87,322,201,28,105,0
88,180,192,79,210,0
88,253,194,44,155,0
88,292,197,41,131,0
88,388,199,16,43,0
88,321,196,26,114,0
89,186,189,73,214,0
89,256,194,42,156,0
89,296,196,39,132,0
89,391,198,18,44,0
89,323,195,25,108,0
89,387,196,17,45,0
89,158,203,15,44,0
90,189,191,72,213,0
90,257,192,43,160,0
90,298,198,37,131,0
90,390,197,15,45,0
90,326,201,35,108,0
90,557,190,38,69,0
91,189,189,74,216,0
91,259,191,42,159,0
91,301,198,34,130,0
91,390,196,14,45,0
91,331,201,30,109,0
91,154,205,13,44,0
91,326,199,25,109,0
92,193,188,71,219,0
92,259,191,41,162,0
92,387,196,15,45,0
92,305,194,35,136,0
92,332,199,29,114,0
92,157,206,14,43,0
92,161,201,14,46,0
93,201,188,65,220,0
93,261,191,42,164,0
93,306,196,33,136,0
93,387,198,16,42,0
93,333,198,30,115,0
93,155,207,15,42,0
93,187,199,20,72,0
94,200,186,67,223,0
94,263,192,43,162,0
94,310,196,32,134,0
94,333,198,32,115,0
94,386,198,17,44,0
94,189,201,19,72,0
94,154,209,13,41,0
95,203,191,67,220,0
95,265,194,44,160,0
95,312,194,39,138,0
95,388,197,17,44,0
95,188,204,19,69,0
95,154,210,13,40,0
95,333,193,35,123,0
96,204,187,69,228,0
96,313,193,42,139,0
96,266,194,44,160,0
96,386,198,17,44,0
96,188,203,20,69,0
96,154,211,12,39,0
96,370,197,11,37,0
97,267,195,43,162,0
97,204,184,72,243,0
97,315,193,41,142,0
97,388,198,18,44,0
97,190,202,21,70,0
98,269,192,45,164,0
98,213,180,62,253,0
98,315,191,44,144,0
98,387,196,16,47,0
98,189,202,22,71,0
98,345,191,29,123,0
99,215,185,61,244,0
99,270,191,54,165,0
99,319,196,42,140,0
99,190,199,23,74,0
99,386,196,16,47,0
99,349,199,29,117,0
100,272,188,58,171,0
100,215,190,63,232,0
100,327,197,38,140,0
100,190,201,24,72,0
100,387,197,16,46,0
100,350,194,30,124,0
100,382,197,13,45,0
100,377,197,13,43,0
101,217,190,65,233,0
101,273,192,53,169,0
101,330,197,34,140,0
101,191,202,24,72,0
101,354,192,29,127,0
101,387,197,16,45,0
101,384,196,13,46,0
101,392,195,14,45,0
101,149,212,14,40,0
102,214,189,69,241,0
102,275,195,50,166,0
102,192,204,23,70,0
102,330,200,39,138,0
102,357,191,27,129,0
102,558,191,36,71,0
102,380,196,14,46,0
103,276,194,50,166,0
103,223,184,62,247,0
103,332,194,41,145,0
103,193,205,23,69,0
103,358,189,27,132,0
103,398,200,15,43,0
104,276,192,53,168,0
104,338,197,40,143,0
104,224,182,63,261,0
104,193,199,23,76,0
104,399,201,13,41,0
104,555,188,40,69,0
104,166,198,14,49,0
104,148,207,16,47,0
104,360,202,26,123,0
105,340,192,50,147,0
105,279,191,53,168,0
105,226,179,59,264,0
105,194,199,22,76,0
105,397,197,15,45,0
105,559,192,34,64,0
105,166,198,14,49,0
106,338,194,56,145,0
106,283,194,54,164,0
106,194,194,23,81,0
106,232,183,56,249,0
106,398,198,12,44,0
106,556,188,39,70,0
106,166,200,14,47,0
107,339,194,58,147,0
107,290,194,46,167,0
107,195,198,23,77,0
107,231,183,62,254,0
107,557,191,37,67,0
107,373,182,23,132,0
107,166,202,14,45,0
108,339,191,60,149,0
108,293,192,46,169,0
108,233,183,63,252,0
108,197,202,23,74,0
108,556,190,37,68,0
108,374,186,31,135,0
108,167,203,14,44,0
109,343,192,59,150,0
109,294,191,47,173,0
109,232,179,66,258,0
109,197,205,21,69,0
109,167,203,14,44,0
110,347,190,56,151,0
110,295,191,47,173,0
110,238,175,65,262,0
110,198,205,22,69,0
110,166,203,15,44,0
111,237,176,77,260,0
111,356,191,47,151,0
111,298,190,45,177,0
111,199,204,21,72,0
111,166,202,14,45,0
111,389,185,18,65,0
112,239,177,88,264,0
112,300,191,45,177,0
112,365,195,37,148,0
112,201,205,23,72,0
112,165,200,16,46,0
113,243,188,97,254,0
113,302,191,46,178,0
113,371,194,37,152,0
113,203,206,20,71,0
113,400,191,18,59,0
113,165,201,14,45,0
113,144,208,14,41,0
113,558,192,35,69,0
114,246,183,104,257,0
114,373,193,38,154,0
114,303,188,47,179,0
114,203,202,21,76,0
114,557,190,38,69,0
114,139,208,15,42,0
114,165,204,15,42,0
115,251,180,99,261,0
115,375,192,40,159,0
115,304,188,49,180,0
115,205,199,21,80,0
115,400,186,20,83,0
115,139,208,17,45,0
115,557,192,37,69,0
116,259,187,86,252,0
116,376,189,48,160,0
116,307,191,48,176,0
116,205,203,22,76,0
116,561,194,32,62,0
116,405,187,21,91,0
116,247,191,35,91,0
117,264,188,80,255,0
117,375,191,52,158,0
117,309,191,47,173,0
117,206,205,22,73,0
117,139,208,13,45,0
117,560,192,34,65,0
117,144,207,14,45,0
118,262,185,86,257,0
118,375,191,56,160,0
118,206,207,22,71,0
118,310,188,44,175,0
118,251,189,43,187,0
118,140,207,13,46,0
118,557,189,37,66,0
119,263,188,89,256,0
119,379,185,51,170,0
119,417,186,21,87,0
119,206,205,23,74,0
119,558,189,36,66,0
119,312,188,44,186,0
119,248,193,43,117,0
119,141,206,12,47,0
119,360,196,18,62,0
120,265,190,85,248,0
120,385,183,49,168,0
120,244,196,48,179,0
120,207,206,23,73,0
120,165,201,15,45,0
120,146,203,13,45,0
121,395,189,44,164,0
121,278,186,73,253,0
121,249,195,48,188,0
121,206,204,23,76,0
121,146,202,14,45,0
121,165,201,15,45,0
121,558,192,36,66,0
122,399,188,39,164,0
122,250,195,47,180,0
122,279,193,73,246,0
122,207,204,25,77,0
122,166,201,15,45,0
123,403,190,39,164,0
123,252,196,50,188,0
123,289,179,68,269,0
123,207,204,27,78,0
123,164,202,15,45,0
123,140,207,13,42,0
123,557,188,38,70,0
124,407,189,43,167,0
124,258,197,47,191,0
124,294,186,67,274,0
124,208,206,28,75,0
124,139,207,12,46,0
124,163,203,16,45,0
124,363,195,17,53,0
125,405,188,60,170,0
125,260,195,49,191,0
125,210,207,28,73,0
125,298,180,67,285,0
125,140,209,12,42,0
126,408,187,67,172,0
126,263,194,49,199,0
126,305,178,66,289,0
126,217,203,24,78,0
126,139,208,11,43,0
126,615,227,24,121,0
127,308,179,70,276,0
127,407,180,73,182,0
127,266,191,48,201,0
127,217,202,23,78,0
127,610,183,28,158,0
127,138,207,11,46,0
128,311,179,65,278,0
128,409,182,72,181,0
128,268,193,47,203,0
128,603,184,35,159,0
128,218,203,23,77,0
128,136,208,13,45,0
129,414,188,65,177,0
129,310,183,71,273,0
129,269,194,49,208,0
129,598,188,40,159,0
129,135,208,13,45,0
129,220,200,22,81,0
130,421,185,59,178,0
130,309,180,75,277,0
130,584,183,52,161,0
130,272,196,46,207,0
130,219,201,24,74,0
130,134,207,13,45,0
130,164,202,14,43,0
131,558,181,79,161,0
131,434,182,51,182,0
131,311,179,66,279,0
131,272,198,49,212,0
131,219,199,25,82,0
131,164,201,15,44,0
131,131,207,17,43,0
132,553,187,86,157,0
132,312,179,67,275,0
132,444,184,43,178,0
132,272,199,48,207,0
132,220,203,26,82,0
132,165,201,14,43,0
132,132,205,15,44,0
133,549,189,84,152,0
133,273,198,47,208,0
133,450,186,43,180,0
133,315,183,62,275,0
133,221,202,26,84,0
133,163,201,15,44,0
133,131,203,16,46,0
134,550,187,67,149,0
134,455,185,49,187,0
134,271,197,48,207,0
134,314,180,66,281,0
134,220,202,29,83,0
134,130,202,16,47,0
135,453,184,63,185,0
135,550,186,48,148,0
135,270,196,52,211,0
135,315,184,66,269,0
135,220,201,27,82,0
135,128,202,17,51,0
136,455,187,65,187,0
136,268,195,54,213,0
136,547,181,39,152,0
136,318,185,62,273,0
136,130,204,15,48,0
136,223,201,24,64,0
137,455,186,68,191,0
137,268,193,55,216,0
137,538,191,34,140,0
137,321,185,60,275,0
137,129,203,16,51,0
138,457,189,67,186,0
138,266,190,61,215,0
138,522,192,48,138,0
138,321,180,68,281,0
138,230,203,29,80,0
138,128,203,15,51,0
139,464,191,66,188,0
139,266,190,58,215,0
139,516,193,53,138,0
139,325,174,69,287,0
139,127,205,17,49,0
139,230,210,30,75,0
140,266,190,60,215,0
140,327,170,71,295,0
140,480,184,51,195,0
140,521,191,48,141,0
140,127,203,17,50,0
140,230,208,31,72,0
141,267,187,62,222,0
141,484,186,52,191,0
141,329,173,70,297,0
141,126,201,19,53,0
141,517,189,39,137,0
141,239,207,25,78,0
141,502,188,50,175,0
142,271,191,66,219,0
142,491,184,50,198,0
142,330,178,60,283,0
142,237,203,32,82,0
142,125,203,17,52,0
142,452,197,12,45,0
142,448,196,12,46,0
143,494,184,55,196,0
143,272,186,68,222,0
143,236,201,33,86,0
143,329,185,60,266,0
143,124,203,18,52,0
143,451,197,13,44,0
144,494,187,73,193,0
144,275,189,66,217,0
144,330,184,60,280,0
144,238,203,31,84,0
144,124,202,18,52,0
144,451,195,16,47,0
145,498,188,82,199,0
145,277,191,63,218,0
145,330,172,73,290,0
145,483,199,40,121,0
145,242,201,28,86,0
145,124,204,17,49,0
145,457,193,18,49,0
146,494,186,89,201,0
146,279,194,60,214,0
146,331,175,65,288,0
146,470,198,47,118,0
146,244,208,26,77,0
146,123,204,18,49,0
147,499,190,87,198,0
147,281,197,60,212,0
147,470,191,43,122,0
147,332,180,59,284,0
147,246,204,26,81,0
147,124,203,17,50,0
148,506,192,80,196,0
148,467,196,46,119,0
148,284,195,59,210,0
148,335,177,59,286,0
148,248,206,25,80,0
148,124,202,17,51,0
149,468,197,44,117,0
149,335,177,65,283,0
149,288,191,54,214,0
149,522,192,68,196,0
149,251,203,26,84,0
149,123,202,18,51,0
149,388,196,16,51,0
150,464,189,34,124,0
150,290,185,56,225,0
150,535,186,59,208,0
150,254,201,27,87,0
150,337,181,78,275,0
150,124,201,17,52,0
150,0,319,35,59,0
151,459,196,29,117,0
151,291,182,53,231,0
151,540,181,56,212,0
151,335,180,70,274,0
151,256,203,26,86,0
151,0,289,40,92,0
151,124,201,17,53,0
151,243,213,14,49,0
152,453,198,32,113,0
152,290,182,55,233,0
152,546,177,57,228,0
152,337,189,65,256,0
152,255,201,28,89,0
152,123,201,17,53,0
152,0,246,42,136,0
152,534,186,32,158,0
152,349,240,74,214,0
152,243,211,15,49,0
153,443,196,41,116,0
153,552,180,63,227,0
153,291,185,54,233,0
153,0,175,41,202,0
153,338,178,74,272,0
153,256,204,29,86,0
153,539,177,35,169,0
153,124,203,16,49,0
153,394,195,15,47,0
153,242,210,15,50,0
154,440,189,45,121,0
154,552,182,82,230,0
154,292,186,54,230,0
154,339,177,68,268,0
154,0,186,43,194,0
154,260,203,26,86,0
154,124,203,16,52,0
154,537,178,41,176,0
154,398,198,13,46,0
154,165,199,14,47,0
154,246,210,14,50,0
155,554,189,78,219,0
155,432,193,48,116,0
155,1,177,41,201,0
155,337,181,70,265,0
155,292,188,53,228,0
155,538,183,47,171,0
155,263,203,25,86,0
155,124,204,15,49,0
155,244,208,17,52,0
155,164,199,14,47,0
156,428,197,42,108,0
156,556,179,83,235,0
156,1,178,41,199,0
156,337,176,83,271,0
156,543,181,50,178,0
156,292,192,53,229,0
156,266,205,23,85,0
156,124,204,14,50,0
156,244,208,17,52,0
156,164,201,14,46,0
156,399,197,13,50,0
157,338,180,83,265,0
157,4,182,51,196,0
157,565,192,73,217,0
157,427,192,30,114,0
157,541,183,61,176,0
157,290,193,56,229,0
157,243,210,18,49,0
157,266,207,24,85,0
157,124,203,15,52,0
157,400,197,15,47,0
157,163,201,15,47,0
158,6,182,76,193,0
158,344,181,75,262,0
158,428,195,28,110,0
158,576,187,63,223,0
158,290,189,56,231,0
158,554,186,49,162,0
158,124,204,14,49,0
158,269,197,23,95,0
158,243,208,16,48,0
158,163,201,15,47,0
158,401,198,14,46,0
159,6,175,87,204,0
159,347,184,71,261,0
159,423,196,27,107,0
159,594,169,44,247,0
159,290,191,57,227,0
159,163,201,15,47,0
159,270,195,26,96,0
159,124,205,14,48,0
159,566,183,47,181,0
159,243,208,18,51,0
159,119,207,15,45,0
160,5,177,98,203,0
160,349,184,71,262,0
160,418,199,32,105,0
160,289,191,57,229,0
160,573,181,47,180,0
160,124,206,15,47,0
160,162,200,14,48,0
160,607,171,31,245,0
160,272,195,25,96,0
160,480,195,14,48,0
160,119,207,16,45,0
160,243,210,15,47,0
160,127,207,15,46,0
161,5,182,103,194,0
161,351,181,69,267,0
161,288,186,58,235,0
161,414,196,36,108,0
161,576,179,50,196,0
161,483,195,15,46,0
161,162,200,15,48,0
161,124,204,15,49,0
161,556,193,26,63,0
161,119,206,16,46,0
161,272,201,25,91,0
161,615,175,24,239,0
162,11,179,99,195,0
162,353,180,65,265,0
162,581,179,51,201,0
162,291,186,56,234,0
162,409,191,38,113,0
162,486,195,16,46,0
162,162,201,14,47,0
162,124,206,14,47,0
162,556,193,30,67,0
162,241,212,18,47,0
162,119,207,15,45,0
163,17,179,93,191,0
163,351,180,68,266,0
163,292,188,56,230,0
163,585,177,52,205,0
163,485,195,16,46,0
163,124,205,15,49,0
163,406,202,36,96,0
163,161,200,15,49,0
163,243,210,17,47,0
164,34,178,77,188,0
164,289,189,59,228,0
164,352,183,67,261,0
164,585,168,54,212,0
164,486,195,15,46,0
164,123,205,15,49,0
164,401,199,27,96,0
164,243,211,18,51,0
164,161,199,14,46,0
164,119,207,15,47,0
165,50,184,59,181,0
165,290,183,57,233,0
165,353,173,70,276,0
165,584,168,55,211,0
165,489,196,13,45,0
165,124,206,15,47,0
165,243,210,15,45,0
165,160,200,14,44,0
166,352,183,73,264,0
166,59,179,53,185,0
166,290,178,59,236,0
166,584,174,53,202,0
166,491,195,13,46,0
166,123,206,15,47,0
166,398,193,43,152,0
166,1,256,26,99,0
166,556,191,38,67,0
167,350,177,75,267,0
167,69,178,54,186,0
167,293,181,55,238,0
167,590,185,47,190,0
167,492,193,15,48,0
167,0,195,42,153,0
167,123,205,15,48,0
167,497,193,15,48,0
167,160,200,14,47,0
168,353,177,72,267,0
168,66,175,67,190,0
168,297,186,55,229,0
168,0,195,49,151,0
168,493,196,14,44,0
168,599,191,40,190,0
168,558,192,35,68,0
168,243,211,15,47,0
169,74,186,69,178,0
169,352,177,72,268,0
169,296,187,53,229,0
169,0,196,53,152,0
169,494,199,13,40,0
169,557,192,36,69,0
169,244,212,15,51,0
170,77,181,73,181,0
170,353,176,72,269,0
170,297,186,55,231,0
170,1,194,52,152,0
170,498,198,14,42,0
170,244,211,13,51,0
170,557,192,35,66,0
171,79,198,73,164,0
171,353,177,72,268,0
171,297,187,57,227,0
171,0,200,52,146,0
171,497,197,14,42,0
171,244,211,16,51,0
172,354,178,72,268,0
172,80,187,76,174,0
172,298,188,56,227,0
172,2,198,50,156,0
172,497,196,14,44,0
172,244,210,16,51,0
172,558,191,34,68,0
173,355,179,73,267,0
173,299,189,53,223,0
173,84,177,72,180,0
173,12,197,40,150,0
173,557,190,36,68,0
173,406,197,30,113,0
173,244,208,15,51,0
174,357,178,70,267,0
174,96,179,61,177,0
174,300,188,53,224,0
174,22,195,37,156,0
174,501,194,13,48,0
175,355,176,69,268,0
175,19,194,51,153,0
175,300,186,53,226,0
175,106,178,49,177,0
175,503,192,14,46,0
175,244,210,14,51,0
176,354,176,74,270,0
176,27,191,64,155,0
176,301,189,56,222,0
176,114,174,42,181,0
176,243,209,16,52,0
177,355,184,73,262,0
177,25,204,74,143,0
177,302,180,57,232,0
177,117,173,46,180,0
177,0,198,26,179,0
177,244,211,16,51,0
177,556,189,37,69,0
178,32,192,69,150,0
178,354,180,74,265,0
178,124,178,45,171,0
178,303,186,54,221,0
178,1,194,38,180,0
178,555,187,38,70,0
178,353,197,21,92,0
178,243,210,14,51,0
179,122,177,65,173,0
179,355,184,80,261,0
179,37,199,62,143,0
179,305,186,50,223,0
179,0,199,61,173,0
179,354,198,21,89,0
179,244,210,15,52,0
180,127,177,66,171,0
180,0,200,68,172,0
180,354,183,85,265,0
180,305,177,51,236,0
180,50,201,48,141,0
180,351,191,23,97,0
180,244,210,14,52,0
180,555,189,38,68,0
181,128,177,66,171,0
181,0,202,79,171,0
181,354,180,83,269,0
181,306,185,54,222,0
181,57,205,43,137,0
181,244,210,15,52,0
181,556,188,37,68,0
182,0,197,81,175,0
182,128,189,68,160,0
182,354,181,83,267,0
182,306,188,53,220,0
182,63,196,37,145,0
182,243,210,17,51,0
183,355,180,80,270,0
183,127,190,71,159,0
183,1,199,77,172,0
183,310,184,55,227,0
183,68,197,37,143,0
183,242,211,16,50,0
184,132,188,69,156,0
184,354,174,79,275,0
184,9,197,69,165,0
184,311,185,53,223,0
184,74,196,40,143,0
184,222,209,23,48,0
185,136,187,64,158,0
185,354,176,88,274,0
185,314,184,50,225,0
185,33,201,46,158,0
185,77,192,54,145,0
185,122,207,18,47,0
186,312,186,56,224,0
186,356,177,83,271,0
186,146,187,54,156,0
186,79,192,57,145,0
186,35,196,50,167,0
186,122,209,18,45,0
186,242,210,15,47,0
187,355,178,84,273,0
187,315,187,53,224,0
187,44,201,53,161,0
187,158,185,43,155,0
187,86,193,52,138,0
187,0,214,17,144,0
187,123,206,18,47,0
188,356,178,88,270,0
188,44,198,74,164,0
188,317,187,51,221,0
188,161,185,45,153,0
188,1,207,23,155,0
188,88,201,50,129,0
189,49,198,71,160,0
189,356,181,81,266,0
189,317,189,53,221,0
189,165,196,51,145,0
189,0,190,43,166,0
189,99,198,39,130,0
190,356,181,83,270,0
190,50,197,78,164,0
190,317,186,54,224,0
190,0,193,54,162,0
190,168,179,51,160,0
190,104,196,35,133,0
190,558,191,35,71,0
191,358,177,80,272,0
191,55,196,73,160,0
191,173,177,50,161,0
191,0,192,63,163,0
191,316,184,56,229,0
191,108,196,34,135,0
191,308,199,20,59,0
192,357,182,86,268,0
192,0,196,69,158,0
192,65,197,64,157,0
192,176,180,51,159,0
192,318,187,55,225,0
192,115,203,35,128,0
192,226,210,17,48,0
193,356,184,88,265,0
193,0,195,73,159,0
193,179,184,51,154,0
193,74,198,52,155,0
193,321,189,56,224,0
193,117,204,41,125,0
193,310,198,19,62,0
194,348,181,98,267,0
194,5,191,64,162,0
194,181,184,50,153,0
194,120,199,55,131,0
194,321,185,52,231,0
194,83,198,46,156,0
194,242,209,15,53,0
194,223,210,19,51,0
195,343,182,103,266,0
195,186,181,45,156,0
195,12,193,56,160,0
195,123,195,56,132,0
195,321,187,55,226,0
195,87,198,46,158,0
195,244,210,16,54,0
195,308,196,23,64,0
196,348,181,96,268,0
196,190,179,43,156,0
196,20,194,49,158,0
196,323,186,55,225,0
196,128,197,55,130,0
196,91,199,46,151,0
196,243,210,17,53,0
196,307,195,21,67,0
197,346,185,99,263,0
197,26,190,50,163,0
197,194,176,42,156,0
197,323,188,54,223,0
197,95,197,58,155,0
197,135,199,48,127,0
197,243,210,18,56,0
197,305,194,20,76,0
197,327,185,78,242,0
198,349,177,95,273,0
198,32,191,54,159,0
198,100,201,58,147,0
198,323,189,52,221,0
198,198,180,39,149,0
198,141,206,39,122,0
198,305,194,20,77,0
198,243,206,17,58,0
198,332,186,79,244,0
199,352,177,92,274,0
199,101,198,64,151,0
199,41,195,53,154,0
199,199,180,42,149,0
199,325,188,50,224,0
199,148,208,33,120,0
199,238,206,19,56,0
200,353,177,93,274,0
200,42,193,63,158,0
200,199,181,49,147,0
200,104,198,60,153,0
200,321,186,54,231,0
200,302,201,19,70,0
200,150,203,34,123,0
200,236,206,21,61,0
200,419,201,13,33,0
200,560,191,34,69,0
201,351,177,89,273,0
201,44,191,71,160,0
201,202,185,52,143,0
201,107,202,58,146,0
201,321,186,51,228,0
201,300,199,21,72,0
201,157,213,33,111,0
201,559,191,34,71,0
201,235,207,20,59,0
201,420,201,13,33,0
202,352,179,85,271,0
202,46,193,70,156,0
202,207,180,54,145,0
202,323,186,49,229,0
202,158,199,46,127,0
202,118,199,47,143,0
202,298,198,24,74,0
202,560,189,34,77,0
203,357,175,78,274,0
203,51,190,63,160,0
203,210,180,55,147,0
203,328,190,45,224,0
203,162,204,45,121,0
203,131,198,36,142,0
204,354,175,76,273,0
204,211,183,56,141,0
204,62,193,54,155,0
204,164,201,48,123,0
204,323,186,49,231,0
204,136,195,35,147,0
204,291,198,30,71,0
204,563,193,32,65,0
205,354,177,71,274,0
205,214,179,53,147,0
205,76,193,42,148,0
205,323,187,47,226,0
205,168,195,46,128,0
205,137,196,39,143,0
205,291,197,26,72,0
206,356,180,66,270,0
206,213,178,52,148,0
206,323,186,48,229,0
206,139,201,50,137,0
206,89,191,33,149,0
206,175,195,40,128,0
206,293,195,22,72,0
207,352,182,72,274,0
207,217,184,51,142,0
207,144,196,54,142,0
207,87,195,42,146,0
207,323,182,45,234,0
207,177,190,41,135,0
207,290,194,21,73,0
208,346,180,78,275,0
208,224,185,45,140,0
208,146,201,54,138,0
208,328,185,39,226,0
208,93,195,47,145,0
208,183,192,36,130,0
208,287,194,23,73,0
209,227,178,42,143,0
209,349,178,74,278,0
209,147,199,52,139,0
209,95,195,53,142,0
209,324,182,45,228,0
209,188,190,38,129,0
209,287,194,24,72,0
210,349,176,71,275,0
210,228,178,42,143,0
210,151,195,49,141,0
210,95,193,61,145,0
210,325,188,44,226,0
210,192,190,38,127,0
210,558,193,37,68,0
211,96,194,66,143,0
211,350,180,71,271,0
211,154,196,47,141,0
211,192,195,49,124,0
211,232,183,40,138,0
211,325,186,43,227,0
211,286,196,19,72,0
211,558,191,37,67,0
212,99,195,62,141,0
212,351,180,70,271,0
212,156,194,45,140,0
212,199,195,46,122,0
212,234,186,39,133,0
212,324,196,44,215,0
212,560,192,35,67,0
212,283,198,20,66,0
213,107,193,55,141,0
213,350,175,77,282,0
213,201,194,44,124,0
213,235,193,39,127,0
213,171,198,36,132,0
213,324,187,42,226,0
213,281,198,20,67,0
213,302,198,22,62,0
213,559,193,35,67,0
214,117,198,45,137,0
214,351,180,76,280,0
214,241,187,37,135,0
214,204,206,45,110,0
214,325,192,43,220,0
214,174,198,34,134,0
214,557,146,82,271,0
215,175,194,43,140,0
215,241,185,39,137,0
215,348,178,82,283,0
215,327,188,41,226,0
215,214,203,35,109,0
215,275,196,19,68,0
215,522,141,117,311,0
215,423,190,24,76,0
215,131,203,31,122,0
216,177,195,49,140,0
216,240,187,42,135,0
216,352,185,69,262,0
216,328,191,43,220,0
216,490,137,149,326,0
216,99,201,17,52,0
216,135,200,29,117,0
216,275,197,18,64,0
216,217,199,29,113,0
217,180,194,50,137,0
217,243,192,39,130,0
217,333,187,45,223,0
217,380,147,251,307,0
217,361,179,55,227,0
217,136,203,35,126,0
217,415,186,39,139,0
217,400,184,47,153,0
217,277,197,16,65,0
218,180,194,50,142,0
218,134,204,45,126,0
218,423,127,165,329,0
218,243,191,40,128,0
218,367,180,54,185,0
218,335,184,46,173,0
218,275,196,18,66,0
219,180,194,55,139,0
219,369,180,53,190,0
219,335,184,48,184,0
219,404,138,137,318,0
219,250,187,36,132,0
219,138,206,45,124,0
219,231,199,26,112,0
220,180,195,55,137,0
220,338,185,49,191,0
220,371,146,123,310,0
220,143,202,40,126,0
220,257,186,30,129,0
220,234,193,35,124,0
221,434,186,53,145,0
221,184,198,52,133,0
221,340,148,113,314,0
221,147,198,42,132,0
221,258,187,30,122,0
221,235,201,41,115,0
221,113,224,28,59,0
222,192,195,44,134,0
222,440,192,42,145,0
222,237,189,49,126,0
222,153,198,37,126,0
222,394,182,45,214,0
222,463,464,35,14,0
222,263,190,30,117,0
222,560,191,36,77,0
222,108,224,30,61,0
223,199,194,38,131,0
223,236,188,52,126,0
223,156,196,38,125,0
223,377,173,69,294,0
223,447,191,39,147,0
223,104,225,28,63,0
223,289,147,102,299,0
223,263,186,31,127,0
224,157,195,37,126,0
224,380,176,66,300,0
224,262,130,108,323,0
224,449,190,39,149,0
224,97,218,32,71,0
224,201,198,37,129,0
224,355,187,43,200,0
224,422,189,35,143,0
224,244,193,34,117,0
224,132,208,14,46,0
224,127,208,14,44,0
225,448,188,41,150,0
225,347,187,54,231,0
225,160,198,39,121,0
225,243,141,106,308,0
225,212,200,31,126,0
225,381,185,67,285,0
225,92,230,32,56,0
225,612,180,25,109,0
225,403,182,52,144,0
226,376,178,95,290,0
226,456,188,37,152,0
226,219,150,107,308,0
226,352,187,51,229,0
226,163,198,43,123,0
227,381,180,105,293,0
227,353,191,54,226,0
227,459,185,38,156,0
227,189,155,112,312,0
227,164,198,40,118,0
227,82,232,31,54,0
227,273,188,23,105,0
228,383,178,107,298,0
228,162,166,118,304,0
228,353,187,59,231,0
228,266,183,37,132,0
228,462,187,40,154,0
228,79,234,29,55,0
228,130,204,17,51,0
229,384,182,105,293,0
229,465,188,42,157,0
229,359,192,58,227,0
229,137,168,112,296,0
229,269,189,34,122,0
229,225,199,35,127,0
229,72,233,33,51,0
229,124,204,20,50,0
229,611,170,27,118,0
230,389,180,97,291,0
230,466,188,55,160,0
230,107,166,130,302,0
230,365,187,56,233,0
230,221,194,43,134,0
230,271,192,36,118,0
230,276,433,59,45,0
230,193,193,18,61,0
230,67,237,30,49,0
231,387,178,103,296,0
231,466,188,56,162,0
231,369,191,55,241,0
231,219,193,49,134,0
231,91,163,116,263,0
231,270,192,38,120,0
231,190,192,26,111,0
232,393,177,100,295,0
232,371,191,59,234,0
232,66,157,135,313,0
232,226,191,43,134,0
232,474,187,48,164,0
232,272,191,39,121,0
232,190,192,30,118,0
233,47,158,136,311,0
233,408,179,88,290,0
233,376,190,56,237,0
233,476,188,50,165,0
233,275,193,35,118,0
233,232,192,43,132,0
233,190,194,36,121,0
233,429,182,58,232,0
234,418,176,78,292,0
234,35,164,127,312,0
234,377,188,56,241,0
234,236,189,38,137,0
234,486,185,42,169,0
234,191,191,34,121,0
234,278,189,31,121,0
234,562,193,34,68,0
234,164,209,25,73,0
235,19,171,127,297,0
235,379,184,55,255,0
235,238,190,40,134,0
235,496,181,34,173,0
235,277,193,32,117,0
235,429,177,74,286,0
235,194,195,31,118,0
235,162,210,25,78,0
235,562,192,35,69,0
236,3,176,130,300,0
236,381,192,55,259,0
236,241,192,43,132,0
236,436,171,70,295,0
236,198,194,30,118,0
236,494,182,42,174,0
236,279,190,33,120,0
237,0,182,116,288,0
237,383,197,57,252,0
237,501,182,41,165,0
237,244,191,41,134,0
237,438,175,72,291,0
237,198,190,34,121,0
237,280,189,34,119,0
237,151,213,27,77,0
237,130,218,23,72,0
237,447,181,56,134,0
238,0,174,100,304,0
238,387,186,57,259,0
238,245,192,40,133,0
238,503,182,50,173,0
238,200,192,34,118,0
238,444,182,72,289,0
238,283,190,37,118,0
238,147,215,28,77,0
238,561,192,34,75,0
239,390,184,58,260,0
239,506,183,62,178,0
239,448,174,69,299,0
239,0,177,87,294,0
239,245,192,40,132,0
239,201,192,39,115,0
239,284,196,40,111,0
239,140,214,28,80,0
239,283,196,26,112,0
239,363,201,20,61,0
239,561,191,34,84,0
240,392,185,59,259,0
240,450,175,75,295,0
240,509,187,71,176,0
240,203,192,37,115,0
240,0,190,67,285,0
240,253,190,40,131,0
240,138,215,26,77,0
240,284,194,23,114,0
240,299,211,39,92,0
240,363,202,20,59,0
240,284,198,42,108,0
240,562,194,33,65,0
241,452,172,90,299,0
241,395,180,57,262,0
241,514,188,67,181,0
241,209,194,32,114,0
241,256,191,39,132,0
241,305,202,32,99,0
241,362,199,21,63,0
241,284,192,24,120,0
241,121,212,38,86,0
242,456,177,89,290,0
242,400,190,53,250,0
242,210,193,34,112,0
242,521,187,59,180,0
242,262,191,33,129,0
242,363,199,20,63,0
242,305,197,30,105,0
242,117,212,36,90,0
242,284,193,23,118,0
242,449,185,33,235,0
243,452,170,94,300,0
243,211,197,41,111,0
243,404,188,54,256,0
243,526,185,58,183,0
243,306,196,31,107,0
243,272,193,32,125,0
243,363,199,22,62,0
243,283,190,26,121,0
243,124,218,29,81,0
244,459,179,90,287,0
244,404,191,65,262,0
244,212,192,43,116,0
244,530,187,50,180,0
244,267,192,45,128,0
244,308,199,30,104,0
244,363,199,20,63,0
244,0,237,23,67,0
244,456,186,33,239,0
245,405,188,71,264,0
245,457,177,106,294,0
245,213,193,43,115,0
245,271,195,45,125,0
245,312,196,28,105,0
245,537,184,45,179,0
245,365,197,18,63,0
245,460,180,38,237,0
245,103,222,36,79,0
245,0,245,16,56,0
246,407,185,70,264,0
246,463,177,80,283,0
246,214,192,44,117,0
246,274,196,41,123,0
246,315,195,28,107,0
246,539,180,58,185,0
246,365,196,18,65,0
246,95,207,39,103,0
247,459,175,106,298,0
247,407,193,68,256,0
247,216,194,39,115,0
247,275,199,42,121,0
247,316,197,34,105,0
247,546,181,51,172,0
247,88,211,41,99,0
247,364,194,19,61,0
247,465,182,40,240,0
248,405,189,72,262,0
248,219,192,38,117,0
248,465,176,98,294,0
248,274,196,45,124,0
248,318,199,37,103,0
248,466,176,49,263,0
248,546,182,52,176,0
248,365,194,18,60,0
248,95,208,31,82,0
249,407,190,79,259,0
249,222,190,35,122,0
249,479,167,85,302,0
249,318,201,42,101,0
249,282,198,38,120,0
249,553,179,52,214,0
249,84,207,36,100,0
249,471,181,46,246,0
249,365,193,20,65,0
249,186,203,13,32,0
250,411,187,76,256,0
250,226,191,32,118,0
250,323,203,40,100,0
250,286,191,37,130,0
250,553,182,69,212,0
250,76,210,34,97,0
250,499,172,65,249,0
250,474,185,46,224,0
250,362,196,21,66,0
251,423,191,65,251,0
251,227,193,33,117,0
251,290,193,37,130,0
251,68,214,38,98,0
251,325,203,37,100,0
251,472,180,53,241,0
251,505,171,74,264,0
251,562,183,67,214,0
251,362,194,23,67,0
252,229,193,33,116,0
252,435,181,58,267,0
252,289,193,39,127,0
252,568,181,68,218,0
252,59,215,38,97,0
252,479,178,48,249,0
252,333,204,30,98,0
252,506,171,70,253,0
252,363,195,21,66,0
252,122,204,22,49,0
252,391,197,14,35,0
253,231,195,33,113,0
253,440,184,58,279,0
253,53,215,38,104,0
253,298,196,42,126,0
253,575,188,63,212,0
253,336,199,29,104,0
253,501,171,97,257,0
253,363,195,21,67,0
253,123,204,23,49,0
253,390,196,16,38,0
254,444,176,60,291,0
254,236,198,33,112,0
254,298,196,53,125,0
254,584,177,53,224,0
254,44,222,42,91,0
254,501,180,80,252,0
254,123,202,21,51,0
254,339,202,28,97,0
254,490,180,52,242,0
254,362,196,23,65,0
254,390,197,15,36,0
255,440,183,79,285,0
255,237,196,39,112,0
255,299,196,53,125,0
255,34,215,45,95,0
255,590,176,48,229,0
255,509,168,79,254,0
255,493,180,44,243,0
255,123,203,22,51,0
255,369,194,20,67,0
255,342,204,31,95,0
256,442,183,81,287,0
256,238,196,38,113,0
256,300,199,51,121,0
256,510,170,82,302,0
256,26,226,42,83,0
256,122,204,21,51,0
256,369,196,21,65,0
256,346,201,29,99,0
256,595,172,44,234,0
256,227,203,16,50,0
257,442,185,84,285,0
257,239,196,40,114,0
257,301,205,51,115,0
257,510,169,86,300,0
257,15,217,45,110,0
257,348,202,34,99,0
257,122,203,22,52,0
257,227,201,16,53,0
257,606,172,33,227,0
257,293,191,25,115,0
258,443,186,85,285,0
258,241,192,38,117,0
258,303,201,52,116,0
258,518,175,93,295,0
258,2,216,53,112,0
258,349,203,34,98,0
258,294,193,24,113,0
258,122,204,22,49,0
258,611,160,28,241,0
258,226,201,16,54,0
259,443,188,87,284,0
259,246,195,36,112,0
259,526,172,92,301,0
259,310,199,43,117,0
259,2,219,44,108,0
259,352,199,34,103,0
259,294,193,24,115,0
259,224,202,17,50,0
259,122,203,21,50,0
259,615,168,23,233,0
260,446,183,88,293,0
260,248,196,34,110,0
260,311,198,44,121,0
260,532,172,91,299,0
260,1,216,43,118,0
260,354,201,34,99,0
260,294,185,28,125,0
260,122,202,22,53,0
260,224,202,17,50,0
261,452,185,86,287,0
261,251,192,33,111,0
261,535,173,85,295,0
261,295,191,29,118,0
261,322,203,37,115,0
261,354,200,34,101,0
261,122,202,22,52,0
261,223,200,17,51,0
261,514,175,51,275,0
262,459,184,81,288,0
262,254,190,35,114,0
262,538,168,88,303,0
262,324,197,44,119,0
262,298,184,27,125,0
262,356,207,34,95,0
262,122,202,22,52,0
262,222,200,19,53,0
262,523,178,52,267,0
262,185,201,12,33,0
262,1,238,29,87,0
263,472,184,73,287,0
263,257,194,34,111,0
263,329,196,39,121,0
263,122,202,22,53,0
263,222,201,21,53,0
263,299,179,28,133,0
263,358,206,32,94,0
263,560,166,71,242,0
263,518,181,56,273,0
263,185,201,12,33,0
264,486,185,63,286,0
264,259,197,36,106,0
264,524,181,54,273,0
264,330,194,40,123,0
264,569,169,70,230,0
264,301,185,28,126,0
264,221,202,20,50,0
264,122,202,22,51,0
264,362,199,29,99,0
264,218,202,17,48,0
265,485,183,65,286,0
265,262,194,39,109,0
265,568,169,69,241,0
265,335,196,44,117,0
265,531,182,55,255,0
265,124,206,19,48,0
265,219,202,20,49,0
265,304,189,27,123,0
265,185,203,12,32,0
265,117,206,19,47,0
265,108,202,13,49,0
265,182,204,12,32,0
266,486,179,68,300,0
266,263,194,41,108,0
266,336,200,42,120,0
266,564,162,75,290,0
266,123,206,21,48,0
266,218,201,15,49,0
266,530,181,63,268,0
266,306,194,31,116,0
266,185,202,13,34,0
266,235,202,14,39,0
266,510,183,72,277,0
267,482,184,72,287,0
267,265,195,43,109,0
267,337,197,44,122,0
267,566,168,72,291,0
267,533,184,62,268,0
267,217,201,15,49,0
267,123,204,21,51,0
267,308,186,32,126,0
267,185,201,14,34,0
267,234,202,14,39,0
268,481,186,91,288,0
268,265,195,42,108,0
268,336,197,43,122,0
268,583,164,56,290,0
268,218,200,15,49,0
268,123,204,22,51,0
268,534,183,63,283,0
268,307,189,35,124,0
268,184,201,14,35,0
268,372,201,27,99,0
268,182,202,12,34,0
269,481,181,93,290,0
269,267,195,43,109,0
269,338,195,42,125,0
269,588,162,51,308,0
269,306,186,36,125,0
269,122,204,22,51,0
269,218,201,15,48,0
269,378,193,23,110,0
269,186,202,14,34,0
269,222,202,15,43,0
269,181,203,12,33,0
270,485,182,90,288,0
270,306,183,44,131,0
270,268,192,41,110,0
270,593,162,46,311,0
270,122,206,21,48,0
270,347,197,36,121,0
270,218,203,14,45,0
270,540,181,54,272,0
270,239,206,12,34,0
270,190,203,11,33,0
271,493,181,88,292,0
271,305,194,43,119,0
271,273,195,41,107,0
271,600,163,39,305,0
271,549,178,53,272,0
271,349,196,39,121,0
271,123,206,22,48,0
271,218,202,14,47,0
271,236,204,14,36,0
271,189,201,11,34,0
271,185,201,13,34,0
272,503,181,92,286,0
272,276,196,37,104,0
272,305,190,45,120,0
272,606,169,32,303,0
272,123,206,21,47,0
272,217,203,15,46,0
272,529,192,81,264,0
272,351,197,35,119,0
272,132,207,14,45,0
272,185,202,13,34,0
272,189,202,11,34,0
273,516,182,85,283,0
273,284,197,31,102,0
273,314,186,38,125,0
273,124,207,21,46,0
273,544,181,72,265,0
273,216,202,14,47,0
273,357,195,36,120,0
273,611,202,27,273,0
273,132,207,14,45,0
273,185,200,14,36,0
274,516,181,100,289,0
274,286,198,29,103,0
274,317,192,36,119,0
274,123,207,21,47,0
274,216,203,14,46,0
274,365,197,32,118,0
274,237,203,12,36,0
274,185,201,14,35,0
274,558,180,65,244,0
275,522,178,100,288,0
275,287,195,31,106,0
275,324,183,31,128,0
275,123,206,21,48,0
275,360,195,38,123,0
275,215,202,14,46,0
275,185,201,14,35,0
275,237,203,12,36,0
275,562,182,64,237,0
275,131,208,16,46,0
275,398,199,13,43,0
276,526,175,85,293,0
276,293,195,29,108,0
276,325,180,30,127,0
276,123,206,24,49,0
276,362,194,38,124,0
276,550,182,77,268,0
276,215,202,13,45,0
276,237,201,13,39,0
276,185,201,13,35,0
276,136,206,14,44,0
277,520,181,105,289,0
277,294,194,32,109,0
277,326,189,33,121,0
277,363,193,39,126,0
277,122,205,23,50,0
277,213,203,15,45,0
277,236,199,14,41,0
277,184,201,14,36,0
277,563,177,71,268,0
277,137,205,13,45,0
278,518,177,94,292,0
278,295,199,32,103,0
278,362,192,40,125,0
278,330,192,33,119,0
278,214,204,15,45,0
278,122,204,22,50,0
278,235,200,15,41,0
278,554,178,78,281,0
278,185,200,14,36,0
279,517,176,110,295,0
279,295,197,34,105,0
279,365,193,41,126,0
279,329,194,37,115,0
279,213,204,15,44,0
279,122,204,23,50,0
279,235,200,15,41,0
279,185,201,13,36,0
279,136,203,15,47,0
280,519,175,104,299,0
280,297,195,34,107,0
280,331,187,38,122,0
280,367,193,45,125,0
280,122,205,22,49,0
280,130,205,18,48,0
280,213,205,15,43,0
280,138,203,14,47,0
280,185,201,13,35,0
280,237,202,12,38,0
281,523,178,104,296,0
281,370,193,42,123,0
281,299,196,34,106,0
281,334,195,36,114,0
281,122,204,23,50,0
281,136,202,14,49,0
281,238,203,12,37,0
281,214,204,12,43,0
281,185,201,13,34,0
282,525,177,107,295,0
282,376,193,40,121,0
282,335,194,42,115,0
282,307,194,32,107,0
282,123,205,22,49,0
282,237,203,14,38,0
282,137,203,13,48,0
282,215,202,13,44,0
282,187,202,14,34,0
283,537,176,97,303,0
283,377,192,39,124,0
283,333,198,46,113,0
283,123,205,23,50,0
283,309,198,29,99,0
283,236,204,13,37,0
283,214,201,13,45,0
283,137,204,14,47,0
283,267,210,13,32,0
283,185,201,13,35,0
283,600,172,39,243,0
284,549,177,80,295,0
284,332,197,52,114,0
284,379,194,39,120,0
284,121,202,24,52,0
284,311,197,27,99,0
284,597,176,41,271,0
284,237,205,14,38,0
284,213,201,14,45,0
284,268,210,12,32,0
284,185,200,14,37,0
285,555,174,77,296,0
285,380,194,45,123,0
285,337,192,45,119,0
285,312,194,30,106,0
285,122,204,22,51,0
285,237,202,14,40,0
285,212,201,15,46,0
285,266,210,12,33,0
285,130,205,16,49,0
285,185,200,13,37,0
286,556,177,77,295,0
286,381,193,49,121,0
286,315,193,30,105,0
286,340,185,43,124,0
286,122,207,22,48,0
286,236,200,15,42,0
286,212,201,14,46,0
286,189,199,12,37,0
287,557,178,81,296,0
287,384,194,47,121,0
287,314,193,41,109,0
287,122,205,23,49,0
287,343,189,41,120,0
287,211,202,14,45,0
287,237,200,14,43,0
287,186,200,14,37,0
287,207,200,14,45,0
288,561,171,78,303,0
288,385,196,49,119,0
288,317,194,40,108,0
288,210,202,15,44,0
288,123,204,23,50,0
288,236,200,15,42,0
288,349,196,30,111,0
288,206,200,15,44,0
288,187,202,14,36,0
289,557,176,80,297,0
289,387,198,46,117,0
289,317,197,39,102,0
289,236,201,16,41,0
289,210,200,15,46,0
289,356,193,28,115,0
289,206,200,14,44,0
290,557,176,82,298,0
290,390,199,45,117,0
290,319,202,36,95,0
290,354,199,33,108,0
290,206,199,13,43,0
290,123,206,21,48,0
290,237,202,15,40,0
290,210,202,14,43,0
290,308,221,16,39,0
291,556,173,83,302,0
291,391,194,45,121,0
291,318,199,38,98,0
291,357,197,29,112,0
291,207,199,13,44,0
291,238,201,14,41,0
291,309,222,19,38,0
291,210,200,14,44,0
291,124,207,19,47,0
292,559,178,79,296,0
292,397,195,39,120,0
292,319,206,39,90,0
292,357,194,33,115,0
292,238,200,15,42,0
292,207,200,13,43,0
292,123,206,20,48,0
292,184,200,14,37,0
292,132,204,16,48,0
293,563,179,76,290,0
293,401,193,40,120,0
293,325,196,37,103,0
293,205,200,14,44,0
293,359,187,33,123,0
293,238,200,15,42,0
293,123,202,22,52,0
293,185,201,13,37,0
294,568,174,71,301,0
294,403,194,40,118,0
294,331,197,32,98,0
294,205,200,14,44,0
294,362,187,29,121,0
294,123,200,21,54,0
294,186,200,12,38,0
294,239,200,14,43,0
294,132,200,16,51,0
295,576,201,62,269,0
295,407,195,38,117,0
295,337,200,27,98,0
295,364,186,33,124,0
295,205,201,14,44,0
295,125,200,23,54,0
295,239,199,14,43,0
295,185,201,12,37,0
296,367,184,32,123,0
296,409,196,38,116,0
296,338,196,25,99,0
296,205,201,14,44,0
296,239,200,14,42,0
296,123,202,21,52,0
296,593,177,46,299,0
296,185,200,13,38,0
296,396,194,27,103,0
296,132,200,17,52,0
297,367,185,35,123,0
297,416,196,37,117,0
297,206,200,14,45,0
297,243,201,13,40,0
297,341,199,22,97,0
297,123,202,20,51,0
297,185,199,14,39,0
297,130,201,18,51,0
298,367,186,38,120,0
298,418,196,36,119,0
298,206,200,14,44,0
298,345,202,23,92,0
298,240,201,14,42,0
298,123,201,21,52,0
298,133,201,16,51,0
298,186,199,15,40,0
299,420,195,37,119,0
299,344,200,28,95,0
299,369,186,36,120,0
299,240,201,14,42,0
299,205,201,14,44,0
299,130,201,18,52,0
299,185,199,14,39,0
299,124,202,17,50,0
300,419,195,34,117,0
300,343,196,36,102,0
300,207,201,13,45,0
300,376,188,28,113,0
300,243,200,15,41,0
300,612,172,27,114,0
300,128,201,19,52,0
300,185,198,14,40,0
300,400,195,29,104,0
300,124,202,18,50,0
