1,561,173,58,152,1
1,429,204,25,88,1
1,0,145,39,249,1
1,419,240,19,49,1
1,420,214,26,75,1
2,560,172,58,155,1
2,0,138,46,257,1
2,431,203,24,90,1
2,85,201,33,112,1
2,421,241,15,49,1
2,38,230,27,103,1
2,626,167,13,91,1
3,562,173,54,155,1
3,0,115,52,285,1
3,424,241,14,50,1
3,433,201,23,92,1
3,623,167,15,95,1
3,91,209,27,103,1
4,563,174,52,155,1
4,0,109,53,303,1
4,94,209,21,100,1
4,434,202,26,92,1
4,425,238,16,52,1
4,622,169,16,94,1
5,562,175,49,157,1
5,0,102,57,300,1
5,440,206,22,87,1
5,426,241,15,50,1
5,622,168,17,96,1
6,0,106,59,296,1
6,562,174,49,156,1
6,440,206,24,88,1
6,428,241,15,51,1
6,621,167,17,101,1
7,0,104,61,303,1
7,561,173,52,158,1
7,440,207,26,87,1
7,428,241,15,51,1
7,620,161,19,118,1
8,0,107,65,303,1
8,559,170,52,161,1
8,440,209,27,85,1
8,429,240,14,52,1
8,620,158,19,138,1
9,0,106,70,295,1
9,555,169,55,163,1
9,443,209,24,85,1
9,430,239,15,52,1
9,97,204,32,108,1
9,619,150,20,164,1
10,552,169,55,164,1
10,0,107,76,295,1
10,443,210,26,82,1
10,431,240,16,50,1
10,100,206,30,106,1
10,618,146,21,185,1
11,0,108,82,296,1
11,550,169,54,165,1
11,444,208,27,83,1
11,432,241,17,51,1
11,97,209,33,103,1
11,617,146,22,191,1
11,601,198,20,78,1
12,0,109,92,291,1
12,548,171,54,164,1
12,444,207,27,86,1
12,433,241,17,52,1
12,102,206,28,105,1
12,617,155,18,182,1
13,1,106,107,298,1
13,547,172,52,167,1
13,103,207,28,104,1
13,444,209,26,83,1
13,435,239,15,53,1
13,609,154,30,186,1
14,1,105,117,295,1
14,545,169,53,169,1
14,608,143,31,201,1
14,445,210,25,83,1
14,436,239,16,55,1
14,101,219,31,92,1
15,0,105,131,297,1
15,542,166,56,172,1
15,607,140,32,206,1
15,445,210,26,84,1
15,436,239,17,54,1
16,0,104,137,296,1
16,541,165,55,173,1
16,605,137,33,206,1
16,445,210,27,84,1
16,437,239,17,55,1
17,1,109,142,289,1
17,541,164,54,174,1
17,600,138,39,207,1
17,447,212,26,82,1
17,437,239,16,54,1
18,2,112,158,285,1
18,596,134,43,209,1
18,541,163,51,178,1
18,447,211,26,84,1
18,438,239,15,55,1
19,9,113,152,286,1
19,595,135,44,212,1
19,541,161,51,181,1
19,448,210,26,84,1
19,438,240,16,53,1
20,23,115,141,286,1
20,542,163,50,181,1
20,594,135,45,210,1
20,448,211,25,84,1
20,439,240,15,53,1
21,41,111,126,288,1
21,539,163,53,184,1
21,594,136,43,211,1
21,449,211,25,83,1
21,439,239,15,53,1
22,79,112,94,279,1
22,537,162,54,186,1
22,593,136,45,216,1
22,439,240,16,53,1
22,450,211,23,83,1
23,105,111,72,273,1
23,534,160,57,187,1
23,593,133,45,220,1
23,449,211,25,84,1
23,438,240,16,53,1
23,34,219,29,119,1
24,529,158,62,188,1
24,115,114,72,269,1
24,592,130,47,224,1
24,450,211,24,84,1
24,438,240,15,53,1
25,527,157,62,192,1
25,123,111,97,272,1
25,592,127,47,228,1
25,450,211,24,83,1
25,438,240,16,53,1
25,35,238,28,93,1
26,125,115,111,265,1
26,524,158,63,191,1
26,591,126,48,228,1
26,450,213,23,81,1
26,438,240,16,53,1
27,128,114,114,262,1
27,524,158,62,194,1
27,591,125,48,230,1
27,450,211,24,82,1
27,438,240,16,53,1
28,136,116,108,261,1
28,523,161,61,193,1
28,588,124,51,235,1
28,450,212,24,82,1
28,438,240,16,53,1
28,122,202,34,111,1
29,520,157,61,198,1
29,586,124,53,237,1
29,161,109,81,271,1
29,439,240,16,53,1
29,450,212,23,82,1
29,118,197,41,117,1
30,515,157,62,199,1
30,584,127,55,233,1
30,121,198,39,116,1
30,191,116,72,261,1
30,438,240,16,54,1
30,449,212,24,82,1
31,509,155,66,202,1
31,582,125,56,238,1
31,199,115,74,255,1
31,125,194,35,121,1
31,450,212,24,82,1
31,438,240,16,53,1
32,579,122,60,243,1
32,201,118,85,256,1
32,505,156,67,201,1
32,130,197,33,117,1
32,438,240,15,54,1
32,450,212,24,82,1
33,205,125,95,251,1
33,506,155,63,204,1
33,574,121,65,244,1
33,135,197,30,116,1
33,438,240,16,54,1
33,449,212,25,82,1
34,213,129,93,243,1
34,570,121,69,246,1
34,506,155,61,210,1
34,136,196,31,115,1
34,438,240,16,54,1
34,449,212,24,82,1
34,86,263,21,48,1
35,228,128,81,240,1
35,567,118,70,246,1
35,504,156,62,209,1
35,137,195,33,116,1
35,437,240,16,54,1
35,449,212,24,82,1
36,564,118,72,250,1
36,242,125,69,241,1
36,502,155,63,214,1
36,137,195,35,117,1
36,438,240,15,54,1
36,449,212,24,83,1
36,83,210,28,103,1
37,564,116,69,258,1
37,137,195,40,117,1
37,251,123,62,239,1
37,503,156,60,212,1
37,84,211,29,104,1
37,438,240,16,54,1
37,449,211,25,83,1
38,563,117,68,257,1
38,497,148,67,222,1
38,259,127,70,231,1
38,135,196,44,116,1
38,438,240,16,54,1
38,85,210,28,105,1
38,449,211,24,82,1
39,562,119,68,258,1
39,266,129,89,226,1
39,496,148,67,218,1
39,138,194,38,119,1
39,438,240,16,54,1
39,91,206,25,108,1
39,449,212,24,81,1
40,491,147,69,221,1
40,559,118,68,268,1
40,268,137,92,215,1
40,141,192,34,121,1
40,94,206,31,109,1
40,438,240,16,54,1
40,449,212,24,82,1
41,558,117,70,269,1
41,488,145,69,226,1
41,271,133,90,222,1
41,143,193,34,121,1
41,448,212,25,81,1
41,438,240,16,54,1
41,95,205,35,110,1
42,558,115,68,273,1
42,483,147,75,225,1
42,293,132,66,219,1
42,146,192,31,120,1
42,96,207,35,109,1
42,447,212,25,80,1
42,438,239,16,55,1
43,478,148,76,226,1
43,557,106,69,278,1
43,308,130,60,219,1
43,148,193,33,122,1
43,448,211,24,80,1
43,438,239,16,55,1
43,100,206,30,109,1
44,311,133,72,214,1
44,555,108,72,276,1
44,476,149,74,230,1
44,149,191,38,127,1
44,447,212,26,82,1
44,438,238,16,56,1
44,104,203,27,113,1
45,316,139,75,207,1
45,470,145,76,236,1
45,554,106,72,277,1
45,150,191,40,126,1
45,438,239,16,55,1
45,105,205,28,110,1
45,449,212,24,82,1
46,467,143,77,236,1
46,321,141,76,203,1
46,551,105,74,283,1
46,152,191,36,126,1
46,104,203,29,112,1
46,438,238,16,55,1
47,460,143,79,236,1
47,546,107,76,283,1
47,326,146,78,200,1
47,153,189,36,131,1
47,107,205,27,111,1
47,438,239,15,54,1
48,336,146,72,193,1
48,542,104,76,290,1
48,460,142,74,241,1
48,156,187,34,128,1
48,109,204,28,112,1
48,438,237,16,56,1
49,539,104,77,290,1
49,457,137,73,250,1
49,348,144,58,194,1
49,156,187,34,128,1
49,109,202,29,112,1
49,438,237,16,57,1
50,534,97,79,298,1
50,155,187,35,129,1
50,356,142,51,193,1
50,454,139,75,253,1
50,110,202,29,113,1
50,438,237,16,56,1
51,531,98,79,295,1
51,154,185,37,131,1
51,361,143,56,191,1
51,450,143,77,245,1
51,109,198,31,118,1
51,438,238,16,56,1
52,527,97,78,299,1
52,449,142,75,253,1
52,367,145,61,187,1
52,154,186,39,129,1
52,109,196,33,118,1
53,522,95,78,303,1
53,155,187,37,129,1
53,371,151,65,180,1
53,442,136,78,262,1
53,110,199,34,118,1
54,519,94,75,310,1
54,156,188,35,128,1
54,433,129,78,275,1
54,379,150,58,179,1
54,112,200,32,118,1
55,516,94,77,315,1
55,155,187,36,131,1
55,428,130,84,270,1
55,386,148,52,178,1
55,113,197,31,121,1
56,514,95,76,310,1
56,427,131,82,267,1
56,155,186,35,133,1
56,390,147,49,180,1
56,114,197,31,122,1
57,508,97,80,318,1
57,424,130,84,270,1
57,154,183,36,136,1
57,394,147,46,180,1
57,114,197,31,122,1
58,505,94,78,324,1
58,416,133,86,269,1
58,153,181,36,137,1
58,114,195,31,125,1
58,396,153,43,170,1
59,401,132,98,280,1
59,501,90,78,332,1
59,152,181,35,139,1
59,114,197,31,126,1
60,401,129,92,286,1
60,498,83,81,336,1
60,152,179,35,141,1
60,113,198,32,126,1
61,390,126,98,289,1
61,494,73,82,348,1
61,113,201,31,123,1
61,151,179,36,143,1
62,382,122,100,294,1
62,488,68,86,355,1
62,151,183,34,136,1
62,111,198,32,126,1
63,374,120,100,298,1
63,484,74,88,348,1
63,150,182,34,139,1
63,110,195,33,131,1
63,40,222,25,107,1
64,374,118,99,309,1
64,470,74,97,353,1
64,149,180,34,142,1
64,108,191,35,137,1
64,36,222,28,108,1
65,462,73,101,357,1
65,377,119,90,313,1
65,108,190,35,136,1
65,150,178,33,144,1
65,36,226,27,106,1
66,372,121,89,313,1
66,461,74,96,361,1
66,149,178,34,144,1
66,107,192,37,137,1
66,37,231,29,100,1
66,568,211,12,48,1
67,365,120,90,325,1
67,456,70,96,372,1
67,107,193,37,136,1
67,149,177,34,144,1
67,566,211,14,48,1
67,33,218,34,114,1
68,359,115,91,330,1
68,452,65,97,380,1
68,148,176,35,148,1
68,107,192,35,142,1
68,0,186,43,220,1
68,35,219,33,115,1
68,565,212,14,47,1
68,1,281,40,129,1
69,350,113,102,332,1
69,445,62,100,381,1
69,148,176,36,148,1
69,106,188,37,142,1
69,2,175,61,230,1
69,565,211,14,47,1
70,339,109,111,336,1
70,439,59,99,385,1
70,147,175,36,150,1
70,0,159,65,244,1
70,104,187,39,141,1
70,565,211,14,48,1
71,326,105,115,341,1
71,435,57,94,391,1
71,146,176,37,150,1
71,105,187,37,143,1
71,0,130,67,271,1
71,565,212,13,48,1
72,315,106,120,345,1
72,427,55,97,402,1
72,103,187,39,144,1
72,145,178,40,151,1
72,0,124,74,288,1
72,565,211,13,48,1
73,308,104,122,353,1
73,422,53,97,416,1
73,102,186,41,147,1
73,146,177,40,152,1
73,8,124,69,283,1
73,566,211,13,47,1
74,307,105,117,357,1
74,417,53,100,416,1
74,12,130,94,276,1
74,145,177,45,152,1
74,102,186,39,147,1
74,565,211,13,48,1
75,303,105,115,364,1
75,411,51,103,423,1
75,20,132,120,272,1
75,146,174,43,155,1
75,100,185,40,149,1
75,565,212,14,48,1
76,288,103,121,371,1
76,406,50,103,426,1
76,15,134,137,267,1
76,147,176,42,153,1
76,98,179,41,156,1
77,268,100,132,373,1
77,399,42,105,436,1
77,36,133,122,266,1
77,146,173,44,159,1
77,565,211,14,48,1
77,491,167,36,134,1
78,253,95,137,378,1
78,390,35,111,444,1
78,66,133,91,262,1
78,146,174,53,157,1
78,490,165,38,136,1
78,45,158,62,243,1
78,565,211,14,47,1
79,246,89,136,389,1
79,383,27,112,452,1
79,148,172,49,160,1
79,491,164,39,137,1
79,81,127,73,273,1
79,44,162,71,232,1
79,566,210,13,50,1
80,251,88,127,390,1
80,377,22,116,456,1
80,153,172,46,162,1
80,494,166,39,129,1
80,99,126,60,272,1
80,45,171,83,221,1
80,566,210,13,50,1
81,255,89,115,388,1
81,372,21,113,454,1
81,498,165,40,128,1
81,114,130,72,263,1
81,55,176,77,215,1
81,157,176,40,155,1
81,37,231,28,102,1
81,565,211,14,49,1
82,362,20,121,459,1
82,250,88,114,391,1
82,499,166,43,131,1
82,117,136,94,254,1
82,80,166,62,222,1
82,567,210,13,51,1
83,349,16,129,463,1
83,238,89,117,389,1
83,124,137,100,253,1
83,503,170,42,128,1
83,107,165,48,222,1
83,471,216,19,81,1
83,566,210,15,51,1
84,342,15,129,464,1
84,231,78,113,401,1
84,138,138,89,252,1
84,502,172,45,127,1
84,116,170,47,217,1
84,464,209,25,89,1
84,565,211,14,49,1
85,334,11,134,468,1
85,206,74,127,402,1
85,154,137,66,244,1
85,504,171,44,127,1
85,120,160,57,227,1
85,458,192,30,108,1
85,564,213,14,47,1
86,324,7,139,469,1
86,181,68,138,411,1
86,508,172,40,125,1
86,121,164,89,219,1
86,175,137,45,212,1
86,565,213,14,46,1
86,460,193,31,105,1
87,314,5,143,474,1
87,179,66,132,413,1
87,134,174,58,201,1
87,513,169,35,128,1
87,119,182,40,162,1
87,127,183,48,185,1
87,460,201,32,97,1
87,445,243,17,57,1
87,565,211,14,48,1
88,309,6,136,471,1
88,168,61,132,418,1
88,123,181,44,173,1
88,515,169,36,127,1
88,446,245,18,57,1
88,462,195,30,105,1
88,565,211,14,48,1
89,301,3,128,473,1
89,161,60,130,419,1
89,125,176,44,177,1
89,518,172,38,121,1
89,447,245,19,57,1
89,463,200,27,100,1
89,566,212,13,46,1
89,0,225,41,109,1
90,294,2,126,473,1
90,146,69,135,406,1
90,521,173,36,120,1
90,449,246,18,57,1
90,466,204,26,97,1
90,131,171,34,184,1
91,286,1,130,474,1
91,133,59,134,420,1
91,234,141,54,221,1
91,523,161,37,131,1
91,0,78,42,377,1
91,468,206,27,94,1
91,449,244,18,58,1
92,277,0,130,479,1
92,110,63,162,413,1
92,525,172,36,120,1
92,0,86,97,349,1
92,230,138,60,231,1
92,467,202,28,100,1
92,450,244,18,61,1
93,265,0,135,480,1
93,0,95,102,338,1
93,529,177,35,114,1
93,87,47,153,431,1
93,248,138,42,229,1
93,452,243,16,60,1
93,467,204,28,96,1
94,258,0,135,476,1
94,529,174,40,115,1
94,0,93,92,337,1
94,72,32,126,439,1
94,216,182,44,178,1
94,184,168,40,178,1
94,454,242,17,63,1
94,488,189,26,99,1
94,468,200,28,100,1
95,247,0,141,478,1
95,530,176,42,114,1
95,28,41,147,431,1
95,174,166,58,181,1
95,229,170,43,196,1
95,490,189,27,96,1
95,468,195,32,108,1
95,0,103,39,327,1
95,456,237,18,67,1
96,533,177,43,113,1
96,239,0,139,479,1
96,9,27,146,449,1
96,184,167,53,181,1
96,155,174,40,182,1
96,493,190,29,96,1
96,473,193,26,110,1
96,457,232,17,73,1
96,1,108,42,175,1
97,0,28,139,443,1
97,224,0,137,480,1
97,536,179,38,110,1
97,191,166,41,181,1
97,161,174,46,184,1
97,176,169,42,186,1
97,472,194,28,110,1
97,497,190,25,96,1
98,539,179,38,110,1
98,202,1,151,475,1
98,0,40,131,431,1
98,166,171,46,187,1
98,471,195,31,110,1
98,90,98,68,314,1
98,497,190,28,98,1
98,459,227,21,80,1
98,196,165,28,136,1
99,542,176,33,112,1
99,79,97,109,324,1
99,183,4,168,466,1
99,0,28,109,450,1
99,470,195,34,110,1
99,498,190,25,95,1
99,164,171,45,180,1
99,461,203,25,103,1
100,80,100,115,325,1
100,154,7,196,464,1
100,543,175,35,113,1
100,51,116,63,292,1
100,472,195,34,110,1
100,500,189,26,98,1
100,305,184,62,174,1
100,464,215,20,89,1
101,545,178,34,107,1
101,84,104,95,319,1
101,130,5,205,463,1
101,312,142,75,213,1
101,66,113,66,282,1
101,504,188,26,101,1
101,472,197,32,110,1
101,3,91,50,347,1
101,468,200,27,105,1
102,75,115,71,295,1
102,110,5,211,466,1
102,548,179,35,107,1
102,320,145,74,207,1
102,279,218,55,133,1
102,508,187,26,101,1
102,469,204,26,101,1
102,480,198,29,104,1
102,0,149,32,225,1
103,88,7,199,467,1
103,328,149,65,202,1
103,550,180,34,105,1
103,279,186,60,165,1
103,508,190,29,96,1
103,472,200,31,103,1
103,87,129,43,273,1
104,68,0,197,476,1
104,552,180,34,104,1
104,287,177,59,171,1
104,335,150,59,200,1
104,218,232,61,120,1
104,511,193,36,91,1
104,0,130,65,325,1
104,473,197,38,110,1
104,472,206,27,97,1
105,348,149,53,200,1
105,43,5,176,469,1
105,300,174,48,169,1
105,554,179,35,105,1
105,221,167,67,187,1
105,0,123,55,312,1
105,173,232,69,163,1
105,478,196,37,109,1
105,513,194,37,93,1
106,356,149,60,199,1
106,20,3,174,470,1
106,171,110,99,291,1
106,311,174,41,167,1
106,557,177,35,107,1
106,227,168,69,181,1
106,520,189,30,99,1
106,478,196,36,111,1
107,364,153,65,195,1
107,558,176,38,107,1
107,4,0,177,467,1
107,171,117,108,281,1
107,321,180,37,160,1
107,525,190,28,98,1
107,235,168,62,181,1
107,479,196,36,111,1
108,366,154,64,193,1
108,182,116,97,278,1
108,560,179,37,103,1
108,0,7,166,468,1
108,325,186,46,157,1
108,530,188,28,100,1
108,144,121,55,271,1
108,249,163,46,185,1
108,488,197,32,112,1
109,370,156,64,189,1
109,326,185,52,158,1
109,562,182,37,102,1
109,156,123,49,263,1
109,200,117,79,276,1
109,0,5,152,466,1
109,533,188,30,100,1
109,256,161,40,185,1
109,488,196,33,113,1
109,56,237,69,203,1
110,378,155,62,187,1
110,156,123,72,259,1
110,221,114,59,275,1
110,332,184,50,154,1
110,564,183,37,99,1
110,40,204,133,237,1
110,11,68,144,354,1
110,260,165,38,187,1
110,484,194,37,116,1
110,538,189,34,99,1
110,237,145,49,228,1
111,50,126,140,310,1
111,385,155,52,185,1
111,234,116,71,270,1
111,167,126,76,255,1
111,565,182,35,99,1
111,345,182,41,155,1
111,539,190,37,99,1
111,485,193,36,118,1
111,270,155,46,191,1
111,41,138,97,301,1
112,71,134,117,296,1
112,389,153,49,185,1
112,176,134,69,249,1
112,350,181,41,155,1
112,245,120,78,263,1
112,569,179,31,102,1
112,540,191,37,97,1
112,48,138,81,292,1
112,486,203,32,107,1
112,279,181,55,157,1
113,393,157,62,179,1
113,246,123,87,255,1
113,87,130,101,302,1
113,178,136,78,248,1
113,356,180,40,157,1
113,45,137,95,282,1
113,574,180,28,101,1
113,544,191,40,96,1
113,501,194,30,112,1
113,488,235,22,76,1
114,250,127,93,251,1
114,56,138,93,277,1
114,397,157,55,179,1
114,116,129,78,295,1
114,196,135,63,243,1
114,574,181,29,93,1
114,358,181,48,153,1
114,553,187,34,100,1
114,507,202,25,104,1
114,491,204,24,107,1
114,499,191,27,122,1
115,260,125,81,257,1
115,136,128,73,298,1
115,213,137,50,236,1
115,401,160,56,174,1
115,83,137,79,276,1
115,361,182,48,152,1
115,562,187,24,102,1
115,579,181,25,97,1
115,506,200,31,109,1
115,494,200,23,112,1
116,276,124,64,255,1
116,147,130,80,292,1
116,220,136,55,236,1
116,409,159,46,175,1
116,115,139,50,260,1
116,369,182,39,148,1
116,504,192,34,118,1
116,565,186,23,102,1
116,584,185,26,94,1
116,498,246,20,65,1
117,153,139,86,282,1
117,228,135,72,235,1
117,290,121,53,253,1
117,414,160,45,173,1
117,128,141,49,261,1
117,566,185,30,103,1
117,380,171,35,159,1
117,587,185,26,91,1
117,505,192,34,120,1
117,33,235,33,101,1
118,159,141,93,275,1
118,297,125,64,248,1
118,417,158,48,172,1
118,234,136,75,232,1
118,503,190,38,122,1
118,569,185,37,102,1
118,134,143,60,261,1
118,386,182,35,145,1
118,589,183,25,83,1
118,32,234,34,101,1
118,17,231,49,125,1
119,235,143,79,224,1
119,422,160,46,172,1
119,303,126,80,243,1
119,134,140,80,264,1
119,571,187,36,100,1
119,388,180,34,147,1
119,502,192,40,123,1
119,180,142,78,266,1
119,155,143,79,263,1
119,592,182,25,77,1
120,243,143,76,223,1
120,308,129,83,236,1
120,391,179,38,146,1
120,143,147,80,254,1
120,426,160,45,169,1
120,199,141,67,262,1
120,579,184,29,101,1
120,593,182,25,92,1
120,507,191,34,122,1
120,298,169,23,144,1
121,208,138,71,263,1
121,394,179,37,146,1
121,309,135,81,233,1
121,430,164,46,163,1
121,265,138,51,222,1
121,166,143,59,249,1
121,582,185,30,100,1
121,512,188,31,125,1
121,29,238,37,97,1
121,305,171,25,160,1
122,216,143,94,251,1
122,434,166,48,158,1
122,187,145,49,242,1
122,320,128,69,241,1
122,586,186,28,99,1
122,272,140,43,203,1
122,400,188,34,138,1
122,598,184,24,88,1
122,514,190,31,125,1
122,32,233,34,99,1
122,307,171,33,162,1
122,517,231,26,81,1
123,216,148,106,246,1
123,339,131,52,234,1
123,199,147,38,242,1
123,588,185,33,101,1
123,435,165,45,156,1
123,403,185,36,139,1
123,522,242,27,69,1
123,282,136,40,211,1
123,311,170,41,162,1
123,514,193,35,118,1
123,41,236,25,95,1
124,220,149,100,242,1
124,591,184,34,102,1
124,346,129,54,234,1
124,441,165,39,157,1
124,206,151,42,237,1
124,406,166,37,156,1
124,517,193,39,123,1
124,291,143,41,210,1
124,525,220,30,92,1
124,319,172,38,159,1
124,511,193,30,117,1
125,592,185,35,101,1
125,353,133,57,230,1
125,241,147,79,246,1
125,205,153,68,229,1
125,443,165,41,156,1
125,325,172,36,168,1
125,412,174,40,145,1
125,512,194,31,115,1
125,303,153,38,189,1
125,532,229,24,83,1
126,209,149,79,231,1
126,594,185,35,100,1
126,356,137,75,225,1
126,267,142,60,250,1
126,448,164,42,157,1
126,538,242,19,72,1
126,511,197,35,113,1
126,413,169,41,149,1
126,331,170,28,173,1
127,360,138,61,221,1
127,597,186,34,99,1
127,449,169,45,152,1
127,279,142,54,250,1
127,221,148,67,227,1
127,512,198,34,111,1
127,541,241,26,74,1
127,419,171,39,146,1
128,365,138,61,220,1
128,240,150,51,224,1
128,288,151,68,233,1
128,601,185,30,99,1
128,543,241,32,76,1
128,454,169,43,150,1
128,512,196,32,111,1
128,424,163,32,153,1
129,290,150,76,236,1
129,252,148,47,225,1
129,371,135,57,222,1
129,603,185,29,98,1
129,456,167,40,151,1
129,547,242,30,75,1
129,512,198,31,111,1
130,605,184,29,98,1
130,300,149,72,238,1
130,261,150,53,223,1
130,376,137,58,212,1
130,462,167,38,152,1
130,512,193,29,117,1
130,427,162,37,152,1
130,555,235,25,83,1
131,268,154,64,221,1
131,382,138,57,213,1
131,607,183,30,99,1
131,314,149,63,230,1
131,463,168,40,149,1
131,511,193,32,117,1
131,434,191,31,125,1
131,559,237,25,82,1
132,270,159,65,209,1
132,325,147,60,229,1
132,609,183,30,99,1
132,386,140,64,209,1
132,467,167,44,149,1
132,562,237,22,81,1
132,513,192,31,118,1
132,439,183,29,135,1
132,39,238,24,92,1
133,277,159,60,209,1
133,609,185,29,97,1
133,388,140,65,208,1
133,333,150,59,229,1
133,468,169,41,147,1
133,565,240,23,79,1
133,440,192,30,122,1
133,511,191,33,121,1
134,292,157,53,208,1
134,337,154,80,219,1
134,396,145,57,199,1
134,611,188,28,94,1
134,471,171,40,142,1
134,568,244,25,76,1
134,445,192,25,119,1
134,39,239,25,92,1
134,515,192,28,118,1
135,342,154,81,218,1
135,403,144,54,198,1
135,612,187,27,93,1
135,303,157,44,204,1
135,475,173,37,141,1
135,572,242,23,78,1
135,449,191,27,120,1
135,38,238,26,94,1
135,515,192,28,118,1
136,349,152,76,219,1
136,307,154,45,206,1
136,410,143,52,202,1
136,614,188,25,92,1
136,477,174,36,139,1
136,573,236,31,84,1
136,517,190,28,121,1
137,413,144,53,198,1
137,365,153,62,214,1
137,314,159,56,196,1
137,614,188,24,93,1
137,479,173,34,139,1
137,576,235,29,89,1
137,518,190,30,118,1
138,374,152,55,216,1
138,315,158,66,197,1
138,419,143,51,199,1
138,480,173,35,137,1
138,615,188,23,93,1
138,518,190,36,119,1
138,578,238,27,85,1
139,322,160,61,194,1
139,378,153,61,212,1
139,426,143,54,197,1
139,617,188,22,91,1
139,523,193,35,118,1
139,483,175,35,133,1
139,581,238,26,84,1
140,329,160,54,193,1
140,384,153,66,212,1
140,618,190,20,89,1
140,432,148,50,188,1
140,524,195,33,117,1
140,579,236,25,87,1
140,485,176,40,132,1
141,392,155,65,208,1
141,338,160,45,191,1
141,576,236,25,87,1
141,437,151,44,182,1
141,619,190,20,88,1
141,488,175,41,132,1
141,524,194,36,118,1
141,382,158,31,178,1
142,346,160,49,191,1
142,404,156,56,209,1
142,572,234,31,89,1
142,439,149,42,181,1
142,622,189,17,88,1
142,490,177,42,132,1
142,528,198,32,113,1
142,387,156,34,179,1
142,396,159,48,194,1
143,351,159,52,192,1
143,413,154,54,205,1
143,569,234,36,91,1
143,392,156,34,169,1
143,527,211,34,99,1
143,445,150,33,182,1
143,623,188,16,86,1
143,495,175,34,129,1
144,355,162,56,188,1
144,419,154,55,204,1
144,566,232,38,93,1
144,498,176,38,129,1
144,393,156,36,174,1
144,449,151,37,177,1
144,625,188,14,81,1
144,527,214,38,94,1
145,359,165,55,183,1
145,423,154,58,204,1
145,503,174,39,133,1
145,566,232,38,93,1
145,397,158,35,172,1
145,626,190,13,75,1
145,455,154,37,167,1
145,529,217,32,92,1
146,363,165,52,183,1
146,429,157,69,198,1
146,564,233,36,93,1
146,508,174,41,132,1
146,400,159,38,173,1
146,532,222,29,87,1
146,625,191,14,68,1
146,449,161,48,169,1
147,366,167,50,175,1
147,435,159,66,191,1
147,563,234,37,92,1
147,513,177,44,129,1
147,404,162,38,165,1
147,529,230,30,80,1
148,369,164,41,177,1
148,441,159,60,192,1
148,514,178,49,132,1
148,559,235,41,91,1
148,407,163,40,169,1
149,450,155,54,193,1
149,371,164,40,178,1
149,518,178,44,128,1
149,407,163,46,165,1
149,560,236,38,89,1
149,626,189,12,72,1
150,454,156,53,191,1
150,373,164,41,176,1
150,562,237,32,87,1
150,523,175,39,132,1
150,412,161,45,166,1
151,457,155,55,190,1
151,378,166,51,170,1
151,564,238,31,86,1
151,417,158,46,165,1
151,530,234,32,76,1
151,526,175,31,116,1
152,382,166,46,169,1
152,458,158,57,186,1
152,566,237,30,87,1
152,423,159,40,165,1
152,528,174,29,121,1
152,531,232,33,77,1
153,384,168,45,169,1
153,460,158,59,187,1
153,565,235,32,88,1
153,426,158,39,167,1
153,529,177,36,129,1
154,389,169,41,169,1
154,464,160,56,183,1
154,564,234,33,90,1
154,428,158,39,169,1
154,530,220,37,90,1
154,534,179,28,87,1
155,393,169,43,166,1
155,468,163,57,178,1
155,430,161,38,163,1
155,564,234,32,89,1
155,529,220,34,91,1
155,539,180,26,84,1
156,395,171,46,163,1
156,472,162,55,179,1
156,432,161,37,163,1
156,565,236,31,87,1
156,528,212,36,97,1
156,544,178,27,103,1
157,398,171,47,161,1
157,477,160,52,179,1
157,431,160,41,162,1
157,565,237,31,86,1
157,528,209,35,101,1
157,545,177,35,103,1
158,400,172,49,161,1
158,478,163,55,174,1
158,433,163,42,153,1
158,563,231,32,91,1
158,546,177,35,115,1
158,529,212,35,97,1
158,627,193,12,77,1
158,550,185,39,127,1
159,478,163,54,174,1
159,401,170,50,162,1
159,564,234,31,89,1
159,437,163,40,154,1
159,530,215,32,94,1
159,550,178,42,93,1
159,627,194,12,76,1
160,409,169,42,163,1
160,481,166,53,170,1
160,562,238,32,85,1
160,441,163,36,153,1
160,393,178,28,145,1
160,531,209,30,101,1
160,628,195,11,73,1
161,483,167,52,168,1
161,414,169,39,162,1
161,392,178,32,142,1
161,560,236,33,87,1
161,446,163,31,156,1
161,531,210,29,100,1
161,555,178,36,84,1
162,484,166,53,166,1
162,418,168,37,161,1
162,558,235,33,89,1
162,391,179,35,140,1
162,531,208,29,102,1
162,447,165,35,152,1
162,557,179,38,85,1
163,483,167,54,164,1
163,390,178,38,141,1
163,421,170,33,158,1
163,557,234,36,88,1
163,531,189,29,122,1
163,447,168,38,149,1
163,561,179,33,97,1
164,483,167,53,164,1
164,387,179,40,139,1
164,422,170,38,156,1
164,558,238,34,83,1
164,532,186,27,122,1
164,565,176,29,117,1
164,452,168,29,147,1
164,627,195,12,73,1
165,482,168,54,163,1
165,385,179,41,141,1
165,424,170,38,156,1
165,557,241,31,81,1
165,454,168,28,141,1
165,532,185,27,124,1
165,565,179,35,116,1
165,41,235,21,95,1
165,627,196,11,70,1
166,482,169,51,161,1
166,386,175,38,147,1
166,429,170,40,154,1
166,533,185,27,126,1
166,566,182,36,112,1
166,40,234,24,99,1
166,456,169,28,136,1
166,558,247,26,73,1
167,483,172,49,157,1
167,387,174,36,147,1
167,432,173,42,149,1
167,538,184,25,127,1
167,572,181,28,112,1
167,458,166,27,145,1
167,43,233,20,98,1
168,483,173,49,153,1
168,384,176,38,148,1
168,437,175,35,148,1
168,538,185,27,124,1
168,573,181,30,113,1
168,461,169,24,145,1
169,482,170,48,154,1
169,386,175,37,150,1
169,438,175,41,148,1
169,537,183,32,124,1
169,576,180,31,114,1
169,462,170,24,142,1
170,481,172,49,152,1
170,443,175,40,146,1
170,384,176,40,149,1
170,578,180,30,111,1
170,541,181,29,127,1
170,560,244,27,77,1
171,445,174,40,146,1
171,484,173,47,150,1
171,383,173,42,153,1
171,579,181,30,112,1
171,533,187,22,116,1
171,547,183,29,123,1
172,381,170,44,158,1
172,449,173,39,146,1
172,483,174,49,149,1
172,42,239,22,90,1
172,583,184,28,107,1
172,558,238,29,83,1
172,534,191,27,112,1
173,381,170,43,161,1
173,486,178,48,144,1
173,451,173,39,147,1
173,41,240,24,88,1
173,535,189,28,116,1
173,584,183,28,107,1
173,559,240,28,79,1
173,557,186,22,96,1
174,380,170,44,161,1
174,454,175,39,146,1
174,488,176,48,145,1
174,537,187,25,112,1
174,40,238,24,91,1
174,587,184,29,105,1
174,557,185,30,142,1
175,378,173,44,159,1
175,457,176,36,142,1
175,489,178,48,141,1
175,539,187,26,105,1
175,588,182,28,102,1
176,374,171,46,161,1
176,461,180,32,138,1
176,491,176,46,142,1
176,539,188,30,107,1
176,590,182,27,104,1
176,560,182,38,136,1
177,372,169,47,162,1
177,495,176,42,142,1
177,463,181,33,134,1
177,566,189,38,128,1
177,594,184,26,102,1
177,42,241,20,87,1
178,369,167,48,166,1
178,464,179,34,138,1
178,496,178,44,139,1
178,568,187,41,132,1
179,367,165,50,170,1
179,466,181,35,134,1
179,498,180,45,137,1
179,572,182,39,136,1
180,367,166,49,170,1
180,467,183,45,130,1
180,501,180,42,134,1
180,39,239,23,94,1
180,1,365,49,73,1
180,565,241,27,82,1
180,573,176,38,140,1
181,367,166,49,171,1
181,504,180,44,133,1
181,0,228,58,205,1
181,471,183,43,131,1
181,41,240,21,92,1
181,570,237,28,86,1
181,580,177,35,138,1
182,369,166,47,173,1
182,506,180,43,133,1
182,475,183,37,132,1
182,575,232,25,92,1
183,365,165,52,174,1
183,479,182,34,129,1
183,510,180,41,132,1
183,574,182,36,144,1
184,365,162,51,177,1
184,511,181,48,130,1
184,482,180,35,130,1
184,4,103,59,335,1
184,581,236,30,85,1
184,583,183,48,139,1
184,558,186,30,105,1
185,361,159,55,185,1
185,13,109,75,317,1
185,482,181,40,126,1
185,513,184,45,129,1
185,582,205,40,116,1
185,592,186,40,135,1
185,560,190,28,100,1
185,584,240,33,86,1
186,360,159,54,187,1
186,17,115,107,315,1
186,484,184,40,121,1
186,522,183,39,127,1
186,597,185,36,135,1
186,560,191,30,102,1
187,357,159,55,187,1
187,19,119,109,307,1
187,487,186,40,121,1
187,527,182,39,126,1
187,560,190,30,104,1
187,593,177,36,136,1
188,355,161,54,188,1
188,31,120,115,305,1
188,490,188,41,118,1
188,530,182,36,127,1
188,602,242,33,83,1
188,562,190,27,103,1
188,593,174,43,136,1
189,351,159,55,192,1
189,58,119,89,289,1
189,493,187,38,116,1
189,532,181,38,127,1
189,606,241,33,87,1
189,563,188,29,107,1
189,604,172,33,112,1
190,346,155,57,195,1
190,93,123,66,283,1
190,493,184,38,119,1
190,536,183,37,126,1
190,608,176,27,107,1
191,343,152,56,199,1
191,496,184,34,120,1
191,538,184,36,123,1
191,116,120,57,288,1
191,559,178,26,113,1
191,612,178,26,142,1
191,589,201,24,85,1
192,343,151,56,202,1
192,126,122,62,280,1
192,498,186,34,119,1
192,541,182,36,124,1
192,615,174,23,142,1
192,560,176,27,116,1
192,587,201,25,82,1
193,339,150,59,206,1
193,129,128,81,271,1
193,499,186,35,115,1
193,543,184,37,120,1
193,616,173,23,144,1
193,595,201,21,83,1
193,38,227,24,104,1
193,566,182,35,109,1
194,336,151,60,209,1
194,133,127,85,269,1
194,503,186,32,118,1
194,546,183,39,123,1
194,565,180,29,104,1
194,598,200,18,82,1
194,385,177,24,108,1
194,38,223,23,110,1
194,621,167,17,138,1
195,330,151,63,211,1
195,146,129,83,262,1
195,548,184,41,120,1
195,505,187,31,115,1
195,569,180,23,101,1
195,599,203,21,77,1
195,623,186,15,96,1
196,329,147,69,215,1
196,508,184,33,116,1
196,551,186,40,118,1
196,168,128,61,258,1
196,601,203,20,75,1
196,569,176,24,109,1
197,326,144,61,217,1
197,511,183,34,116,1
197,554,187,38,117,1
197,183,135,52,240,1
197,389,198,25,88,1
197,603,202,18,79,1
197,575,181,24,102,1
197,585,189,20,97,1
198,322,141,62,225,1
198,514,184,36,114,1
198,555,183,37,120,1
198,192,136,51,243,1
198,394,199,25,88,1
198,603,200,18,81,1
198,577,177,24,109,1
199,310,141,70,225,1
199,518,184,35,116,1
199,561,185,36,117,1
199,196,140,60,240,1
199,396,201,27,85,1
199,600,202,25,79,1
199,585,194,24,92,1
200,306,143,67,227,1
200,519,183,34,118,1
200,562,185,37,116,1
200,201,144,59,234,1
200,600,201,26,79,1
201,302,141,68,234,1
201,520,182,33,115,1
201,562,183,46,117,1
201,204,146,69,233,1
201,604,201,23,78,1
201,402,200,20,81,1
202,297,137,67,236,1
202,523,183,31,115,1
202,217,146,61,227,1
202,564,185,41,115,1
202,404,201,18,82,1
202,608,200,21,78,1
203,292,134,64,241,1
203,527,185,30,112,1
203,236,143,49,223,1
203,565,186,40,113,1
203,407,201,17,84,1
203,607,200,21,77,1
203,590,179,25,110,1
204,288,132,63,245,1
204,530,183,35,113,1
204,570,185,38,114,1
204,250,145,44,217,1
204,410,203,20,81,1
204,592,177,25,110,1
204,610,197,23,81,1
205,281,133,66,247,1
205,533,182,36,114,1
205,573,184,38,114,1
205,412,205,21,80,1
205,593,179,28,109,1
205,258,146,37,210,1
205,616,197,17,80,1
206,275,130,70,257,1
206,536,188,33,108,1
206,575,188,35,109,1
206,412,208,29,77,1
206,595,178,28,111,1
207,267,131,73,255,1
207,539,188,30,107,1
207,576,186,36,111,1
207,413,206,33,78,1
207,599,182,29,101,1
208,257,130,74,259,1
208,543,187,31,107,1
208,577,188,40,110,1
208,602,186,30,95,1
208,413,205,35,78,1
209,254,122,74,272,1
209,544,186,36,107,1
209,581,187,37,110,1
209,605,183,27,101,1
210,245,121,83,270,1
210,548,188,40,105,1
210,583,187,40,108,1
210,606,183,26,97,1
210,300,151,35,196,1
211,228,121,86,278,1
211,551,189,35,104,1
211,587,186,38,108,1
211,305,154,40,194,1
211,610,179,23,101,1
211,39,239,22,91,1
212,212,120,96,283,1
212,555,190,34,104,1
212,587,186,40,108,1
212,305,156,44,194,1
212,37,236,24,93,1
212,432,198,18,89,1
212,611,180,23,102,1
213,211,120,92,289,1
213,556,188,33,104,1
213,308,162,46,185,1
213,589,187,40,104,1
213,613,178,23,105,1
213,38,214,25,115,1
213,435,195,20,91,1
214,208,113,88,300,1
214,311,162,51,186,1
214,591,190,40,104,1
214,558,189,33,103,1
214,36,203,28,128,1
214,1,223,34,104,1
215,204,112,79,299,1
215,322,161,47,183,1
215,592,191,40,102,1
215,558,187,35,106,1
215,37,233,25,97,1
215,438,191,25,95,1
216,198,107,75,304,1
216,329,161,46,180,1
216,595,191,37,102,1
216,562,190,32,103,1
216,38,243,24,87,1
216,586,193,22,88,1
216,620,183,17,94,1
216,439,192,26,93,1
217,188,108,79,312,1
217,342,160,37,180,1
217,600,190,35,104,1
217,564,190,31,102,1
217,441,199,24,87,1
217,582,193,20,92,1
217,588,191,19,91,1
217,622,181,15,99,1
218,179,107,81,318,1
218,350,162,35,177,1
218,603,188,33,106,1
218,451,198,17,87,1
218,571,189,32,99,1
218,563,184,27,105,1
218,593,190,19,90,1
219,164,105,90,326,1
219,350,167,43,171,1
219,605,189,33,106,1
219,575,192,27,95,1
219,453,196,18,91,1
219,565,187,23,101,1
220,161,102,83,337,1
220,353,169,49,167,1
220,578,191,27,97,1
220,607,188,29,106,1
220,455,197,19,91,1
220,565,189,20,98,1
220,0,133,40,280,1
220,600,193,15,84,1
221,148,100,86,340,1
221,358,169,49,168,1
221,580,190,29,99,1
221,456,202,23,85,1
221,0,190,69,219,1
221,565,189,24,100,1
221,611,182,26,112,1
222,135,95,85,346,1
222,0,127,90,274,1
222,368,171,38,162,1
222,581,191,32,97,1
222,457,202,30,84,1
222,614,169,25,129,1
222,605,190,15,87,1
223,117,88,93,358,1
223,0,125,95,276,1
223,458,202,33,84,1
223,582,190,32,97,1
223,379,168,35,156,1
223,609,171,30,124,1
223,572,181,22,106,1
224,77,89,127,366,1
224,1,126,92,278,1
224,382,167,37,160,1
224,458,206,34,80,1
224,593,173,44,126,1
224,574,184,30,104,1
224,585,188,25,100,1
225,63,88,139,374,1
225,0,126,92,285,1
225,385,167,43,162,1
225,587,178,50,120,1
225,464,204,24,83,1
225,575,183,26,100,1
225,619,171,17,119,1
226,53,86,143,382,1
226,586,178,49,121,1
226,8,126,85,276,1
226,388,171,45,156,1
226,470,199,20,87,1
226,612,171,25,123,1
226,576,184,22,94,1
227,55,80,130,387,1
227,579,175,46,125,1
227,392,170,52,157,1
227,473,198,21,89,1
227,20,122,66,275,1
227,609,174,30,118,1
228,38,78,115,390,1
228,399,171,50,155,1
228,477,196,22,89,1
228,600,172,39,122,1
228,580,176,33,123,1
229,31,73,100,402,1
229,410,169,42,155,1
229,575,176,31,122,1
229,478,199,24,89,1
229,600,173,34,124,1
230,16,67,123,411,1
230,417,169,37,153,1
230,476,200,31,87,1
230,565,177,41,123,1
230,589,174,36,122,1
231,2,67,120,402,1
231,421,171,38,150,1
231,552,177,59,123,1
231,477,200,32,87,1
231,608,192,21,92,1
232,0,63,104,413,1
232,65,131,95,262,1
232,426,172,39,149,1
232,547,182,55,116,1
232,483,201,29,88,1
232,605,190,26,95,1
232,582,174,31,123,1
233,69,132,91,264,1
233,429,170,44,152,1
233,0,55,89,420,1
233,547,181,56,116,1
233,605,190,28,93,1
233,577,179,37,115,1
233,489,200,23,87,1
234,94,129,67,263,1
234,435,171,41,150,1
234,1,49,59,413,1
234,607,193,27,88,1
234,547,180,35,117,1
234,584,187,31,108,1
234,572,181,23,101,1
235,104,132,64,255,1
235,443,171,34,148,1
235,543,181,30,117,1
235,609,194,26,87,1
235,495,198,24,90,1
235,2,46,43,433,1
235,571,188,39,104,1
235,591,189,23,86,1
235,567,181,24,106,1
236,110,130,63,255,1
236,445,170,34,143,1
236,557,180,47,116,1
236,610,193,25,89,1
236,591,189,23,84,1
236,540,179,26,120,1
236,38,235,24,99,1
236,497,200,30,85,1
237,116,130,75,253,1
237,448,173,36,143,1
237,530,183,34,116,1
237,612,195,25,87,1
237,388,206,19,79,1
237,559,177,33,116,1
237,593,188,25,91,1
237,36,228,25,101,1
238,123,131,87,252,1
238,454,174,44,140,1
238,520,186,48,112,1
238,613,194,25,88,1
238,594,187,24,94,1
238,547,178,33,117,1
238,389,206,26,78,1
238,494,194,26,88,1
239,130,134,86,248,1
239,457,176,47,138,1
239,519,188,46,110,1
239,389,206,29,79,1
239,613,193,26,88,1
239,546,179,31,116,1
239,596,187,23,92,1
239,505,197,20,82,1
239,600,190,30,91,1
240,130,135,86,247,1
240,459,177,45,136,1
240,393,207,27,78,1
240,615,193,24,88,1
240,539,183,39,114,1
240,599,188,21,90,1
240,516,186,37,110,1
241,132,137,84,245,1
241,463,178,43,134,1
241,399,207,21,79,1
241,533,184,44,112,1
241,615,192,23,89,1
241,599,188,22,91,1
241,516,182,27,113,1
241,41,239,22,92,1
242,142,138,71,242,1
242,1,140,74,290,1
242,525,186,49,111,1
242,470,176,37,135,1
242,403,206,21,81,1
242,598,190,24,89,1
242,617,194,22,87,1
242,508,186,30,111,1
242,558,209,16,52,1
243,154,137,63,237,1
243,0,102,83,334,1
243,406,206,22,79,1
243,527,184,36,111,1
243,600,190,23,91,1
243,617,194,22,85,1
243,476,175,32,135,1
243,500,187,32,108,1
244,163,137,58,234,1
244,2,105,82,325,1
244,480,176,33,132,1
244,406,207,33,78,1
244,602,190,22,89,1
244,508,184,43,114,1
244,619,193,19,87,1
244,560,211,15,48,1
245,171,139,55,233,1
245,4,97,83,342,1
245,482,179,37,129,1
245,602,190,24,88,1
245,407,210,32,75,1
245,511,184,35,111,1
245,620,194,19,86,1
245,560,212,14,48,1
246,174,140,55,229,1
246,35,91,64,339,1
246,482,180,41,129,1
246,603,190,25,89,1
246,410,205,31,80,1
246,509,187,38,108,1
246,623,194,15,84,1
246,560,210,14,51,1
247,180,142,54,229,1
247,40,97,83,334,1
247,604,190,24,89,1
247,416,202,25,82,1
247,488,182,38,129,1
247,511,189,36,104,1
247,624,194,14,85,1
247,561,210,13,50,1
248,41,104,133,324,1
248,182,146,62,229,1
248,605,190,24,89,1
248,486,180,43,126,1
248,424,201,21,84,1
248,521,195,31,94,1
248,625,195,12,83,1
248,560,210,13,51,1
249,44,110,142,317,1
249,184,150,64,221,1
249,606,190,23,89,1
249,429,198,20,87,1
249,477,188,25,108,1
249,498,177,33,127,1
249,3,220,35,119,1
249,625,196,12,82,1
249,529,197,24,88,1
249,561,210,13,50,1
250,46,109,137,316,1
250,193,149,58,220,1
250,430,200,30,84,1
250,610,191,20,87,1
250,470,189,29,108,1
250,500,180,35,124,1
250,533,196,24,88,1
250,561,210,12,51,1
250,3,224,34,108,1
251,79,107,106,309,1
251,201,148,54,220,1
251,609,189,23,89,1
251,504,180,37,124,1
251,464,194,36,103,1
251,429,201,33,84,1
251,533,198,30,86,1
251,560,210,13,52,1
251,491,189,17,102,1
252,206,147,53,212,1
252,114,108,73,306,1
252,508,180,38,125,1
252,610,190,22,88,1
252,461,193,35,104,1
252,429,201,31,83,1
252,484,189,27,106,1
252,559,210,13,51,1
252,536,195,31,86,1
253,210,146,54,215,1
253,610,190,23,86,1
253,509,182,39,121,1
253,146,104,56,308,1
253,457,193,32,100,1
253,470,193,48,105,1
253,537,197,27,85,1
253,439,201,24,81,1
254,214,149,58,210,1
254,148,114,76,292,1
254,468,191,44,105,1
254,513,181,34,124,1
254,609,190,25,86,1
254,453,193,29,99,1
254,540,194,22,88,1
255,146,117,105,290,1
255,221,151,65,203,1
255,609,192,26,84,1
255,468,189,38,106,1
255,451,191,26,100,1
255,518,180,30,123,1
255,542,194,22,88,1
255,35,226,28,105,1
256,148,121,110,287,1
256,227,151,62,200,1
256,448,193,27,101,1
256,609,191,26,85,1
256,519,180,31,118,1
256,470,192,29,100,1
256,36,234,26,96,1
256,543,195,25,86,1
257,171,121,86,281,1
257,237,154,54,197,1
257,464,193,27,98,1
257,546,194,25,90,1
257,439,196,31,95,1
257,611,192,22,84,1
257,519,179,34,118,1
257,37,231,25,101,1
258,248,155,41,198,1
258,200,121,58,278,1
258,460,193,25,100,1
258,435,198,31,94,1
258,526,178,29,123,1
258,547,195,23,86,1
258,39,243,22,88,1
258,615,187,23,90,1
259,221,126,49,263,1
259,252,156,38,196,1
259,457,195,28,99,1
259,529,176,28,126,1
259,434,199,29,93,1
259,550,196,24,87,1
259,39,242,23,89,1
259,615,175,23,105,1
260,228,124,56,263,1
260,455,194,30,98,1
260,531,181,29,120,1
260,615,169,23,123,1
260,434,198,26,93,1
260,256,153,35,203,1
260,39,243,22,89,1
260,550,196,24,86,1
261,229,128,88,258,1
261,615,172,24,121,1
261,534,186,27,112,1
261,432,198,26,94,1
261,452,196,34,93,1
261,553,195,23,88,1
261,471,201,26,88,1
261,39,238,24,94,1
261,12,223,27,111,1
262,231,130,94,255,1
262,614,171,24,133,1
262,430,195,23,96,1
262,536,183,31,116,1
262,447,195,37,96,1
262,476,206,27,80,1
