1,270,52,142,283,0
1,8,218,66,226,0
1,115,128,68,135,0
1,164,114,69,137,0
1,609,320,28,110,0
1,74,144,52,104,0
2,270,52,132,264,0
2,109,122,70,141,0
2,163,124,62,124,0
2,5,269,43,172,0
3,265,52,135,270,0
3,104,121,73,145,0
3,161,121,63,126,0
4,263,50,138,276,0
4,100,119,74,148,0
4,151,117,74,146,0
4,456,175,79,159,0
4,12,31,92,349,0
5,269,56,128,257,0
5,10,66,84,335,0
5,97,121,74,149,0
5,154,125,62,124,0
6,93,119,77,154,0
6,149,125,69,137,0
6,9,24,70,278,0
7,260,52,138,277,0
7,5,88,42,167,0
7,91,121,77,153,0
7,145,118,73,146,0
7,4,220,30,119,0
8,87,118,81,161,0
8,142,117,77,154,0
9,255,57,140,280,0
9,86,125,79,158,0
9,141,119,78,155,0
10,86,128,78,155,0
10,247,64,148,295,0
10,138,121,82,165,0
11,113,123,86,171,0
12,99,131,81,161,0
12,152,126,82,163,0
13,105,133,82,165,0
13,158,129,84,167,0
13,600,238,35,125,0
14,110,134,86,172,0
14,160,127,93,186,0
14,335,132,90,182,0
15,158,124,99,198,0
15,338,134,90,179,0
15,111,142,90,180,0
15,222,277,58,117,0
16,273,77,146,290,0
16,110,142,94,190,0
16,169,133,92,184,0
16,346,140,89,178,0
17,110,145,96,192,0
17,168,136,97,194,0
17,348,137,93,186,0
17,8,178,66,151,0
18,170,137,96,193,0
18,350,138,96,192,0
18,109,151,94,188,0
19,352,141,95,190,0
19,107,160,94,190,0
19,166,141,103,206,0
19,269,94,160,320,0
20,269,94,160,320,0
20,101,160,98,196,0
20,163,146,106,210,0
20,351,147,101,201,0
21,98,162,98,197,0
21,166,150,99,198,0
21,349,143,104,206,0
22,350,161,97,194,0
22,91,168,102,203,0
22,161,150,107,214,0
23,151,156,110,220,0
23,346,158,106,213,0
23,83,166,104,208,0
24,261,118,155,310,0
24,70,169,114,226,0
24,149,161,109,218,0
24,346,166,104,206,0
24,5,50,39,157,0
25,58,178,111,222,0
25,340,173,102,203,0
25,5,223,41,163,0
25,143,175,110,220,0
26,256,136,152,296,0
26,50,184,116,231,0
26,138,178,114,226,0
26,329,168,106,213,0
27,329,168,110,218,0
27,132,178,120,239,0
27,39,181,122,245,0
27,249,132,158,299,0
28,31,179,126,253,0
28,125,176,127,254,0
28,331,176,104,208,0
29,22,181,130,258,0
29,123,182,126,250,0
29,251,141,143,286,0
29,332,183,99,198,0
30,16,182,131,256,0
30,248,138,137,274,0
30,115,179,131,259,0
30,335,188,96,193,0
31,237,125,160,306,0
31,119,187,129,252,0
31,16,177,131,261,0
31,334,184,101,202,0
32,236,128,158,302,0
32,16,176,127,262,0
32,118,177,134,261,0
32,336,188,99,198,0
33,241,132,154,299,0
33,16,170,127,266,0
33,112,168,142,269,0
33,341,191,94,189,0
34,345,183,98,194,0
34,237,125,160,306,0
34,109,157,144,278,0
34,15,168,121,269,0
35,241,132,154,299,0
35,15,157,122,278,0
35,105,156,148,278,0
35,348,182,95,190,0
36,96,145,162,288,0
36,14,161,111,274,0
36,245,125,152,303,0
36,347,167,101,202,0
37,95,142,158,290,0
37,247,119,149,298,0
37,347,164,100,200,0
38,246,116,150,301,0
38,11,127,90,304,0
38,92,141,157,292,0
38,345,157,106,210,0
39,345,157,106,210,0
39,246,116,147,294,0
39,84,141,158,292,0
39,10,141,82,291,0
40,7,171,54,218,0
40,346,160,102,202,0
40,240,111,154,307,0
40,74,141,161,291,0
41,234,111,154,307,0
41,59,117,169,312,0
41,339,157,105,209,0
41,5,187,43,174,0
42,330,150,110,220,0
42,199,314,73,142,0
42,234,111,154,307,0
42,46,123,167,307,0
43,328,147,112,223,0
43,228,111,154,307,0
44,219,103,152,305,0
44,330,149,102,202,0
44,186,307,75,149,0
45,213,102,147,294,0
45,318,151,102,203,0
46,220,107,130,261,0
46,307,127,118,235,0
46,60,290,80,162,0
47,210,101,141,282,0
47,313,137,107,214,0
47,123,198,55,110,0
48,207,96,142,285,0
48,313,139,105,209,0
48,120,194,58,116,0
49,312,139,106,212,0
49,206,98,143,286,0
49,116,190,60,120,0
50,205,99,142,285,0
50,313,137,106,210,0
50,5,13,40,154,0
50,114,190,62,122,0
51,206,99,142,285,0
51,314,137,106,211,0
51,114,183,66,130,0
51,4,9,29,102,0
52,10,67,79,315,0
52,214,97,143,286,0
52,330,145,100,199,0
52,122,191,62,122,0
53,218,92,141,282,0
53,11,59,89,356,0
53,331,136,105,209,0
53,126,187,62,125,0
54,221,93,142,283,0
54,338,143,101,202,0
54,129,191,61,121,0
54,4,90,29,110,0
55,229,96,134,269,0
55,582,20,51,187,0
55,340,134,103,206,0
55,129,192,61,122,0
56,227,92,138,278,0
56,344,134,99,198,0
56,129,192,60,120,0
57,226,85,146,290,0
57,343,120,111,222,0
57,126,182,65,130,0
58,226,85,146,290,0
58,346,123,110,220,0
58,124,179,68,135,0
59,226,89,142,285,0
59,344,120,114,229,0
59,124,182,67,134,0
60,226,89,142,285,0
60,347,128,110,220,0
60,119,177,72,144,0
61,222,96,132,264,0
61,346,126,110,221,0
61,112,170,78,155,0
62,221,96,130,258,0
62,345,126,110,218,0
62,112,184,69,138,0
63,217,93,135,270,0
63,336,126,113,225,0
63,3,85,26,107,0
63,110,192,64,128,0
64,211,92,138,277,0
64,104,193,66,133,0
64,330,129,112,223,0
65,216,98,130,260,0
65,332,128,110,219,0
65,98,192,68,136,0
66,215,96,134,269,0
66,330,129,112,223,0
66,97,194,68,136,0
67,330,129,112,223,0
67,90,189,77,154,0
67,211,96,140,280,0
68,221,101,123,246,0
68,6,82,49,193,0
68,84,187,79,159,0
68,326,120,119,238,0
69,219,104,126,250,0
69,333,124,118,234,0
69,80,182,82,165,0
69,4,76,28,111,0
70,224,106,122,242,0
70,341,124,120,240,0
70,72,169,95,190,0
71,64,152,106,213,0
71,227,106,120,240,0
71,343,129,118,235,0
72,63,148,110,221,0
72,225,103,134,267,0
72,342,117,124,247,0
73,62,150,111,222,0
73,228,103,136,271,0
73,345,119,118,234,0
74,229,104,138,276,0
74,67,175,101,202,0
75,230,109,134,269,0
75,62,177,104,208,0
75,347,114,127,255,0
76,52,167,114,226,0
76,237,111,125,250,0
76,349,115,125,250,0
77,45,159,115,230,0
77,237,111,123,246,0
77,356,120,119,238,0
78,234,107,126,250,0
78,40,156,120,240,0
78,357,128,116,232,0
79,26,132,136,271,0
79,236,112,125,250,0
79,354,134,117,234,0
80,233,114,126,251,0
80,17,141,136,272,0
80,347,133,117,233,0
81,228,113,132,264,0
81,342,121,124,247,0
81,17,122,134,297,0
82,15,149,122,273,0
82,227,115,129,258,0
82,343,126,119,238,0
83,14,150,113,274,0
83,338,121,126,251,0
83,184,171,58,118,0
84,335,125,118,237,0
84,214,155,66,131,0
84,183,175,56,112,0
84,17,84,133,341,0
84,242,125,97,194,0
85,233,110,114,226,0
85,12,186,96,253,0
85,332,126,114,227,0
85,178,173,58,114,0
85,16,92,55,110,0
86,227,100,127,254,0
86,329,123,117,233,0
86,4,66,32,126,0
86,175,174,58,117,0
86,36,144,74,150,0
86,7,86,54,116,0
87,11,116,89,313,0
87,221,94,138,277,0
87,330,126,118,234,0
87,208,158,64,128,0
87,173,173,59,118,0
88,225,97,138,275,0
88,11,138,85,294,0
88,336,130,118,236,0
88,208,158,65,129,0
88,174,173,60,119,0
89,228,105,134,267,0
89,10,163,78,273,0
89,345,132,112,223,0
89,208,158,66,134,0
89,173,174,59,118,0
90,9,170,75,266,0
90,230,109,131,263,0
90,344,128,116,232,0
90,210,159,66,131,0
90,173,173,60,119,0
91,237,108,125,250,0
91,345,120,119,238,0
91,213,160,65,129,0
91,173,173,61,121,0
92,8,153,62,247,0
92,236,104,127,254,0
92,344,118,122,245,0
92,214,156,66,131,0
92,174,174,60,121,0
93,241,107,123,247,0
93,212,153,71,142,0
93,174,176,60,119,0
93,345,110,126,253,0
93,47,197,54,110,0
94,234,95,138,274,0
94,356,110,125,250,0
94,212,152,72,144,0
94,174,175,61,122,0
95,241,98,132,263,0
95,357,112,122,244,0
95,208,146,78,156,0
95,172,173,63,126,0
96,362,114,124,247,0
96,242,99,131,262,0
96,207,148,78,157,0
96,168,172,67,135,0
97,236,107,134,269,0
97,356,123,122,245,0
97,160,175,66,133,0
97,208,158,74,149,0
97,333,162,55,110,0
97,4,234,30,104,0
98,194,145,83,166,0
98,156,175,70,141,0
98,235,108,136,273,0
98,351,128,122,243,0
99,193,151,82,163,0
99,151,180,66,132,0
99,340,120,126,253,0
100,341,131,122,245,0
100,144,183,68,137,0
100,187,158,82,164,0
100,254,135,94,189,0
101,340,131,123,246,0
101,182,160,82,162,0
101,135,180,74,146,0
102,342,142,118,234,0
102,174,150,90,179,0
102,129,183,74,148,0
103,233,106,142,286,0
103,338,136,122,244,0
103,125,182,75,150,0
103,170,154,89,178,0
104,233,106,142,286,0
104,334,137,122,245,0
104,121,186,74,147,0
104,167,152,88,176,0
105,223,106,146,293,0
105,339,140,120,240,0
105,162,148,94,187,0
105,118,186,75,150,0
105,7,205,53,122,0
106,158,145,97,194,0
106,113,181,78,157,0
106,339,139,122,243,0
106,225,108,142,283,0
107,341,139,123,246,0
107,156,149,96,191,0
107,227,114,134,267,0
107,108,182,79,159,0
108,153,147,100,199,0
108,108,189,76,152,0
108,341,139,123,246,0
108,224,109,139,278,0
109,223,106,146,293,0
109,152,138,103,206,0
109,342,140,124,247,0
109,104,191,79,158,0
110,231,111,144,288,0
110,348,134,129,258,0
110,152,140,105,209,0
110,101,181,87,174,0
111,236,118,138,277,0
111,358,135,127,254,0
111,152,140,105,209,0
111,103,182,86,173,0
111,6,207,52,118,0
112,241,125,132,263,0
112,360,141,124,247,0
112,99,189,87,174,0
112,149,140,110,219,0
112,7,207,54,125,0
113,248,136,126,250,0
113,360,135,126,254,0
113,91,168,99,198,0
113,143,138,114,229,0
113,238,178,64,127,0
113,7,205,56,128,0
114,358,126,133,266,0
114,86,165,103,207,0
114,245,117,130,259,0
114,137,136,118,237,0
114,7,201,54,125,0
115,249,125,129,258,0
115,356,125,136,272,0
115,81,168,107,214,0
115,136,139,116,231,0
115,238,181,62,125,0
116,250,116,136,272,0
116,357,128,135,270,0
116,76,165,114,227,0
116,234,177,66,130,0
117,73,158,121,242,0
117,358,137,131,262,0
117,228,178,66,134,0
117,196,176,62,122,0
118,59,150,128,256,0
118,357,139,131,263,0
118,249,135,130,260,0
118,225,180,67,134,0
118,6,205,47,125,0
119,219,175,72,144,0
119,60,101,170,326,0
120,213,173,74,148,0
120,350,147,128,256,0
120,71,114,150,300,0
120,247,133,128,255,0
121,213,184,70,139,0
121,4,205,34,134,0
121,68,104,145,290,0
121,346,150,126,251,0
122,64,108,151,302,0
122,341,147,126,251,0
122,216,224,53,106,0
122,212,196,62,125,0
122,4,218,29,115,0
123,44,102,164,325,0
123,339,146,129,258,0
123,157,175,71,143,0
123,197,177,75,150,0
124,229,123,136,272,0
124,340,150,126,253,0
124,145,166,86,173,0
124,22,84,174,341,0
124,199,193,70,138,0
125,234,131,126,252,0
125,341,161,125,250,0
125,20,87,162,326,0
125,11,104,88,323,0
125,188,172,85,170,0
125,150,199,66,133,0
126,234,144,129,258,0
126,341,164,125,249,0
126,188,191,76,151,0
126,136,190,82,163,0
127,186,187,76,153,0
127,232,145,129,257,0
127,342,164,124,247,0
127,132,174,92,184,0
128,335,144,136,272,0
128,234,150,126,251,0
128,171,189,82,164,0
128,6,244,47,189,0
129,10,268,80,182,0
129,232,131,138,277,0
129,158,176,90,181,0
130,8,80,63,254,0
130,149,181,87,174,0
130,53,132,56,111,0
131,146,179,91,182,0
131,363,186,114,227,0
131,45,134,55,110,0
131,268,350,53,106,0
132,236,129,136,272,0
132,351,131,143,286,0
132,121,176,96,191,0
132,174,173,94,186,0
133,353,138,140,279,0
133,241,131,134,267,0
133,132,169,98,197,0
133,10,106,78,167,0
134,120,161,107,214,0
134,242,131,131,262,0
134,356,141,136,272,0
134,11,148,91,286,0
135,111,148,114,229,0
135,241,127,130,259,0
135,348,128,146,293,0
135,8,86,62,246,0
136,347,118,149,298,0
136,91,154,106,211,0
136,239,126,133,266,0
136,152,140,113,226,0
137,80,142,115,230,0
137,229,123,136,272,0
137,350,128,142,283,0
137,147,135,114,226,0
137,4,202,29,115,0
138,342,111,154,307,0
138,82,183,96,191,0
138,139,126,118,236,0
138,236,122,124,247,0
139,338,101,153,306,0
139,10,176,78,262,0
139,225,107,130,259,0
139,134,124,119,238,0
139,62,131,118,234,0
140,53,122,122,242,0
140,225,105,127,254,0
140,339,102,149,298,0
140,125,121,122,243,0
141,45,117,122,242,0
141,118,96,136,272,0
141,220,90,133,266,0
141,342,87,154,307,0
142,223,92,128,255,0
142,37,101,126,254,0
142,348,84,145,290,0
142,116,89,130,260,0
143,115,71,134,266,0
143,28,93,132,264,0
143,230,91,116,232,0
143,345,73,155,309,0
144,111,73,132,264,0
144,18,67,145,292,0
144,344,64,158,315,0
144,233,88,113,225,0
145,20,107,129,258,0
145,100,42,157,314,0
145,351,61,160,321,0
145,238,72,120,240,0
146,16,96,127,268,0
146,101,54,153,306,0
146,240,73,117,234,0
146,369,59,147,294,0
147,107,81,139,278,0
147,17,75,133,297,0
147,607,78,30,109,0
147,370,60,146,294,0
148,16,62,130,324,0
148,102,59,150,301,0
148,372,62,146,290,0
148,245,70,123,246,0
149,93,48,159,318,0
149,16,55,130,334,0
149,376,59,153,305,0
149,253,74,117,233,0
149,319,77,130,259,0
149,244,126,60,120,0
150,7,219,56,223,0
150,31,51,166,330,0
150,390,58,153,306,0
150,247,124,62,123,0
151,75,50,167,334,0
151,390,58,153,306,0
151,14,46,113,360,0
151,248,122,64,127,0
151,4,328,30,122,0
152,87,102,151,302,0
152,254,68,128,255,0
152,390,58,153,306,0
152,12,33,94,372,0
153,67,62,167,335,0
153,11,43,90,358,0
153,392,59,147,294,0
154,9,69,73,291,0
154,64,125,66,133,0
154,250,65,127,254,0
154,391,54,150,301,0
155,8,48,64,255,0
155,248,66,125,249,0
155,61,98,150,301,0
155,392,59,147,294,0
156,242,59,131,262,0
156,36,64,171,342,0
157,245,63,128,256,0
157,317,41,182,364,0
157,82,225,86,173,0
158,242,66,129,258,0
158,134,119,55,110,0
159,243,69,126,251,0
160,108,88,68,136,0
160,241,58,130,259,0
160,435,169,54,107,0
161,239,53,133,266,0
161,76,83,89,177,0
161,9,311,70,146,0
162,51,85,90,181,0
162,242,56,126,253,0
162,225,114,70,139,0
163,238,56,130,259,0
163,22,81,97,194,0
163,224,119,68,136,0
164,9,82,75,197,0
164,216,103,76,152,0
164,238,56,130,259,0
165,214,101,78,158,0
166,249,72,121,241,0
166,216,104,77,154,0
166,473,30,62,125,0
167,211,104,80,160,0
167,241,73,127,254,0
167,459,261,76,151,0
168,239,69,131,262,0
168,212,112,78,156,0
168,406,219,66,133,0
169,205,105,83,166,0
169,241,73,127,254,0
170,238,70,130,259,0
170,205,106,82,165,0
171,203,103,86,170,0
171,249,80,109,217,0
172,247,79,110,219,0
172,367,54,162,325,0
172,202,109,84,167,0
173,372,80,146,291,0
173,245,81,110,219,0
173,191,92,91,183,0
174,369,73,149,297,0
174,191,107,84,167,0
174,240,81,114,227,0
175,364,61,156,312,0
175,241,84,113,226,0
175,136,53,83,167,0
175,186,97,90,179,0
176,181,108,86,173,0
176,132,52,83,166,0
176,244,84,106,213,0
176,355,65,159,318,0
177,254,90,92,183,0
177,348,67,158,314,0
177,175,104,88,176,0
177,609,78,28,110,0
178,346,72,157,314,0
178,231,70,120,238,0
178,168,94,94,187,0
179,343,70,155,311,0
179,162,100,92,184,0
180,338,66,160,320,0
180,150,93,98,197,0
180,15,118,54,107,0
181,336,70,158,316,0
181,161,84,108,216,0
181,7,122,54,110,0
182,331,59,162,325,0
182,183,83,98,196,0
182,97,47,87,175,0
182,129,94,103,206,0
183,331,62,161,322,0
183,151,87,106,211,0
184,329,61,160,320,0
184,116,82,112,224,0
184,167,78,110,221,0
184,3,121,26,106,0
185,329,54,166,330,0
185,140,85,113,225,0
185,3,127,26,107,0
186,331,60,163,326,0
186,138,84,111,222,0
186,95,128,52,104,0
187,331,66,162,325,0
187,131,87,113,226,0
188,99,82,120,239,0
188,332,66,164,327,0
188,157,78,113,225,0
188,225,83,120,239,0
189,336,66,168,336,0
189,97,86,120,239,0
189,158,83,109,217,0
190,332,76,163,327,0
190,156,83,110,220,0
190,93,84,124,248,0
191,335,73,165,330,0
191,112,80,126,251,0
192,113,77,128,256,0
192,326,61,170,342,0
193,327,79,161,322,0
193,144,75,124,247,0
193,75,91,129,258,0
194,4,126,28,110,0
194,73,74,135,270,0
194,128,65,150,300,0
194,321,77,163,326,0
195,64,75,138,275,0
195,126,63,154,307,0
195,315,71,168,336,0
195,5,167,38,151,0
195,4,126,28,110,0
196,57,64,144,287,0
196,315,71,170,339,0
196,5,159,39,155,0
196,4,120,34,134,0
196,222,135,54,107,0
197,50,61,150,300,0
197,307,46,182,364,0
197,221,133,53,106,0
198,42,61,150,299,0
198,311,75,171,342,0
198,385,303,74,149,0
199,32,70,146,290,0
199,384,308,73,146,0
199,97,31,176,351,0
199,308,63,176,352,0
200,310,66,179,356,0
200,214,127,54,107,0
201,20,38,157,342,0
201,305,65,177,354,0
201,214,127,54,107,0
201,233,163,79,159,0
202,311,77,168,337,0
202,223,93,103,206,0
203,218,94,109,218,0
203,19,43,149,339,0
203,311,47,179,358,0
204,218,95,110,218,0
204,315,48,181,361,0
204,76,186,118,234,0
205,223,100,102,203,0
206,85,28,162,320,0
206,222,101,106,213,0
206,326,64,178,357,0
207,226,97,110,218,0
207,78,31,179,351,0
207,325,60,185,362,0
208,336,76,172,344,0
208,7,49,56,224,0
208,225,91,115,230,0
209,225,93,114,229,0
209,336,76,172,344,0
210,335,77,173,346,0
210,224,91,115,230,0
211,332,58,181,362,0
211,219,86,120,239,0
212,325,60,185,362,0
212,219,89,114,227,0
212,585,254,49,110,0
213,218,99,106,213,0
213,70,208,126,234,0
213,10,26,77,292,0
213,584,251,50,114,0
213,326,71,178,352,0
214,10,25,77,287,0
214,216,100,106,212,0
214,327,73,174,348,0
214,590,261,45,107,0
215,207,91,118,234,0
215,326,85,168,336,0
215,3,27,27,110,0
215,590,261,45,107,0
216,324,75,177,349,0
216,207,90,106,211,0
216,590,261,45,107,0
217,324,71,180,352,0
217,204,88,109,218,0
217,108,307,72,144,0
218,200,82,110,219,0
218,328,78,174,346,0
218,4,263,34,134,0
219,199,82,113,226,0
219,329,72,175,350,0
220,198,83,112,223,0
220,332,77,169,338,0
221,195,82,115,230,0
221,332,72,170,339,0
222,197,86,114,228,0
222,332,62,174,348,0
222,12,80,93,344,0
223,204,87,112,223,0
223,333,57,178,356,0
224,210,87,105,210,0
224,340,50,182,364,0
225,214,86,105,209,0
225,347,68,177,354,0
226,370,56,148,295,0
226,221,88,99,198,0
226,352,75,177,349,0
226,186,131,58,117,0
226,334,129,56,111,0
227,223,88,101,201,0
227,189,128,62,123,0
227,4,166,28,112,0
227,357,51,188,369,0
228,357,51,188,369,0
228,226,82,107,214,0
228,193,131,59,118,0
228,4,162,29,117,0
229,233,83,105,209,0
229,359,64,181,358,0
229,194,127,59,118,0
229,4,156,30,121,0
230,237,84,101,201,0
230,194,122,64,127,0
230,4,156,31,125,0
230,361,57,180,359,0
231,235,83,103,206,0
231,195,122,63,126,0
231,4,151,34,138,0
231,360,41,186,370,0
232,235,81,104,207,0
232,364,51,182,364,0
232,192,119,67,134,0
232,193,227,74,147,0
232,4,157,28,114,0
233,237,78,102,204,0
233,364,55,182,364,0
233,188,113,73,145,0
234,189,113,70,138,0
234,360,41,186,370,0
234,226,67,123,246,0
235,237,79,100,199,0
235,183,113,66,131,0
235,205,88,83,167,0
235,357,43,188,376,0
236,234,78,102,205,0
236,179,110,67,134,0
236,357,43,188,376,0
236,5,101,42,171,0
237,365,38,181,361,0
237,234,78,102,205,0
237,183,96,82,164,0
238,365,55,174,348,0
238,232,76,109,217,0
238,177,107,74,147,0
238,348,115,58,117,0
239,235,84,103,206,0
239,180,109,70,139,0
239,363,60,174,350,0
240,365,68,174,348,0
240,237,82,99,198,0
240,4,90,29,113,0
240,178,112,72,144,0
241,130,26,123,246,0
241,238,84,102,206,0
241,363,61,179,358,0
241,196,95,78,156,0
242,244,78,109,217,0
242,197,92,81,161,0
242,161,113,78,155,0
242,364,56,182,364,0
243,368,71,177,352,0
243,193,82,97,193,0
243,249,85,101,202,0
243,163,121,74,148,0
244,254,89,100,199,0
244,163,122,77,154,0
244,358,126,62,122,0
244,199,91,90,181,0
244,93,126,55,110,0
245,203,95,86,170,0
245,164,122,77,153,0
245,254,87,115,229,0
245,368,59,185,362,0
246,259,96,110,221,0
246,212,103,72,144,0
246,160,116,82,163,0
246,213,151,69,138,0
246,374,89,174,336,0
247,260,95,110,218,0
247,162,120,84,167,0
247,211,102,74,148,0
247,367,136,61,122,0
247,301,303,54,107,0
248,370,93,177,333,0
248,161,121,82,163,0
248,271,106,90,180,0
249,375,85,179,340,0
249,159,120,85,170,0
249,270,105,94,186,0
249,539,266,70,140,0
249,321,164,70,140,0
250,156,122,84,169,0
250,266,99,101,202,0
250,363,133,64,128,0
250,378,105,168,322,0
251,264,101,102,203,0
251,146,134,78,156,0
251,363,135,64,127,0
251,164,74,118,235,0
252,143,116,90,180,0
252,265,101,102,204,0
252,185,104,77,154,0
252,360,130,66,130,0
253,146,112,93,186,0
253,266,100,99,198,0
253,360,126,65,130,0
254,266,102,97,194,0
254,125,126,82,162,0
254,137,43,137,273,0
254,357,126,66,133,0
255,116,114,93,186,0
255,266,99,102,203,0
255,173,164,76,152,0
255,376,98,170,329,0
255,356,124,66,131,0
255,166,93,83,167,0
256,109,104,102,205,0
256,259,87,113,226,0
256,168,163,78,155,0
256,368,84,178,341,0
257,100,103,104,209,0
257,367,79,179,345,0
257,9,24,73,275,0
257,263,90,103,206,0
257,155,151,89,178,0
258,371,83,175,342,0
258,90,116,97,194,0
258,145,135,95,190,0
258,258,78,112,223,0
258,351,116,68,135,0
259,375,87,171,338,0
259,260,78,110,218,0
259,80,116,100,199,0
259,349,116,69,138,0
260,262,81,104,208,0
260,73,115,102,205,0
260,105,41,150,300,0
260,370,73,181,350,0
260,348,112,71,142,0
261,371,78,176,346,0
261,105,41,150,300,0
261,260,78,110,218,0
261,69,112,104,208,0
261,584,254,50,178,0
261,351,109,70,141,0
262,113,47,135,270,0
262,60,104,111,222,0
262,262,77,111,222,0
262,367,76,179,347,0
262,5,135,42,166,0
263,111,46,138,277,0
263,55,99,118,235,0
263,265,78,110,218,0
263,145,168,87,175,0
263,6,128,49,193,0
263,377,82,170,339,0
263,354,108,72,144,0
264,68,82,127,254,0
264,357,109,74,146,0
264,5,151,37,147,0
264,270,78,112,223,0
264,381,92,166,331,0
265,100,35,156,312,0
265,54,109,114,229,0
265,5,140,41,163,0
265,379,75,177,348,0
265,362,114,68,136,0
266,64,88,130,260,0
266,388,78,176,346,0
266,276,78,112,223,0
266,364,117,66,133,0
266,5,138,42,167,0
267,44,118,116,231,0
267,364,116,72,144,0
267,5,139,42,166,0
267,277,84,107,214,0
267,93,44,162,323,0
267,392,73,182,350,0
268,49,87,135,270,0
268,279,87,105,209,0
268,392,77,182,346,0
268,365,119,69,138,0
268,5,138,42,171,0
269,279,87,106,210,0
269,29,114,118,235,0
269,76,30,176,344,0
269,366,116,71,142,0
270,280,91,104,208,0
270,363,114,74,148,0
270,17,77,138,314,0
270,63,30,178,347,0
271,278,83,109,216,0
271,14,100,116,257,0
271,361,114,74,148,0
271,54,30,180,348,0
272,14,89,113,290,0
272,54,51,177,354,0
272,277,80,110,219,0
272,359,116,74,148,0
273,12,100,99,286,0
273,81,189,114,229,0
273,276,78,112,223,0
273,358,122,70,141,0
273,435,69,72,145,0
274,262,84,111,222,0
274,349,116,74,148,0
274,48,154,145,281,0
274,3,238,26,107,0
275,10,98,78,312,0
275,258,84,112,223,0
275,348,122,72,145,0
275,132,140,86,173,0
275,165,120,57,114,0
276,10,111,77,307,0
276,258,84,112,223,0
276,5,45,39,158,0
276,341,121,74,149,0
277,254,82,115,229,0
277,335,119,78,156,0
277,4,322,30,122,0
278,250,86,114,226,0
278,330,119,80,161,0
278,155,125,58,117,0
279,30,14,89,159,0
279,250,86,114,226,0
279,331,113,82,164,0
279,155,124,58,117,0
279,38,367,54,98,0
280,253,91,102,202,0
280,14,14,88,165,0
280,335,119,74,148,0
280,366,219,62,125,0
280,155,126,58,115,0
281,253,92,98,197,0
281,366,216,65,129,0
281,155,125,58,117,0
281,3,20,26,107,0
281,337,118,86,171,0
282,258,92,102,203,0
282,345,122,87,174,0
282,10,132,81,299,0
282,397,95,176,331,0
282,163,124,62,122,0
283,267,98,93,185,0
283,9,216,74,197,0
283,343,112,84,168,0
283,164,124,61,122,0
284,268,105,92,184,0
284,346,113,83,166,0
284,5,206,40,165,0
284,172,125,60,119,0
285,272,106,89,177,0
285,11,28,86,318,0
285,352,117,79,158,0
285,174,126,60,119,0
286,275,108,90,179,0
286,356,121,75,151,0
286,11,29,89,328,0
286,175,127,60,120,0
287,282,111,85,170,0
287,360,121,76,152,0
287,328,171,72,144,0
287,264,331,56,111,0
288,283,113,82,165,0
288,362,120,77,154,0
288,7,20,56,223,0
288,183,132,54,108,0
289,280,104,91,183,0
289,362,121,80,160,0
290,277,104,94,186,0
290,361,125,82,163,0
290,183,135,54,107,0
291,270,104,98,196,0
291,354,122,86,170,0
291,609,123,28,110,0
292,268,106,98,196,0
292,362,126,82,164,0
292,172,131,62,124,0
292,313,118,98,197,0
292,4,132,30,116,0
293,265,107,99,198,0
293,357,122,86,170,0
293,172,131,59,118,0
294,355,118,86,173,0
294,264,107,97,194,0
294,165,128,70,140,0
294,608,134,29,110,0
294,3,228,27,110,0
295,353,113,90,181,0
295,259,109,96,192,0
295,163,132,61,121,0
295,609,78,28,109,0
295,3,101,26,107,0
296,252,106,97,193,0
296,352,109,94,186,0
296,5,150,43,173,0
296,609,72,28,109,0
296,248,260,57,113,0
297,252,107,94,189,0
297,349,105,98,195,0
297,166,134,55,110,0
298,7,102,54,213,0
298,251,106,96,192,0
298,352,97,102,204,0
298,316,179,70,141,0
299,9,34,70,278,0
299,251,109,96,191,0
299,359,105,98,195,0
299,315,176,69,138,0
299,351,362,54,102,0
300,250,109,98,195,0
300,9,32,71,286,0
300,365,113,93,185,0
300,317,179,71,142,0
300,245,265,65,129,0
301,9,40,70,282,0
301,254,117,93,185,0
301,372,120,87,174,0
301,6,147,49,194,0
301,162,137,63,126,0
302,8,96,60,239,0
302,252,118,97,194,0
302,374,123,90,180,0
302,164,139,59,118,0
302,501,263,54,110,0
303,8,91,62,248,0
303,260,117,96,191,0
303,379,122,97,194,0
303,175,143,55,110,0
304,9,68,69,273,0
304,267,119,95,190,0
304,386,124,95,190,0
304,331,182,72,144,0
304,173,140,61,122,0
305,9,43,75,300,0
305,266,117,99,198,0
305,392,130,94,190,0
305,176,140,58,117,0
306,9,43,74,297,0
306,272,122,91,183,0
306,401,144,90,179,0
306,372,152,55,110,0
307,9,57,73,290,0
307,407,151,89,177,0
307,265,120,102,203,0
307,171,138,79,159,0
307,341,193,72,144,0
307,305,288,66,130,0
308,266,124,102,202,0
308,403,128,102,204,0
308,179,144,69,137,0
308,309,292,66,130,0
308,9,62,73,289,0
309,10,28,81,317,0
309,265,125,102,203,0
309,405,131,102,203,0
309,178,146,65,129,0
310,263,123,104,208,0
310,406,130,107,214,0
310,8,107,61,242,0
310,533,186,78,155,0
310,173,144,69,137,0
311,263,123,104,208,0
311,413,158,94,186,0
311,6,146,51,206,0
311,548,275,82,176,0
311,534,188,78,157,0
311,171,144,69,137,0
312,263,123,104,208,0
312,405,138,104,207,0
312,546,274,83,178,0
312,4,133,34,136,0
312,173,151,61,121,0
313,259,126,100,200,0
313,404,142,102,203,0
313,164,147,67,134,0
313,323,190,70,140,0
314,252,127,102,205,0
314,401,140,103,206,0
314,164,151,61,121,0
314,315,176,80,161,0
315,315,160,90,179,0
315,395,133,106,212,0
315,251,131,98,196,0
315,159,144,69,138,0
316,395,128,109,218,0
316,254,132,97,193,0
316,153,145,70,141,0
316,335,159,89,178,0
317,253,132,98,194,0
317,401,129,111,222,0
317,153,146,71,142,0
317,340,167,83,167,0
317,580,257,54,125,0
318,254,133,98,196,0
318,153,148,67,135,0
318,400,118,120,239,0
318,340,163,90,179,0
319,253,132,104,207,0
319,402,124,118,235,0
319,151,153,67,134,0
319,544,292,58,117,0
319,342,160,92,184,0
320,411,138,110,222,0
320,261,136,95,191,0
320,344,153,97,193,0
320,152,154,68,136,0
321,414,130,118,235,0
321,268,140,93,185,0
321,346,144,102,202,0
321,156,156,69,137,0
322,268,140,95,190,0
322,345,137,110,218,0
322,421,138,114,227,0
322,559,176,72,262,0
322,157,156,71,143,0
323,559,176,72,262,0
323,268,140,96,191,0
323,348,142,112,224,0
323,424,129,120,239,0
323,158,157,71,142,0
324,431,138,116,231,0
324,268,142,97,193,0
324,350,140,111,222,0
324,157,156,70,142,0
325,271,142,96,191,0
325,352,145,110,221,0
325,426,118,127,254,0
325,158,157,71,142,0
325,4,92,30,118,0
326,426,111,131,262,0
326,267,140,100,199,0
326,348,140,116,232,0
326,157,156,70,142,0
326,4,95,29,116,0
327,428,118,133,265,0
327,269,144,94,189,0
327,347,139,118,234,0
327,157,156,70,139,0
328,427,106,139,278,0
328,270,145,93,185,0
328,350,144,118,237,0
328,153,156,70,141,0
329,269,143,93,186,0
329,347,140,117,233,0
329,426,110,142,283,0
329,149,155,74,150,0
330,340,127,126,252,0
330,266,140,95,190,0
330,438,125,130,261,0
330,146,157,74,147,0
330,609,261,28,109,0
331,337,118,132,263,0
331,267,141,92,185,0
331,141,157,79,158,0
331,609,261,28,109,0
331,445,134,122,245,0
332,136,154,81,162,0
332,260,139,98,195,0
332,442,125,130,260,0
332,608,261,29,107,0
332,330,117,142,283,0
333,329,119,142,284,0
333,257,143,94,186,0
333,443,122,132,263,0
333,135,156,72,145,0
334,327,114,144,288,0
334,443,122,132,263,0
334,255,143,94,188,0
334,580,303,54,152,0
334,125,154,79,158,0
334,609,260,28,106,0
335,324,111,150,301,0
335,441,105,139,278,0
335,252,139,98,195,0
335,120,150,82,165,0
335,608,259,29,110,0
336,429,91,150,300,0
336,320,103,156,313,0
336,251,138,99,198,0
336,117,149,86,172,0
337,252,138,98,195,0
337,117,153,80,161,0
337,317,100,164,327,0
338,255,139,94,188,0
338,115,157,81,162,0
338,224,167,62,122,0
338,321,101,159,318,0
339,323,102,156,313,0
339,256,140,94,187,0
339,112,149,90,179,0
339,572,220,61,224,0
339,226,167,61,122,0
340,253,136,103,206,0
340,317,97,173,330,0
340,111,149,87,174,0
341,255,136,106,211,0
341,110,151,91,182,0
341,322,92,180,334,0
342,114,149,87,174,0
342,263,139,99,199,0
342,378,87,178,338,0
342,609,200,28,110,0
343,117,153,84,168,0
343,266,140,97,194,0
343,415,88,176,337,0
343,233,163,67,134,0
344,268,137,96,192,0
344,424,83,178,342,0
344,219,274,57,113,0
345,426,95,174,331,0
345,276,139,83,166,0
345,121,139,88,176,0
345,4,130,34,138,0
345,242,159,63,126,0
346,280,133,85,170,0
346,565,160,66,194,0
346,364,115,78,157,0
346,120,139,89,178,0
346,239,154,65,130,0
346,434,92,177,334,0
347,281,125,94,187,0
347,121,141,89,178,0
347,240,153,67,134,0
347,536,250,68,136,0
348,485,221,118,222,0
348,278,129,95,190,0
348,238,149,70,140,0
348,121,138,82,166,0
349,281,124,93,185,0
349,116,121,98,195,0
349,237,144,71,142,0
349,4,319,29,113,0
350,115,122,91,183,0
350,281,119,96,193,0
350,238,140,71,142,0
350,351,292,57,113,0
351,112,118,92,184,0
351,280,123,94,189,0
351,239,140,69,138,0
351,350,299,52,104,0
352,110,124,87,174,0
352,284,116,88,176,0
352,239,138,70,141,0
353,299,112,150,300,0
353,281,100,102,203,0
353,104,113,95,190,0
353,237,131,71,142,0
354,102,105,93,186,0
354,234,119,76,151,0
355,295,109,139,278,0
355,236,117,74,148,0
355,102,95,92,184,0
355,609,172,27,107,0
355,438,244,54,107,0
355,348,83,62,122,0
356,269,94,160,320,0
356,97,90,99,198,0
356,234,109,78,156,0
356,440,270,56,112,0
357,95,86,104,208,0
357,234,109,78,156,0
357,427,280,60,120,0
357,521,20,106,231,0
357,510,379,52,87,0
357,266,96,160,319,0
358,88,79,111,223,0
358,236,107,76,152,0
359,86,76,111,222,0
359,397,127,54,107,0
359,351,260,57,113,0
359,416,295,63,126,0
360,85,81,103,206,0
360,302,40,77,154,0
360,398,126,55,110,0
361,288,33,82,163,0
361,10,151,76,151,0
361,80,71,111,222,0
361,272,319,57,114,0
362,5,14,41,155,0
362,83,76,96,192,0
362,9,136,72,156,0
362,340,134,82,163,0
362,400,125,100,200,0
362,261,328,57,114,0
363,76,72,102,205,0
363,244,336,66,124,0
363,10,111,77,306,0
363,366,29,169,334,0
363,4,15,35,142,0
364,65,68,112,224,0
364,365,30,174,340,0
364,222,357,59,106,0
364,3,128,27,109,0
365,55,61,118,237,0
365,9,112,71,273,0
365,284,76,93,186,0
365,339,31,185,351,0
365,192,367,58,98,0
366,6,94,51,204,0
366,279,75,92,185,0
366,328,29,172,337,0
367,314,29,169,330,0
367,274,78,90,179,0
367,6,134,44,174,0
367,191,255,69,138,0
368,270,70,94,187,0
368,592,125,42,159,0
368,203,71,102,202,0
368,6,141,52,138,0
369,291,29,168,329,0
369,191,68,102,204,0
369,270,76,82,163,0
370,177,65,102,203,0
370,257,75,87,175,0
370,608,117,29,110,0
371,7,151,58,226,0
371,164,60,110,219,0
371,359,121,59,118,0
372,159,65,106,211,0
372,348,115,62,123,0
372,239,73,94,188,0
372,269,181,90,180,0
373,9,81,70,280,0
373,206,32,186,362,0
373,147,66,105,210,0
373,599,63,36,130,0
374,140,72,102,204,0
374,320,101,71,142,0
374,5,100,39,159,0
374,4,161,33,130,0
374,4,23,29,113,0
375,130,72,105,210,0
375,311,98,75,151,0
375,4,89,29,113,0
375,495,134,65,129,0
376,123,76,106,212,0
376,306,96,79,158,0
377,115,73,111,222,0
377,584,124,50,182,0
377,307,102,77,153,0
378,104,64,120,240,0
378,303,101,80,160,0
378,143,29,179,337,0
379,96,59,130,259,0
379,302,106,78,157,0
379,606,133,30,113,0
380,118,133,98,196,0
380,221,96,78,155,0
380,305,106,81,162,0
380,586,147,48,178,0
381,216,93,86,171,0
381,305,106,83,166,0
381,588,143,46,168,0
381,161,216,92,184,0
382,214,92,90,181,0
382,313,112,82,162,0
382,584,146,50,175,0
382,132,163,130,260,0
382,96,31,179,350,0
383,211,86,98,195,0
383,313,111,84,168,0
383,87,37,186,371,0
384,211,85,100,199,0
384,315,107,86,174,0
384,83,34,188,376,0
385,213,80,102,203,0
385,314,109,84,168,0
385,189,125,71,142,0
386,314,103,90,180,0
386,187,118,73,146,0
387,311,100,94,186,0
387,257,128,86,171,0
388,306,99,95,190,0
388,178,115,78,156,0
388,42,98,58,114,0
388,129,55,70,140,0
389,298,94,99,198,0
389,170,103,83,167,0
389,109,19,79,159,0
390,296,95,100,199,0
390,4,271,29,114,0
390,164,99,89,178,0
391,296,85,106,210,0
391,7,211,56,224,0
392,293,81,110,221,0
393,294,82,109,217,0
393,5,248,37,147,0
394,293,90,110,221,0
394,175,106,87,175,0
395,291,87,114,227,0
395,589,142,46,170,0
395,175,110,87,175,0
395,4,29,35,138,0
395,245,132,83,167,0
396,295,80,122,244,0
396,8,201,62,240,0
396,90,25,77,154,0
396,4,37,34,138,0
396,175,110,87,175,0
396,594,154,41,158,0
397,302,77,126,250,0
397,6,236,50,203,0
398,306,77,128,257,0
398,186,116,90,179,0
398,4,226,35,138,0
398,4,339,29,118,0
399,187,119,93,186,0
399,310,67,139,278,0
400,317,80,133,266,0
400,183,111,100,200,0
400,4,242,30,118,0
400,25,19,87,175,0
400,233,92,79,159,0
400,243,180,58,117,0
401,12,18,98,202,0
401,322,102,124,247,0
401,211,196,54,107,0
402,314,69,158,314,0
403,319,69,160,320,0
403,608,76,29,110,0
404,322,83,158,315,0
405,8,21,66,240,0
405,320,51,178,356,0
406,144,138,94,189,0
406,320,51,178,356,0
406,5,18,42,164,0
407,326,58,177,354,0
407,143,137,97,193,0
407,7,234,54,212,0
408,23,30,182,342,0
408,238,88,96,192,0
408,328,61,188,361,0
409,239,90,94,189,0
409,176,98,116,231,0
409,336,131,61,122,0
409,466,90,58,115,0
410,336,129,62,124,0
410,240,92,90,181,0
410,171,99,119,238,0
411,226,89,98,194,0
411,335,129,62,123,0
412,228,90,88,177,0
412,340,124,65,129,0
413,227,87,91,183,0
413,340,124,65,129,0
413,164,97,130,259,0
414,162,95,133,266,0
414,226,86,95,190,0
415,157,92,138,275,0
415,225,86,98,194,0
415,294,151,73,146,0
415,342,121,67,134,0
416,160,96,135,270,0
416,227,86,98,195,0
416,295,152,74,150,0
416,483,7,57,85,0
416,346,123,66,133,0
417,158,93,141,282,0
417,296,145,83,167,0
417,355,123,66,131,0
418,156,87,146,291,0
418,240,94,94,186,0
418,356,121,67,134,0
418,377,260,59,117,0
419,156,88,148,296,0
419,239,95,94,188,0
419,609,342,28,110,0
419,360,125,65,130,0
420,156,92,150,300,0
420,363,121,67,134,0
421,158,87,154,310,0
421,253,90,94,187,0
421,368,120,67,134,0
421,439,144,123,246,0
422,149,67,172,345,0
422,438,106,147,295,0
422,85,117,154,307,0
422,250,85,99,198,0
422,372,117,68,136,0
423,250,81,100,199,0
423,538,164,88,177,0
423,375,114,68,136,0
423,149,62,172,345,0
423,73,111,155,311,0
423,454,132,132,263,0
424,248,74,104,208,0
424,194,219,88,175,0
424,458,106,155,310,0
424,373,109,72,142,0
424,320,142,74,147,0
425,458,100,162,326,0
425,62,85,170,340,0
425,250,76,102,202,0
425,369,107,72,144,0
425,317,133,79,158,0
426,53,73,178,350,0
426,251,71,99,198,0
426,373,101,70,138,0
426,458,121,162,309,0
426,143,40,179,359,0
426,318,141,74,150,0
427,177,37,112,223,0
427,251,71,99,198,0
427,313,125,82,164,0
427,371,96,72,143,0
427,488,164,66,133,0
428,250,70,100,200,0
428,318,131,70,141,0
428,369,99,72,145,0
428,164,225,78,157,0
428,168,27,118,234,0
429,158,22,127,247,0
429,364,97,73,146,0
429,501,123,66,131,0
430,362,91,74,149,0
430,189,238,72,144,0
431,245,55,102,202,0
431,312,126,77,154,0
432,242,52,103,206,0
432,311,124,78,157,0
432,130,29,68,135,0
433,242,51,102,205,0
433,369,83,75,151,0
433,315,121,75,151,0
433,165,334,58,117,0
434,240,56,102,205,0
434,553,97,78,193,0
434,371,94,72,144,0
434,316,123,72,144,0
434,109,38,54,110,0
435,238,61,101,201,0
435,570,89,62,224,0
435,370,92,74,148,0
435,316,123,76,151,0
436,238,62,104,207,0
436,371,96,74,146,0
436,315,120,81,162,0
437,239,63,106,211,0
437,371,99,72,145,0
437,314,121,81,162,0
437,10,168,84,269,0
437,301,286,54,107,0
438,7,33,54,200,0
438,240,61,110,218,0
438,174,70,108,215,0
438,4,322,36,136,0
438,373,97,74,150,0
438,315,122,81,162,0
438,284,236,83,167,0
439,237,59,110,220,0
439,168,71,110,219,0
439,374,102,72,145,0
439,317,128,75,150,0
439,121,73,55,110,0
440,164,69,111,222,0
440,376,100,71,142,0
440,315,128,78,155,0
440,98,55,62,124,0
441,155,57,121,241,0
441,67,39,74,146,0
441,237,58,108,214,0
441,375,98,74,147,0
441,311,129,78,154,0
442,153,68,115,230,0
442,25,17,89,178,0
442,234,59,106,210,0
442,374,95,77,153,0
442,307,124,78,157,0
443,150,71,111,222,0
443,234,63,106,211,0
443,9,15,69,174,0
443,303,114,85,170,0
443,371,96,78,156,0
443,4,147,31,125,0
444,133,59,121,242,0
444,231,62,104,208,0
444,297,113,82,165,0
444,369,100,78,156,0
444,11,30,90,347,0
445,114,56,131,263,0
445,286,101,86,173,0
445,223,64,100,199,0
445,364,113,73,146,0
446,93,44,141,281,0
446,211,60,111,222,0
446,5,13,43,146,0
446,356,102,78,157,0
447,82,55,134,269,0
447,207,71,98,197,0
447,272,115,86,171,0
447,356,122,70,141,0
448,66,49,143,286,0
448,200,69,98,196,0
448,4,114,35,140,0
448,350,115,78,154,0
448,271,138,79,159,0
449,60,56,140,280,0
449,197,70,99,198,0
449,347,109,81,162,0
450,197,69,99,198,0
450,52,58,146,290,0
450,346,102,85,170,0
