1,453,170,22,100,0
1,485,182,30,80,0
1,153,189,26,77,0
1,230,187,26,80,0
1,179,187,26,77,0
1,208,183,20,78,0
2,481,185,27,77,0
2,451,173,25,98,0
2,148,189,23,77,0
2,218,185,29,86,0
2,176,189,27,78,0
2,201,185,20,77,0
3,450,176,26,91,0
3,143,192,23,76,0
3,479,186,24,77,0
3,218,186,28,85,0
3,173,192,20,73,0
3,197,185,20,79,0
4,141,192,25,78,0
4,448,177,28,103,0
4,214,187,29,85,0
4,170,194,21,74,0
4,478,187,24,80,0
4,399,185,13,46,0
4,195,183,21,86,0
4,394,186,13,45,0
5,139,192,26,78,0
5,451,176,30,99,0
5,212,185,26,88,0
5,167,195,23,73,0
5,391,187,15,47,0
5,398,184,14,50,0
5,476,185,20,77,0
5,192,184,23,84,0
6,453,176,29,106,0
6,165,196,22,70,0
6,137,192,27,77,0
6,210,185,26,88,0
6,192,183,22,86,0
6,390,189,14,45,0
6,385,190,15,45,0
7,453,176,33,110,0
7,136,195,22,74,0
7,161,195,22,73,0
7,205,183,29,93,0
7,386,190,16,45,0
7,183,185,24,84,0
8,453,178,34,107,0
8,202,185,27,94,0
8,129,191,24,79,0
8,388,186,15,45,0
8,379,187,14,45,0
8,182,184,21,86,0
8,158,194,22,74,0
8,375,188,13,43,0
9,454,178,31,108,0
9,124,194,26,77,0
9,196,186,25,94,0
9,152,196,24,74,0
9,179,188,22,82,0
10,450,182,30,115,0
10,116,197,25,77,0
10,188,193,27,95,0
10,146,197,21,75,0
10,509,196,12,46,0
10,184,190,24,93,0
10,171,190,20,82,0
11,446,187,35,103,0
11,110,195,28,79,0
11,183,194,25,93,0
12,441,184,36,115,0
12,102,196,25,82,0
12,134,201,21,76,0
12,173,197,28,94,0
12,367,193,17,45,0
13,156,195,29,102,0
13,429,187,37,112,0
13,85,199,27,81,0
13,117,203,23,77,0
14,140,193,31,104,0
14,422,187,36,112,0
14,71,197,25,85,0
14,410,195,21,76,0
14,100,203,22,76,0
14,337,194,15,48,0
15,123,185,35,115,0
15,58,196,24,84,0
15,400,196,24,74,0
15,421,190,32,115,0
15,87,202,24,77,0
15,324,195,17,46,0
16,416,187,30,124,0
16,110,187,38,119,0
16,46,197,30,87,0
16,389,196,25,74,0
16,79,202,23,80,0
17,97,191,40,119,0
17,37,199,27,88,0
17,408,193,35,127,0
17,385,200,24,73,0
17,70,204,21,79,0
17,313,198,16,45,0
18,27,202,27,86,0
18,409,192,33,127,0
18,84,199,39,110,0
18,375,203,22,71,0
18,58,207,21,80,0
18,311,199,15,46,0
19,21,200,29,91,0
19,409,189,34,132,0
19,79,201,39,113,0
19,371,203,25,72,0
19,107,202,18,72,0
19,303,199,16,46,0
19,57,206,20,83,0
20,408,183,35,141,0
20,12,200,30,89,0
20,367,198,23,75,0
20,64,193,43,129,0
20,45,206,21,81,0
20,300,198,16,45,0
21,407,181,37,143,0
21,58,191,45,133,0
21,362,195,23,75,0
21,8,195,30,96,0
21,92,197,20,80,0
21,39,202,23,81,0
21,300,195,14,44,0
22,408,182,35,140,0
22,359,194,24,73,0
22,4,201,29,89,0
22,87,199,23,79,0
22,54,191,41,131,0
22,33,204,25,85,0
23,407,177,38,150,0
23,355,195,23,73,0
23,79,200,22,77,0
23,0,201,24,92,0
23,41,196,41,128,0
23,26,204,22,77,0
23,292,195,15,46,0
23,298,194,13,46,0
24,408,177,39,151,0
24,32,191,47,141,0
24,71,197,27,84,0
24,347,195,27,74,0
24,0,195,17,96,0
24,290,195,14,45,0
25,410,175,40,162,0
25,66,200,24,80,0
25,21,195,44,141,0
25,342,196,26,72,0
25,288,194,15,43,0
25,21,195,27,139,0
26,413,177,38,161,0
26,57,199,28,80,0
26,10,198,46,144,0
26,339,198,25,68,0
27,414,174,38,165,0
27,3,194,40,145,0
27,53,192,29,85,0
27,334,191,26,73,0
27,286,192,15,44,0
28,413,174,43,165,0
28,328,190,24,73,0
28,41,188,34,93,0
28,0,183,29,165,0
29,414,173,44,172,0
29,34,187,31,93,0
29,0,192,32,154,0
29,48,186,23,85,0
29,323,191,24,66,0
29,243,189,10,35,0
30,415,173,47,178,0
30,318,192,23,69,0
30,4,202,24,84,0
30,33,189,30,90,0
30,277,190,14,44,0
30,281,190,13,46,0
31,422,171,41,181,0
31,316,194,23,69,0
31,42,194,19,80,0
31,23,197,25,87,0
31,280,192,14,44,0
31,3,201,24,86,0
32,427,165,42,192,0
32,314,191,24,71,0
32,41,187,21,88,0
32,18,192,30,92,0
32,276,191,15,44,0
32,3,196,23,91,0
32,281,191,13,44,0
33,434,159,50,207,0
33,314,188,24,74,0
33,16,195,30,91,0
33,42,194,19,77,0
33,1,199,18,88,0
33,8,201,8,84,0
33,281,191,13,45,0
33,277,191,15,44,0
34,438,165,53,206,0
34,313,188,25,71,0
34,39,192,18,75,0
34,15,188,28,95,0
34,257,185,14,49,0
35,443,163,71,216,0
35,307,186,25,72,0
35,34,192,21,77,0
35,256,184,14,49,0
35,9,190,25,92,0
35,171,190,15,47,0
36,447,158,71,227,0
36,305,187,24,72,0
36,32,194,22,75,0
36,169,190,16,49,0
36,255,183,15,50,0
36,8,194,27,83,0
36,411,186,11,23,0
36,277,184,15,47,0
37,452,165,64,229,0
37,304,187,24,73,0
37,5,192,29,89,0
37,166,190,19,53,0
37,30,190,22,78,0
37,253,183,15,52,0
37,277,184,16,47,0
37,203,187,10,30,0
38,460,150,67,248,0
38,301,187,24,73,0
38,27,188,21,77,0
38,5,188,21,93,0
38,163,188,18,53,0
38,168,189,18,48,0
39,472,152,57,252,0
39,26,190,21,74,0
39,297,187,24,73,0
39,4,190,19,90,0
39,162,189,19,52,0
39,8,189,22,86,0
40,488,156,56,261,0
40,294,189,25,72,0
40,27,190,20,68,0
40,275,187,15,48,0
40,6,188,25,85,0
40,41,149,79,71,0
41,493,144,60,297,0
41,292,189,21,70,0
41,2,183,29,87,0
41,274,186,16,50,0
41,247,182,16,51,0
41,25,186,20,69,0
41,615,288,23,105,0
42,496,156,81,300,0
42,289,187,23,71,0
42,243,181,18,51,0
42,271,182,17,51,0
42,151,185,17,55,0
42,4,180,23,86,0
42,21,185,21,71,0
43,503,148,87,328,0
43,288,185,24,71,0
43,243,181,18,50,0
43,272,182,13,51,0
43,616,204,23,200,0
43,19,183,20,77,0
44,511,151,84,313,0
44,284,184,25,71,0
44,270,182,15,51,0
44,3,174,23,96,0
45,538,134,78,336,0
45,283,184,25,72,0
45,615,158,24,204,0
45,273,184,15,49,0
45,407,186,12,54,0
46,556,134,76,345,0
46,282,183,26,75,0
46,244,183,16,47,0
47,569,128,70,343,0
47,283,183,25,72,0
47,244,181,16,47,0
48,589,150,50,321,0
48,281,176,26,75,0
48,245,180,17,46,0
48,412,183,16,50,0
49,598,169,41,293,0
49,282,173,25,75,0
49,245,177,17,47,0
50,280,171,24,74,0
50,244,175,17,48,0
50,593,159,46,247,0
51,277,171,23,75,0
51,589,168,50,231,0
51,245,174,17,45,0
52,276,171,24,76,0
52,583,165,56,236,0
52,414,176,15,55,0
52,241,172,17,50,0
53,274,171,24,73,0
53,568,163,71,248,0
53,413,176,15,55,0
53,242,172,17,51,0
54,273,170,24,76,0
54,563,165,74,248,0
54,415,176,15,55,0
54,241,172,16,49,0
55,560,162,75,239,0
55,272,168,23,76,0
55,114,176,14,27,0
55,241,171,15,49,0
56,564,166,73,232,0
56,270,168,24,75,0
56,243,172,16,47,0
56,112,171,18,34,0
57,570,171,69,229,0
57,270,169,25,72,0
57,113,175,14,27,0
57,243,172,16,48,0
58,575,159,49,237,0
58,16,178,20,66,0
58,270,175,27,70,0
58,116,178,12,27,0
59,574,160,53,240,0
59,17,179,21,67,0
59,270,180,27,66,0
59,116,178,14,29,0
60,568,164,67,254,0
60,282,177,21,65,0
60,25,180,20,62,0
61,576,160,62,256,0
61,40,181,18,61,0
61,306,167,17,59,0
61,285,173,21,65,0
61,139,177,9,27,0
61,300,169,18,60,0
62,576,163,62,239,0
62,45,179,17,60,0
62,289,173,23,69,0
62,141,174,11,29,0
62,137,175,12,30,0
62,308,166,18,60,0
62,250,168,17,52,0
63,586,159,51,237,0
63,51,176,21,62,0
63,295,168,26,72,0
63,318,164,17,57,0
63,0,175,22,93,0
63,145,173,14,31,0
63,256,167,16,51,0
64,594,152,45,250,0
64,57,175,19,59,0
64,298,169,26,70,0
64,0,174,27,94,0
64,151,173,12,29,0
64,147,172,13,31,0
64,320,162,18,63,0
65,62,174,20,61,0
65,302,169,24,70,0
65,323,163,18,58,0
65,1,172,30,95,0
65,264,167,15,49,0
65,152,172,16,34,0
65,596,149,43,254,0
65,34,176,17,45,0
66,72,173,19,61,0
66,7,167,32,99,0
66,307,167,27,69,0
66,333,160,17,62,0
66,593,160,45,240,0
67,77,171,21,61,0
67,10,163,32,100,0
67,313,165,25,72,0
67,276,166,15,50,0
67,336,159,17,60,0
67,583,152,56,232,0
67,168,168,12,28,0
68,82,166,20,62,0
68,319,162,22,69,0
68,12,162,29,98,0
68,343,154,20,66,0
68,583,147,56,239,0
68,174,162,14,30,0
68,280,163,17,49,0
69,87,165,18,59,0
69,319,160,27,66,0
69,14,161,35,97,0
69,347,152,19,66,0
69,175,160,14,28,0
69,282,158,18,52,0
69,588,148,51,241,0
69,158,162,14,42,0
70,90,164,19,59,0
70,15,159,34,97,0
70,321,160,28,67,0
70,283,158,19,51,0
70,348,152,20,66,0
70,177,157,16,31,0
70,598,145,41,252,0
71,95,157,19,65,0
71,17,159,34,98,0
71,323,158,27,68,0
71,604,133,34,270,0
71,351,151,22,65,0
71,287,156,17,52,0
71,183,157,15,31,0
71,500,156,18,68,0
72,606,127,33,283,0
72,354,151,23,67,0
72,98,162,16,59,0
72,325,159,25,67,0
72,18,163,32,96,0
72,292,156,17,52,0
72,184,157,14,32,0
73,604,143,35,262,0
73,17,160,38,105,0
73,329,159,24,71,0
73,104,168,14,53,0
73,359,151,20,68,0
73,294,158,17,53,0
73,190,163,11,28,0
73,168,162,13,42,0
74,20,160,36,101,0
74,332,159,22,70,0
74,602,146,36,240,0
74,106,165,18,58,0
74,366,150,22,70,0
74,0,178,11,82,0
74,194,161,15,29,0
74,296,159,17,49,0
75,21,162,37,100,0
75,110,164,17,57,0
75,601,148,37,230,0
75,368,147,22,75,0
75,299,157,18,53,0
75,0,174,20,84,0
75,334,159,24,69,0
75,201,162,12,27,0
75,174,159,14,48,0
76,114,163,15,57,0
76,596,151,42,230,0
76,301,154,19,53,0
76,0,174,20,85,0
76,19,161,42,99,0
76,372,147,21,74,0
76,336,155,25,71,0
76,272,156,16,47,0
77,115,161,16,58,0
77,24,161,32,99,0
77,603,146,36,245,0
77,338,152,23,72,0
77,306,152,17,52,0
77,373,144,21,72,0
77,0,168,20,86,0
77,206,158,13,27,0
77,210,158,13,26,0
77,279,153,11,41,0
78,116,158,17,59,0
78,602,136,37,267,0
78,341,152,22,70,0
78,374,143,22,74,0
78,19,158,36,100,0
78,276,151,16,46,0
78,0,169,20,81,0
78,306,152,14,49,0
79,15,158,39,101,0
79,115,159,17,58,0
79,375,142,22,75,0
79,599,132,39,267,0
79,339,153,21,69,0
79,277,151,15,47,0
79,2,167,19,87,0
80,113,159,17,58,0
80,587,129,52,276,0
80,12,153,37,107,0
80,374,142,23,70,0
80,337,152,23,71,0
80,278,152,13,44,0
80,211,155,16,29,0
80,0,169,16,83,0
81,566,132,73,277,0
81,4,156,40,107,0
81,110,158,18,60,0
81,372,143,24,76,0
81,333,153,25,71,0
81,171,159,16,49,0
81,271,151,17,52,0
82,563,136,76,277,0
82,1,154,36,109,0
82,370,144,24,78,0
82,109,159,17,57,0
82,328,154,23,70,0
82,250,158,10,29,0
82,305,156,13,43,0
82,269,153,14,47,0
83,553,140,86,268,0
83,101,158,18,60,0
83,366,143,24,80,0
83,322,156,24,67,0
83,261,151,18,53,0
83,297,154,16,48,0
84,553,138,80,268,0
84,96,156,19,60,0
84,361,143,25,80,0
84,316,153,23,69,0
84,199,154,16,56,0
84,256,148,19,58,0
84,0,181,17,87,0
85,545,134,74,264,0
85,356,144,25,79,0
85,311,152,24,71,0
85,193,154,16,55,0
85,613,173,25,207,0
85,91,159,18,59,0
85,250,147,19,57,0
86,537,135,64,260,0
86,604,117,35,280,0
86,352,141,24,85,0
86,302,152,24,73,0
86,185,156,16,55,0
86,243,147,19,56,0
87,530,126,64,275,0
87,594,119,45,274,0
87,351,140,22,82,0
87,299,156,23,67,0
88,518,136,66,265,0
88,579,120,60,283,0
88,348,139,24,89,0
88,295,154,25,71,0
88,178,155,18,63,0
88,75,166,15,57,0
88,238,153,16,49,0
89,513,137,66,270,0
89,580,127,59,285,0
89,347,140,24,88,0
89,178,157,18,63,0
89,295,156,24,67,0
89,73,162,16,60,0
89,237,152,16,54,0
90,572,125,67,272,0
90,507,138,68,263,0
90,71,157,20,59,0
90,348,138,24,89,0
90,295,152,23,64,0
91,503,126,67,262,0
91,71,150,18,59,0
91,570,117,63,235,0
91,347,134,25,90,0
91,292,150,20,62,0
91,176,146,17,58,0
91,238,147,15,52,0
92,502,127,59,254,0
92,569,116,60,267,0
92,70,149,19,58,0
92,347,130,25,93,0
92,291,150,21,60,0
92,174,145,18,58,0
93,494,121,67,265,0
93,563,110,70,283,0
93,70,147,19,59,0
93,348,129,25,90,0
93,291,148,22,62,0
94,552,114,80,279,0
94,481,124,73,269,0
94,350,129,25,95,0
94,71,149,18,57,0
94,292,151,21,62,0
95,472,127,79,277,0
95,545,115,86,295,0
95,350,131,27,97,0
95,71,147,18,60,0
95,170,140,22,66,0
95,288,149,22,61,0
95,297,148,20,57,0
95,19,150,14,49,0
96,466,141,79,276,0
96,550,128,76,288,0
96,70,145,18,63,0
96,350,135,27,99,0
96,287,149,22,64,0
96,172,143,17,64,0
96,128,146,17,36,0
97,466,138,76,285,0
97,544,128,77,283,0
97,351,136,27,99,0
97,71,144,18,62,0
97,287,149,22,65,0
97,172,142,17,62,0
98,542,136,71,271,0
98,468,140,67,269,0
98,71,143,19,63,0
98,354,137,27,100,0
98,288,152,21,63,0
98,174,145,16,61,0
98,149,150,20,25,0
99,467,129,65,288,0
99,539,129,68,277,0
99,357,137,28,101,0
99,73,144,18,65,0
99,290,158,21,62,0
99,172,146,18,63,0
99,238,150,15,53,0
100,543,139,64,268,0
100,466,133,65,282,0
100,75,151,19,58,0
100,360,139,28,103,0
100,291,156,21,66,0
100,239,151,16,54,0
100,173,149,17,64,0
101,464,131,70,303,0
101,538,141,75,287,0
101,367,140,26,108,0
101,294,161,23,63,0
101,175,171,18,48,0
101,83,158,17,52,0
102,543,146,79,288,0
102,468,144,69,288,0
102,374,144,29,113,0
102,89,157,19,58,0
102,300,164,24,64,0
102,529,167,17,41,0
103,550,145,64,302,0
103,470,149,69,298,0
103,99,159,18,57,0
103,384,149,29,107,0
103,307,168,26,64,0
103,187,159,20,67,0
103,254,162,16,56,0
103,541,170,16,40,0
104,468,148,70,306,0
104,554,147,70,287,0
104,389,149,30,112,0
104,105,157,18,60,0
104,311,167,25,66,0
105,556,146,76,278,0
105,473,152,65,282,0
105,395,151,29,111,0
105,313,159,25,74,0
105,111,159,16,54,0
105,264,160,17,56,0
106,558,137,74,292,0
106,473,149,68,284,0
106,113,159,20,56,0
106,401,145,30,121,0
106,318,161,24,68,0
106,345,164,15,40,0
106,268,159,17,59,0
106,292,157,16,56,0
106,199,162,16,61,0
107,472,149,69,284,0
107,557,145,72,286,0
107,406,143,30,121,0
107,118,157,18,61,0
107,319,160,29,69,0
107,296,157,17,55,0
107,349,162,13,44,0
107,201,162,15,62,0
108,468,145,74,297,0
108,547,138,87,316,0
108,413,142,32,127,0
108,325,159,25,75,0
108,123,160,19,59,0
109,465,146,78,307,0
109,418,145,33,127,0
109,548,145,87,315,0
109,126,159,17,57,0
109,328,163,23,71,0
109,275,160,18,56,0
109,205,162,18,68,0
109,302,157,17,58,0
110,540,150,96,304,0
110,462,154,81,298,0
110,422,147,33,131,0
110,128,158,19,58,0
110,329,164,22,72,0
110,359,170,16,39,0
110,276,163,18,57,0
111,460,155,77,305,0
111,546,153,84,305,0
111,425,150,32,133,0
111,131,156,18,60,0
111,332,165,22,66,0
111,360,166,13,43,0
111,276,158,19,62,0
112,453,154,84,298,0
112,547,150,80,297,0
112,428,145,36,133,0
112,332,162,25,70,0
112,133,156,18,56,0
112,362,161,13,46,0
112,208,158,20,67,0
113,442,146,95,302,0
113,547,141,74,313,0
113,433,145,35,136,0
113,132,156,20,57,0
113,332,160,27,69,0
113,302,156,19,61,0
113,307,158,19,55,0
113,206,155,22,72,0
113,363,164,12,42,0
114,443,140,95,308,0
114,544,141,85,315,0
114,436,139,36,149,0
114,136,157,18,53,0
114,334,160,25,68,0
114,309,158,17,55,0
115,443,136,96,322,0
115,544,144,88,316,0
115,443,141,35,133,0
115,337,160,25,69,0
115,139,155,18,57,0
115,280,162,21,58,0
116,545,144,81,319,0
116,449,140,91,327,0
116,341,160,24,70,0
116,447,145,35,140,0
116,374,162,15,42,0
116,146,151,20,63,0
116,310,158,20,56,0
117,548,149,77,309,0
117,453,141,87,311,0
117,344,158,22,68,0
117,0,155,15,83,0
117,377,161,14,41,0
117,212,152,21,72,0
117,150,149,18,62,0
117,455,145,32,138,0
118,457,134,92,322,0
118,550,141,76,292,0
118,0,150,19,85,0
118,215,144,21,75,0
118,346,153,24,70,0
118,317,153,18,55,0
118,322,155,16,53,0
118,153,147,16,62,0
119,457,134,81,309,0
119,549,132,72,258,0
119,0,145,20,89,0
119,215,143,22,76,0
119,348,151,22,69,0
119,316,153,19,57,0
120,458,139,77,301,0
120,548,135,85,258,0
120,216,142,27,79,0
120,0,144,20,88,0
120,349,152,22,66,0
120,316,149,18,58,0
121,541,128,90,318,0
121,462,139,73,293,0
121,350,149,25,71,0
121,386,155,15,43,0
121,1,146,19,81,0
121,220,140,23,77,0
121,316,148,19,58,0
122,459,144,78,293,0
122,533,122,103,338,0
122,1,142,24,86,0
122,355,149,22,69,0
122,221,142,23,74,0
122,389,151,14,45,0
122,484,125,36,64,0
123,454,128,85,327,0
123,538,119,101,347,0
123,2,143,25,80,0
123,357,147,23,70,0
123,224,143,19,73,0
123,326,147,17,59,0
123,391,154,12,38,0
124,542,132,97,326,0
124,454,125,88,337,0
124,358,148,24,68,0
124,2,143,25,77,0
124,223,142,20,74,0
124,326,146,18,59,0
124,390,154,14,40,0
124,172,133,24,49,0
125,454,128,85,328,0
125,545,142,89,318,0
125,328,144,17,60,0
125,2,140,26,76,0
125,360,144,23,69,0
125,224,136,22,81,0
125,510,131,38,188,0
126,551,134,88,281,0
126,458,131,81,309,0
126,4,137,27,85,0
126,223,131,27,88,0
126,518,124,43,159,0
126,328,143,18,60,0
126,362,143,22,69,0
127,460,131,77,306,0
127,547,122,91,315,0
127,5,138,27,85,0
127,225,128,21,83,0
127,524,116,43,193,0
127,361,140,24,69,0
127,397,149,15,43,0
127,328,141,18,59,0
127,94,136,17,52,0
127,307,143,18,64,0
128,463,126,74,316,0
128,551,121,88,324,0
128,8,141,25,82,0
128,533,113,52,198,0
128,228,129,20,80,0
128,368,143,22,68,0
128,328,142,19,61,0
128,402,146,12,43,0
128,311,145,17,60,0
129,465,118,83,327,0
129,369,140,23,73,0
129,545,115,50,188,0
129,331,140,20,63,0
129,228,132,22,82,0
129,553,128,80,262,0
130,468,124,86,325,0
130,554,112,76,310,0
130,551,112,52,202,0
130,371,139,25,69,0
130,331,137,22,67,0
130,234,134,20,75,0
130,13,141,24,75,0
130,315,142,17,60,0
130,579,111,57,237,0
131,477,126,81,316,0
131,564,123,75,331,0
131,17,140,22,81,0
131,381,140,20,67,0
131,236,132,20,73,0
131,332,135,22,65,0
131,592,103,20,37,0
132,481,124,80,313,0
132,573,109,66,322,0
132,237,129,20,75,0
132,338,133,17,61,0
132,0,132,12,85,0
132,381,138,22,68,0
132,375,134,24,65,0
132,16,135,22,80,0
133,485,122,79,306,0
133,14,131,26,85,0
133,237,124,21,80,0
133,339,132,15,63,0
133,0,129,11,87,0
133,385,136,23,64,0
133,578,102,61,271,0
134,487,125,79,296,0
134,580,114,59,329,0
134,238,122,21,83,0
134,15,130,26,86,0
134,0,129,12,88,0
134,385,134,22,66,0
134,340,131,15,60,0
135,489,118,79,305,0
135,16,131,26,84,0
135,574,95,65,355,0
135,237,121,22,82,0
135,1,130,11,81,0
135,387,133,23,67,0
135,339,132,17,59,0
136,485,117,89,305,0
136,15,135,25,84,0
136,235,125,25,85,0
136,574,88,65,360,0
136,387,136,22,65,0
136,336,133,19,66,0
137,487,115,85,327,0
137,233,126,25,82,0
137,12,134,25,85,0
137,572,100,67,332,0
137,336,132,20,66,0
137,385,137,26,64,0
138,485,125,85,311,0
138,5,137,26,81,0
138,570,106,69,322,0
138,231,123,23,86,0
138,336,132,19,63,0
138,384,137,23,65,0
138,191,130,18,39,0
138,415,137,11,41,0
139,479,118,86,321,0
139,572,95,67,347,0
139,382,135,22,66,0
139,223,122,22,82,0
139,1,137,22,85,0
139,332,132,17,59,0
139,157,133,26,72,0
139,187,131,14,38,0
140,478,111,84,321,0
140,565,100,74,322,0
140,216,124,26,82,0
140,374,133,23,65,0
140,327,131,14,61,0
140,0,132,18,87,0
141,467,109,89,307,0
141,558,98,80,311,0
141,204,121,28,88,0
141,174,130,14,38,0
141,319,131,17,55,0
141,486,110,142,317,0
141,400,135,13,42,0
142,467,105,94,313,0
142,557,88,82,354,0
142,198,119,28,91,0
142,367,132,22,65,0
142,293,132,21,64,0
142,314,130,16,57,0
142,171,129,14,37,0
143,469,107,90,309,0
143,555,83,82,358,0
143,365,135,23,59,0
143,194,124,27,82,0
143,288,131,21,63,0
143,129,125,25,80,0
144,477,108,86,319,0
144,553,91,86,351,0
144,288,128,22,72,0
144,365,131,21,62,0
144,348,127,18,55,0
145,481,105,77,316,0
145,558,87,81,291,0
145,164,129,14,39,0
145,364,127,21,65,0
145,347,123,18,57,0
145,288,126,21,70,0
145,181,123,23,46,0
146,489,95,75,313,0
146,568,83,71,320,0
146,366,123,22,65,0
146,288,124,21,66,0
146,166,124,14,40,0
146,51,127,17,56,0
146,348,117,19,60,0
146,179,120,22,44,0
146,309,122,17,61,0
147,491,94,78,302,0
147,367,120,22,65,0
147,178,115,24,45,0
147,286,120,24,68,0
147,569,71,70,267,0
147,116,115,26,85,0
147,310,117,16,61,0
147,349,115,18,58,0
147,52,121,14,48,0
148,496,81,74,317,0
148,575,72,64,306,0
148,51,118,15,57,0
148,369,118,21,65,0
148,176,113,23,46,0
148,287,117,20,69,0
148,201,122,15,29,0
148,349,115,18,54,0
148,308,116,19,60,0
149,496,79,80,325,0
149,172,109,26,48,0
149,48,116,18,60,0
149,582,71,57,361,0
149,372,117,20,62,0
149,110,109,29,98,0
149,287,112,20,73,0
149,349,112,18,55,0
149,203,121,17,27,0
149,311,113,16,62,0
150,494,82,88,331,0
150,582,79,57,313,0
150,171,108,22,48,0
150,47,117,17,58,0
150,108,107,28,103,0
150,373,117,21,62,0
150,200,121,18,28,0
150,284,111,22,70,0
150,350,113,19,56,0
150,308,114,18,59,0
151,492,81,89,336,0
151,583,84,56,302,0
151,43,117,18,57,0
151,164,104,26,54,0
151,371,117,20,64,0
151,308,116,16,60,0
151,102,115,30,81,0
151,198,121,18,28,0
151,349,113,18,59,0
151,282,109,22,71,0
151,303,115,17,61,0
152,493,99,87,319,0
152,582,80,57,320,0
152,161,108,23,49,0
152,95,111,35,90,0
152,370,119,21,64,0
152,308,117,16,59,0
152,349,113,18,60,0
152,282,113,22,74,0
152,19,115,13,37,0
153,494,99,78,316,0
153,583,75,56,334,0
153,159,105,19,52,0
153,370,119,21,64,0
153,273,109,26,83,0
153,305,117,17,57,0
153,347,113,19,57,0
153,37,113,17,58,0
154,495,96,76,314,0
154,579,86,60,333,0
154,270,110,24,84,0
154,300,114,18,60,0
154,31,112,17,59,0
154,365,120,22,63,0
154,83,111,34,85,0
154,343,114,19,58,0
154,390,117,13,44,0
155,496,88,77,318,0
155,580,79,59,347,0
155,298,116,17,60,0
155,264,111,21,84,0
155,78,113,28,85,0
155,27,114,20,61,0
155,340,113,20,60,0
155,364,121,20,61,0
156,498,84,75,339,0
156,582,94,57,328,0
156,297,118,18,62,0
156,263,114,22,81,0
156,143,112,20,51,0
156,366,122,20,63,0
156,24,117,17,59,0
156,339,115,19,63,0
156,185,127,16,25,0
157,501,93,74,329,0
157,587,79,52,380,0
157,17,121,21,62,0
157,138,116,25,50,0
157,259,116,24,74,0
157,295,123,21,61,0
157,367,123,20,65,0
157,339,117,19,61,0
157,66,122,31,88,0
158,505,97,78,333,0
158,595,91,44,331,0
158,138,116,24,52,0
158,372,126,19,65,0
158,62,128,34,80,0
158,260,113,26,89,0
158,297,124,20,61,0
158,342,123,18,61,0
159,514,94,76,342,0
159,136,104,29,66,0
159,373,128,23,61,0
159,63,124,33,90,0
159,262,111,27,95,0
159,300,122,19,61,0
159,605,140,34,228,0
159,348,119,18,61,0
160,517,99,79,318,0
160,62,117,34,98,0
160,261,116,26,86,0
160,136,115,27,54,0
160,301,121,19,61,0
160,614,144,25,217,0
160,349,115,19,64,0
160,374,126,26,61,0
160,26,126,19,60,0
160,171,126,16,31,0
161,524,88,76,319,0
161,58,110,37,104,0
161,134,109,24,57,0
161,306,118,18,60,0
161,260,114,26,80,0
161,351,112,20,64,0
161,28,122,19,62,0
161,379,120,20,61,0
161,10,123,7,41,0
161,174,121,16,33,0
162,523,76,87,338,0
162,133,105,24,60,0
162,55,113,35,99,0
162,260,115,27,86,0
162,384,118,20,65,0
162,352,112,20,63,0
162,27,122,20,62,0
162,308,118,17,58,0
162,288,116,17,55,0
163,525,83,93,327,0
163,132,105,24,62,0
163,353,114,20,62,0
163,54,114,36,101,0
163,28,122,20,63,0
163,386,119,20,66,0
163,312,119,15,57,0
163,289,117,17,55,0
163,405,116,15,40,0
164,530,89,96,350,0
164,52,117,39,102,0
164,257,116,29,91,0
164,133,113,23,57,0
164,358,116,20,62,0
164,387,125,24,62,0
164,291,121,17,57,0
165,541,89,90,355,0
165,50,117,37,102,0
165,259,114,28,88,0
165,131,114,24,56,0
165,312,121,18,58,0
165,389,124,23,63,0
165,360,116,18,64,0
166,549,99,85,348,0
166,48,118,35,104,0
166,254,113,32,97,0
166,314,122,18,59,0
166,184,123,17,35,0
166,390,124,22,62,0
166,131,113,22,55,0
166,362,117,19,64,0
167,554,92,82,358,0
167,44,115,33,108,0
167,253,113,30,94,0
167,130,110,23,59,0
167,314,122,18,60,0
167,185,124,15,35,0
167,392,123,21,63,0
167,290,118,19,69,0
167,36,121,28,101,0
167,362,117,19,64,0
168,556,99,79,339,0
168,33,114,39,107,0
168,249,112,30,95,0
168,313,120,18,62,0
168,126,110,26,59,0
168,390,123,22,63,0
168,361,117,19,64,0
168,183,124,14,34,0
168,291,118,17,63,0
169,22,108,42,118,0
169,556,92,83,334,0
169,245,115,29,97,0
169,311,122,18,61,0
169,389,126,23,62,0
169,357,119,20,65,0
170,12,116,45,114,0
170,243,116,29,94,0
170,119,115,25,57,0
170,355,123,20,64,0
170,559,91,80,336,0
170,289,124,20,62,0
170,310,125,18,63,0
170,387,129,25,63,0
170,13,117,27,109,0
171,10,116,39,124,0
171,238,120,32,98,0
171,309,131,19,61,0
171,386,135,25,63,0
171,117,118,24,58,0
171,355,128,20,66,0
172,235,121,32,101,0
172,5,125,39,118,0
172,115,121,27,62,0
172,310,133,18,62,0
172,387,138,24,62,0
172,356,130,20,66,0
172,177,135,13,35,0
173,233,128,32,99,0
173,575,106,64,362,0
173,0,117,42,130,0
173,114,122,29,63,0
173,387,138,25,64,0
173,356,132,20,66,0
173,307,136,21,64,0
173,411,136,15,46,0
173,175,138,16,36,0
173,11,121,26,124,0
174,226,125,36,113,0
174,306,138,20,61,0
174,571,102,67,373,0
174,115,125,27,61,0
174,0,124,37,126,0
174,356,133,21,66,0
174,387,140,26,65,0
174,413,133,17,54,0
175,221,130,37,111,0
175,577,109,62,349,0
175,115,125,28,61,0
175,355,134,21,65,0
175,387,140,24,64,0
175,307,138,18,56,0
175,0,124,22,121,0
175,286,137,14,38,0
176,216,126,38,127,0
176,579,94,60,382,0
176,116,121,28,64,0
176,355,134,21,65,0
176,387,142,22,62,0
176,302,139,18,58,0
176,2,134,20,68,0
177,576,98,62,351,0
177,115,124,31,63,0
177,214,121,36,133,0
177,301,138,19,61,0
177,356,135,20,68,0
177,387,145,22,62,0
177,278,138,18,56,0
177,2,135,17,66,0
178,213,131,32,118,0
178,357,139,20,67,0
178,278,140,19,54,0
178,113,128,33,60,0
178,572,116,66,346,0
178,386,144,23,63,0
178,0,135,16,71,0
178,178,141,21,37,0
179,112,126,34,67,0
179,203,125,37,132,0
179,568,106,70,339,0
179,355,141,21,65,0
179,277,143,20,60,0
179,385,146,21,66,0
179,302,146,16,58,0
179,0,137,14,69,0
179,413,148,15,45,0
180,108,126,36,70,0
180,200,126,37,137,0
180,567,116,70,325,0
180,351,143,22,68,0
180,276,145,19,63,0
180,414,150,13,47,0
180,300,147,16,61,0
180,382,148,21,63,0
181,192,125,37,144,0
181,104,125,41,69,0
181,382,151,22,61,0
181,351,143,22,69,0
181,276,144,19,60,0
181,575,111,63,346,0
181,299,149,16,59,0
181,414,151,12,49,0
182,185,129,41,144,0
182,103,125,40,70,0
182,351,142,21,70,0
182,576,102,61,357,0
182,381,151,21,61,0
182,297,147,18,62,0
182,275,144,21,60,0
183,179,125,45,151,0
183,101,127,42,70,0
183,351,141,21,70,0
183,276,144,21,60,0
183,381,150,22,60,0
183,298,147,15,61,0
183,579,97,59,354,0
184,174,124,45,154,0
184,351,140,21,71,0
184,101,127,42,72,0
184,381,149,21,62,0
184,298,146,18,62,0
184,275,145,19,55,0
184,417,153,12,45,0
185,172,126,43,151,0
185,100,126,48,71,0
185,352,140,22,73,0
185,383,148,20,65,0
185,299,147,17,60,0
185,599,163,39,299,0
186,175,127,41,154,0
186,112,123,43,74,0
186,359,139,22,70,0
186,302,143,19,62,0
186,387,150,21,60,0
186,276,141,18,63,0
186,160,143,16,39,0
186,428,145,14,50,0
187,170,115,47,169,0
187,116,122,43,74,0
187,364,138,21,72,0
188,164,112,49,173,0
188,120,117,36,79,0
188,364,134,24,74,0
188,393,143,21,64,0
188,310,141,15,62,0
189,160,107,50,190,0
189,123,115,36,75,0
189,395,139,21,62,0
189,368,130,22,73,0
189,311,135,17,64,0
189,285,132,20,63,0
190,155,105,51,203,0
190,126,113,37,77,0
190,371,129,22,72,0
190,285,131,20,62,0
190,311,134,19,66,0
190,397,138,19,63,0
191,148,106,51,201,0
191,129,115,32,78,0
191,313,136,19,63,0
191,398,138,20,64,0
191,373,129,24,75,0
191,287,131,21,73,0
192,139,114,52,191,0
192,287,129,21,73,0
192,375,133,23,75,0
192,399,140,20,62,0
192,310,133,22,69,0
193,134,110,52,197,0
193,288,131,21,74,0
193,597,357,40,107,0
193,399,140,20,63,0
193,376,135,22,72,0
193,310,135,21,66,0
193,187,143,17,34,0
194,112,103,64,219,0
194,287,132,22,73,0
194,378,138,20,70,0
194,310,137,20,64,0
194,400,140,24,64,0
194,186,141,19,38,0
195,98,105,69,219,0
195,397,140,20,63,0
195,287,129,21,76,0
195,198,138,14,35,0
195,378,138,19,67,0
195,183,138,16,40,0
195,309,136,21,65,0
196,80,106,78,226,0
196,179,137,18,40,0
196,376,134,22,74,0
196,286,131,22,74,0
196,203,137,12,33,0
196,199,138,12,35,0
197,74,103,71,231,0
197,127,112,31,143,0
197,286,129,22,74,0
197,376,133,22,76,0
197,181,136,16,40,0
197,312,136,16,64,0
197,200,136,13,32,0
197,396,138,19,65,0
198,64,96,75,241,0
198,123,114,35,138,0
198,378,134,21,73,0
198,178,137,20,41,0
198,285,128,23,75,0
198,311,137,20,65,0
198,199,135,14,32,0
199,62,93,55,247,0
199,120,118,36,132,0
199,381,132,21,78,0
199,312,134,20,67,0
199,180,137,20,40,0
199,399,138,20,64,0
199,285,130,24,79,0
199,205,137,12,29,0
200,119,119,38,131,0
200,49,86,58,262,0
200,382,130,22,80,0
200,314,134,21,66,0
200,180,138,21,40,0
200,400,136,19,65,0
200,203,134,14,33,0
201,18,89,81,263,0
201,114,112,44,139,0
201,385,129,23,79,0
201,315,133,20,64,0
201,406,135,19,63,0
201,181,132,19,44,0
201,401,134,19,66,0
201,206,133,13,33,0
202,3,90,94,263,0
202,113,113,44,139,0
202,384,125,24,80,0
202,315,128,21,67,0
202,406,132,20,63,0
202,206,127,13,37,0
202,286,124,24,74,0
202,182,132,20,41,0
203,0,73,91,285,0
203,110,113,46,141,0
203,386,125,24,78,0
203,407,131,19,63,0
203,314,127,21,66,0
203,183,131,16,40,0
203,206,125,13,38,0
203,286,119,23,75,0
203,402,130,18,66,0
204,107,105,49,152,0
204,0,77,77,275,0
204,387,123,24,81,0
204,287,118,22,74,0
204,183,131,18,41,0
204,314,128,20,64,0
204,407,132,18,63,0
204,207,125,12,38,0
204,401,129,18,68,0
205,105,103,52,155,0
205,288,120,21,74,0
205,399,129,21,73,0
205,0,127,47,225,0
205,183,131,17,42,0
205,392,126,21,79,0
205,314,129,20,64,0
205,206,126,12,36,0
205,405,131,20,67,0
206,101,113,56,148,0
206,399,132,23,74,0
206,179,131,21,48,0
206,315,135,20,61,0
206,208,133,15,33,0
207,97,104,60,163,0
207,398,132,24,77,0
207,289,125,23,78,0
207,315,136,21,64,0
207,179,132,23,50,0
207,209,134,14,36,0
208,95,108,62,161,0
208,398,132,25,83,0
208,179,134,22,48,0
208,289,126,22,78,0
208,314,137,20,62,0
208,209,133,14,38,0
208,320,137,18,59,0
209,93,111,63,158,0
209,398,132,25,84,0
209,177,137,22,49,0
209,290,126,22,79,0
209,321,138,18,61,0
209,312,138,21,63,0
210,100,113,59,158,0
210,398,131,26,85,0
210,176,138,21,48,0
210,289,126,22,77,0
210,319,138,20,64,0
210,77,135,23,66,0
211,100,113,58,162,0
211,398,130,26,88,0
211,175,143,20,47,0
211,317,137,21,66,0
211,288,131,22,75,0
211,72,137,21,69,0
211,210,137,13,38,0
212,101,117,58,164,0
212,399,131,26,89,0
212,317,140,21,65,0
212,175,144,21,46,0
212,67,140,20,66,0
212,288,134,21,74,0
212,205,136,14,39,0
213,100,124,63,161,0
213,400,129,28,93,0
213,173,147,21,44,0
213,317,140,22,67,0
213,287,135,23,75,0
214,107,114,60,169,0
214,404,130,27,94,0
214,317,141,22,65,0
214,173,146,23,47,0
214,288,135,21,73,0
214,312,140,22,63,0
215,112,115,56,169,0
215,403,130,28,94,0
215,288,135,21,70,0
215,83,147,20,62,0
215,53,151,31,64,0
215,174,147,25,48,0
215,323,140,17,62,0
216,115,111,59,173,0
216,405,127,28,92,0
216,318,137,22,64,0
216,78,145,21,61,0
216,288,132,21,69,0
216,45,148,28,64,0
216,170,141,24,51,0
216,213,137,15,41,0
217,114,111,55,176,0
217,400,125,31,94,0
217,320,137,21,64,0
217,43,142,24,69,0
217,75,143,21,62,0
217,287,132,20,68,0
217,169,139,22,53,0
217,212,136,15,40,0
217,312,137,20,61,0
218,113,111,59,178,0
218,399,125,32,95,0
218,285,130,21,71,0
218,71,141,22,64,0
218,317,138,22,62,0
218,38,150,23,60,0
218,312,138,23,60,0
218,166,138,22,54,0
219,108,113,66,176,0
219,399,125,32,97,0
219,27,147,24,66,0
219,62,142,22,66,0
219,314,140,20,59,0
219,163,139,20,54,0
219,280,134,19,64,0
220,105,113,68,180,0
220,399,128,30,98,0
220,15,145,29,72,0
220,57,144,20,64,0
220,315,139,21,67,0
220,281,137,17,68,0
221,111,112,63,186,0
221,278,137,20,71,0
221,398,129,32,102,0
221,313,145,20,63,0
221,5,141,30,78,0
221,51,149,20,47,0
222,115,112,56,186,0
222,43,148,24,66,0
222,397,129,33,102,0
222,276,138,19,71,0
222,0,145,32,75,0
222,310,147,19,60,0
222,362,149,9,28,0
223,117,112,51,180,0
223,40,150,22,64,0
223,398,131,28,99,0
223,308,146,20,60,0
223,0,147,20,76,0
223,274,138,20,68,0
223,201,144,14,38,0
223,387,138,19,72,0
224,111,111,58,190,0
224,28,146,25,68,0
224,307,148,19,61,0
224,269,141,22,68,0
224,392,132,32,96,0
224,385,137,19,74,0
225,110,110,60,192,0
225,397,130,29,101,0
225,306,148,20,62,0
225,29,149,20,60,0
225,268,141,22,67,0
225,385,135,19,75,0
226,108,109,70,193,0
226,396,131,29,99,0
226,305,149,20,63,0
226,22,151,19,63,0
226,268,144,21,65,0
226,380,145,19,62,0
226,198,146,15,40,0
226,384,142,20,68,0
227,107,118,76,188,0
227,22,151,20,66,0
227,268,143,23,69,0
227,305,148,21,66,0
227,393,132,35,104,0
227,199,148,14,42,0
228,109,116,72,190,0
228,395,133,35,104,0
228,305,148,22,65,0
228,269,143,23,64,0
228,200,149,14,41,0
228,384,147,19,65,0
228,23,152,19,62,0
229,111,113,72,202,0
229,271,143,22,65,0
229,398,133,34,104,0
229,384,148,19,61,0
229,17,151,23,69,0
229,307,150,21,60,0
229,203,149,13,41,0
230,113,113,73,202,0
230,397,130,37,102,0
230,383,144,20,62,0
230,271,141,21,66,0
230,308,149,21,60,0
230,11,150,22,67,0
230,202,147,14,39,0
231,113,113,76,199,0
231,402,127,32,109,0
231,382,144,20,64,0
231,271,141,21,66,0
231,9,148,19,66,0
231,309,149,19,59,0
231,203,146,14,39,0
232,113,110,69,202,0
232,403,128,31,107,0
232,7,150,19,64,0
232,272,141,21,66,0
232,380,146,20,61,0
232,309,148,19,60,0
232,203,146,13,38,0
233,113,111,65,201,0
233,404,130,32,107,0
233,383,145,20,61,0
233,4,147,20,71,0
233,272,141,21,69,0
233,311,147,21,61,0
233,204,147,12,38,0
234,112,111,56,204,0
234,403,129,34,110,0
234,377,145,23,60,0
234,272,141,22,69,0
234,311,147,19,60,0
234,204,146,13,40,0
235,110,111,54,209,0
235,404,129,32,113,0
235,272,140,22,73,0
235,377,146,22,63,0
235,309,149,20,64,0
236,104,114,56,208,0
236,404,129,34,114,0
236,270,145,21,66,0
236,376,147,22,62,0
236,204,148,13,41,0
236,309,150,19,60,0
236,302,152,18,57,0
237,97,113,57,211,0
237,403,129,33,114,0
237,268,144,21,66,0
237,308,150,19,60,0
237,373,147,24,64,0
237,201,149,13,42,0
237,304,151,18,57,0
238,90,115,61,203,0
238,403,129,33,114,0
238,266,144,21,66,0
238,308,151,19,61,0
238,372,149,25,61,0
238,201,149,14,44,0
239,82,113,80,211,0
239,404,132,34,113,0
239,262,144,22,69,0
239,200,151,16,46,0
239,372,145,25,67,0
239,301,150,20,59,0
240,75,119,85,211,0
240,404,131,35,119,0
240,263,144,21,66,0
240,373,148,22,66,0
240,306,151,20,64,0
240,202,152,14,45,0
241,77,123,83,212,0
241,406,133,37,120,0
241,265,146,21,66,0
241,374,149,23,64,0
241,305,150,21,65,0
242,73,128,87,210,0
242,265,145,21,66,0
242,409,132,36,119,0
242,375,148,23,63,0
242,127,148,20,49,0
243,72,127,89,218,0
243,412,131,35,118,0
243,266,143,20,72,0
243,376,148,22,62,0
243,212,151,14,50,0
243,310,151,18,58,0
244,71,129,88,215,0
244,415,128,37,119,0
244,269,143,21,69,0
244,378,146,19,61,0
244,307,148,22,62,0
245,68,133,88,212,0
245,416,127,38,123,0
245,380,146,19,60,0
245,271,144,21,68,0
245,307,150,21,59,0
245,213,148,15,48,0
245,121,148,25,57,0
246,65,129,89,215,0
246,418,127,38,127,0
246,380,146,20,61,0
246,305,151,23,61,0
246,273,144,20,69,0
246,215,150,13,45,0
246,120,147,23,59,0
247,65,132,84,218,0
247,421,127,37,126,0
247,273,143,22,72,0
247,214,149,15,49,0
247,383,148,19,63,0
247,301,149,21,63,0
247,210,151,16,46,0
247,306,150,23,63,0
247,119,148,23,68,0
248,60,132,88,221,0
248,423,129,34,125,0
248,275,144,19,70,0
248,306,151,22,63,0
248,218,149,16,51,0
248,383,148,19,61,0
249,53,132,92,229,0
249,275,143,20,70,0
249,428,130,36,129,0
249,218,149,18,52,0
249,384,149,20,61,0
249,307,153,22,61,0
249,422,132,31,118,0
249,114,148,29,115,0
250,46,127,99,236,0
250,428,129,38,127,0
250,275,143,20,68,0
250,220,147,16,51,0
250,423,130,31,117,0
250,308,156,20,53,0
250,386,149,19,60,0
251,37,122,104,247,0
251,428,125,41,131,0
251,275,141,19,70,0
251,309,152,19,57,0
251,386,145,18,60,0
251,221,145,15,50,0
252,29,123,106,253,0
252,432,122,40,135,0
252,275,138,20,67,0
252,223,145,17,49,0
252,387,144,18,60,0
252,104,139,29,124,0
253,24,120,105,260,0
253,102,138,31,120,0
253,430,123,40,131,0
253,385,143,19,61,0
253,275,139,20,68,0
253,223,145,16,48,0
253,309,152,19,54,0
254,16,111,110,282,0
254,434,120,41,139,0
254,103,142,32,125,0
254,275,139,20,68,0
254,387,143,18,61,0
254,225,145,17,50,0
254,304,155,18,54,0
254,309,156,18,50,0
255,12,116,114,277,0
255,438,120,42,136,0
255,276,135,21,71,0
255,388,143,19,59,0
255,102,144,32,123,0
255,308,155,19,51,0
255,228,145,16,49,0
256,8,116,118,278,0
256,278,134,21,71,0
256,441,115,42,145,0
256,230,144,16,49,0
256,389,140,19,61,0
256,311,150,19,56,0
256,103,136,29,133,0
256,436,119,35,129,0
257,0,109,122,292,0
257,448,116,40,139,0
257,279,129,20,73,0
257,394,137,20,61,0
257,234,137,16,52,0
257,104,125,32,137,0
258,0,108,119,293,0
258,448,110,43,147,0
258,393,133,21,63,0
258,280,127,20,73,0
258,312,140,17,56,0
259,0,106,113,304,0
259,449,109,45,147,0
259,394,131,20,61,0
259,280,126,19,73,0
259,236,132,16,51,0
259,309,139,18,61,0
259,303,139,22,63,0
260,0,99,104,321,0
260,451,112,41,143,0
260,393,132,21,62,0
260,447,113,31,132,0
260,279,127,20,72,0
260,302,135,22,66,0
260,237,132,16,53,0
261,0,111,99,315,0
261,453,108,44,152,0
261,280,129,22,69,0
261,395,135,19,58,0
261,447,111,29,135,0
261,236,135,16,53,0
261,445,114,22,91,0
262,0,107,85,323,0
262,451,110,44,151,0
262,448,117,29,132,0
262,277,129,21,73,0
262,236,134,16,53,0
262,301,134,21,70,0
262,445,117,23,104,0
262,390,142,18,52,0
263,0,102,81,350,0
263,452,111,42,154,0
263,448,118,32,135,0
263,276,130,21,73,0
263,236,135,15,53,0
263,389,139,19,56,0
263,302,137,20,66,0
263,446,118,24,115,0
264,0,146,64,305,0
264,448,109,42,157,0
264,270,127,24,73,0
264,232,133,15,50,0
264,446,115,27,135,0
264,387,134,18,61,0
264,298,137,18,60,0
265,445,114,33,143,0
265,384,132,18,59,0
265,447,105,46,164,0
265,267,127,19,71,0
265,228,130,18,54,0
265,290,136,20,63,0
265,442,112,26,130,0
266,450,107,41,156,0
266,443,110,30,137,0
266,264,125,20,74,0
266,289,135,19,63,0
266,0,321,42,133,0
266,227,133,16,50,0
266,378,133,21,59,0
266,71,120,35,79,0
267,449,103,45,167,0
267,441,110,32,140,0
267,260,125,21,75,0
267,225,132,17,51,0
267,377,132,20,55,0
267,288,132,20,69,0
267,60,118,38,81,0
267,384,132,18,53,0
267,438,111,26,115,0
268,450,103,45,168,0
268,442,109,32,147,0
268,57,123,37,77,0
268,288,130,20,72,0
268,258,125,23,73,0
268,382,134,19,55,0
268,223,131,19,55,0
269,448,99,49,174,0
269,52,124,34,79,0
269,257,125,22,71,0
269,376,132,19,57,0
269,284,129,22,69,0
269,226,134,15,47,0
269,445,107,35,148,0
270,51,123,33,76,0
270,455,95,47,179,0
270,446,106,29,142,0
270,256,122,23,74,0
270,286,130,21,68,0
270,378,130,18,57,0
270,227,131,15,47,0
270,444,107,23,101,0
270,387,129,15,54,0
271,455,93,47,181,0
271,447,105,30,152,0
271,51,118,30,77,0
271,255,121,21,73,0
271,227,127,14,47,0
271,285,129,19,64,0
271,376,127,17,54,0
271,390,126,13,46,0
272,44,116,33,79,0
272,460,92,41,175,0
272,448,101,28,150,0
272,453,99,35,160,0
272,226,125,15,47,0
272,254,119,19,71,0
272,377,126,16,54,0
272,280,126,19,65,0
272,386,123,15,55,0
272,548,103,20,58,0
273,41,118,34,81,0
273,464,89,44,180,0
273,254,120,20,70,0
273,450,97,32,160,0
273,227,127,15,45,0
273,282,127,19,65,0
273,375,124,18,55,0
273,390,123,15,49,0
274,34,118,35,85,0
274,452,98,33,164,0
274,461,93,45,183,0
274,253,121,21,71,0
274,227,127,15,48,0
274,375,125,18,58,0
274,279,128,19,65,0
274,388,124,15,54,0
275,456,101,33,162,0
275,30,118,38,80,0
275,470,94,41,185,0
275,374,126,19,59,0
275,253,122,22,72,0
275,278,127,19,68,0
275,230,126,15,50,0
275,392,127,13,43,0
276,456,97,34,165,0
276,25,121,40,87,0
276,374,127,19,57,0
276,472,92,40,185,0
276,254,121,22,75,0
276,278,129,20,67,0
276,230,127,15,50,0
276,391,127,14,47,0
277,457,97,34,163,0
277,22,127,35,77,0
277,228,126,15,49,0
277,374,125,18,58,0
277,473,86,47,190,0
277,250,120,21,71,0
277,277,126,20,68,0
277,465,93,41,178,0
278,373,124,19,58,0
278,458,93,36,169,0
278,478,82,48,198,0
278,227,123,16,51,0
278,14,116,39,88,0
278,250,117,20,71,0
278,471,88,37,185,0
278,276,125,19,65,0
278,53,126,13,41,0
279,9,118,40,91,0
279,461,90,33,170,0
279,477,85,50,201,0
279,465,89,45,185,0
279,373,123,18,56,0
279,248,117,22,72,0
279,227,123,16,50,0
279,276,124,20,67,0
279,51,129,14,39,0
279,553,97,25,40,0
280,461,92,35,175,0
280,3,119,41,85,0
280,371,125,18,57,0
280,227,126,15,48,0
280,477,86,48,203,0
280,276,123,19,69,0
280,246,119,23,72,0
280,470,90,39,190,0
280,52,130,13,43,0
281,464,95,35,176,0
281,372,129,18,53,0
281,475,91,49,196,0
281,1,120,39,88,0
281,274,127,20,67,0
281,244,121,24,72,0
281,228,129,15,47,0
282,488,83,56,217,0
282,471,99,32,176,0
282,247,125,22,72,0
282,375,131,19,55,0
282,279,133,19,66,0
282,231,132,15,48,0
282,483,89,40,198,0
282,50,134,17,44,0
283,474,97,36,182,0
283,489,84,58,227,0
283,480,95,43,194,0
283,248,126,21,71,0
283,376,130,21,56,0
283,281,133,21,70,0
283,233,132,16,50,0
284,500,81,57,229,0
284,483,98,35,184,0
284,252,125,23,74,0
284,284,131,22,70,0
284,489,89,48,208,0
284,377,131,19,54,0
284,312,140,18,46,0
284,28,132,20,51,0
285,483,91,39,189,0
285,503,74,62,240,0
285,491,86,45,205,0
285,251,121,24,77,0
285,286,129,20,68,0
285,377,128,21,57,0
285,409,127,18,56,0
285,28,129,19,55,0
285,385,128,18,57,0
286,509,79,62,237,0
286,488,93,39,191,0
286,250,116,27,83,0
286,286,129,21,68,0
286,377,129,20,55,0
286,383,129,18,55,0
286,313,139,17,45,0
287,495,91,41,197,0
287,515,80,57,237,0
287,382,127,20,59,0
287,252,120,27,78,0
287,584,98,25,82,0
287,284,129,20,66,0
287,508,81,47,223,0
287,18,124,19,59,0
287,313,140,17,46,0
287,49,131,18,44,0
288,495,92,44,198,0
288,518,76,67,256,0
288,384,129,19,61,0
288,253,124,23,74,0
288,285,129,21,70,0
288,18,126,20,59,0
288,49,132,19,44,0
288,585,102,27,86,0
288,314,139,16,49,0
288,0,128,18,81,0
289,500,95,40,209,0
289,525,75,66,266,0
289,284,134,23,68,0
289,14,132,22,54,0
289,383,134,19,60,0
289,313,141,24,50,0
289,517,81,51,241,0
290,503,97,43,212,0
290,524,82,74,264,0
290,250,124,23,76,0
290,281,134,23,68,0
290,382,136,19,58,0
290,513,92,47,225,0
290,315,145,21,47,0
290,48,132,13,47,0
291,505,97,42,213,0
291,531,89,68,258,0
291,250,129,23,69,0
291,279,134,20,69,0
291,516,88,44,229,0
291,377,135,19,58,0
291,383,136,18,58,0
291,3,129,23,56,0
291,589,112,24,49,0
292,505,93,47,221,0
292,537,76,68,274,0
292,277,132,19,70,0
292,376,134,19,58,0
292,0,122,13,62,0
292,247,124,24,73,0
292,530,79,54,253,0
292,35,129,15,47,0
292,591,110,23,45,0
293,505,89,47,226,0
293,537,77,72,277,0
293,276,131,20,71,0
293,376,133,22,59,0
293,34,129,15,46,0
293,246,122,24,75,0
293,417,129,16,60,0
294,508,94,50,229,0
294,244,130,24,70,0
294,374,137,21,57,0
294,538,82,75,285,0
294,276,134,20,70,0
294,522,86,70,262,0
294,32,132,13,45,0
295,546,77,72,300,0
295,515,92,50,238,0
295,243,130,27,71,0
295,528,79,59,269,0
295,278,136,18,65,0
295,377,144,17,52,0
296,517,92,58,246,0
296,552,86,81,297,0
296,243,129,28,74,0
296,541,82,62,276,0
296,376,140,21,58,0
296,277,135,20,73,0
296,31,135,13,44,0
297,525,92,59,252,0
297,563,83,65,306,0
297,242,131,29,77,0
297,376,139,21,58,0
297,534,82,77,287,0
297,277,136,20,74,0
298,528,98,61,251,0
298,566,78,73,318,0
298,243,129,29,79,0
298,376,138,20,61,0
298,277,139,21,71,0
299,534,96,62,256,0
299,576,78,63,311,0
299,244,130,29,81,0
299,545,85,77,288,0
299,377,140,21,60,0
299,276,140,21,73,0
299,564,90,39,269,0
299,427,142,15,44,0
300,537,90,70,271,0
300,246,137,24,75,0
300,592,74,45,333,0
300,276,142,21,72,0
300,378,142,21,61,0
300,428,141,17,50,0
300,573,81,59,305,0
300,322,157,17,46,0
301,545,97,68,275,0
301,248,139,24,77,0
301,276,145,21,70,0
301,433,141,20,69,0
301,381,147,20,58,0
301,578,76,57,326,0
301,600,74,39,355,0
301,20,147,16,46,0
301,591,89,29,286,0
302,556,104,73,279,0
302,251,144,24,75,0
302,278,149,23,70,0
302,383,153,19,57,0
302,20,151,15,48,0
302,435,144,22,70,0
303,562,100,72,288,0
303,251,145,24,79,0
303,278,152,19,71,0
303,438,149,22,70,0
303,18,153,17,50,0
303,383,154,20,59,0
304,571,100,68,286,0
304,252,146,25,78,0
304,279,156,19,67,0
304,384,153,20,58,0
304,13,152,18,51,0
305,576,98,63,299,0
305,252,146,25,76,0
305,385,153,21,57,0
305,281,153,20,67,0
305,15,152,16,50,0
305,313,164,17,49,0
305,325,166,15,46,0
305,327,166,21,46,0
306,585,84,54,326,0
306,252,146,24,74,0
306,281,151,19,69,0
306,386,151,20,57,0
306,447,145,21,69,0
306,14,151,17,51,0
306,328,164,17,48,0
307,598,89,41,319,0
307,255,146,26,73,0
307,284,150,22,70,0
307,447,141,28,75,0
307,387,151,20,58,0
307,14,153,17,49,0
308,603,94,35,312,0
308,257,143,26,74,0
308,390,150,20,59,0
308,285,150,24,70,0
308,453,143,26,75,0
309,259,140,26,81,0
309,457,140,26,81,0
309,394,148,19,61,0
309,288,148,21,71,0
309,16,155,17,52,0
310,396,150,18,59,0
310,261,144,24,77,0
310,289,150,21,72,0
310,14,153,19,55,0
310,459,142,26,74,0
311,263,145,24,76,0
311,290,151,22,71,0
311,395,150,19,58,0
311,13,154,19,55,0
311,338,166,16,47,0
312,14,154,19,54,0
312,265,145,24,76,0
312,292,151,20,71,0
312,465,144,24,76,0
312,399,150,17,57,0
312,342,165,17,49,0
312,0,160,12,50,0
312,224,156,10,26,0
313,469,142,24,79,0
313,267,146,23,75,0
313,14,156,19,53,0
313,294,152,20,72,0
313,400,148,19,60,0
313,0,162,12,48,0
314,268,145,26,78,0
314,474,140,26,81,0
314,13,157,18,52,0
314,296,152,21,69,0
314,400,149,20,61,0
314,13,158,10,52,0
314,348,166,18,49,0
314,0,158,16,52,0
315,267,120,35,100,0
315,479,146,25,81,0
315,399,151,22,64,0
315,298,158,21,65,0
316,482,144,25,84,0
316,401,150,20,63,0
316,271,146,26,79,0
316,297,156,23,70,0
316,11,163,16,50,0
316,350,169,20,51,0
317,271,144,26,80,0
317,400,149,22,64,0
317,299,155,20,68,0
317,486,145,27,84,0
317,349,167,21,51,0
318,484,138,33,92,0
318,270,145,27,75,0
318,399,148,21,62,0
318,298,154,19,66,0
318,9,162,8,48,0
318,5,160,15,50,0
319,485,132,36,96,0
319,270,144,26,73,0
319,298,151,21,68,0
319,400,145,20,62,0
319,2,157,16,50,0
319,129,152,31,58,0
319,228,153,9,27,0
320,489,129,33,99,0
320,268,144,24,69,0
320,295,149,23,68,0
320,399,141,21,64,0
320,0,150,11,56,0
321,492,130,32,102,0
321,267,144,25,72,0
321,295,148,21,68,0
321,398,140,20,63,0
322,269,142,27,76,0
322,497,129,33,105,0
322,299,149,22,69,0
322,399,143,21,64,0
322,330,159,20,57,0
323,270,141,27,78,0
323,502,118,34,119,0
323,301,147,21,72,0
323,400,144,21,64,0
324,273,142,25,79,0
324,511,128,32,110,0
324,302,148,21,70,0
324,402,147,19,61,0
324,353,165,19,52,0
324,335,160,21,57,0
324,231,153,9,26,0
325,522,132,29,108,0
325,276,140,23,77,0
325,407,144,18,63,0
325,302,148,21,69,0
325,359,166,20,49,0
325,339,162,20,54,0
326,524,130,36,113,0
326,280,141,23,75,0
326,307,150,21,67,0
326,410,138,19,68,0
326,132,149,30,59,0
326,361,166,22,50,0
326,235,149,12,28,0
327,531,135,39,112,0
327,282,139,26,77,0
327,312,145,23,70,0
327,411,146,23,61,0
327,364,164,20,53,0
