1,153,191,24,76,0
1,485,184,29,77,0
1,454,175,24,96,0
1,183,189,20,77,0
1,235,186,20,81,0
1,206,185,21,72,0
2,451,177,25,93,0
2,149,191,23,75,0
2,484,187,25,76,0
2,178,190,24,76,0
2,223,187,28,81,0
2,203,185,21,76,0
2,367,184,11,34,0
2,364,184,10,37,0
3,142,193,24,77,0
3,451,177,26,100,0
3,479,188,24,77,0
3,218,186,27,83,0
3,178,192,21,77,0
3,199,188,18,73,0
3,523,189,13,50,0
4,451,178,26,105,0
4,139,192,25,80,0
4,215,189,27,81,0
4,476,189,24,78,0
4,399,186,13,47,0
4,171,193,21,76,0
4,193,187,22,79,0
4,394,186,14,45,0
4,179,192,22,76,0
4,521,192,14,48,0
5,138,192,25,78,0
5,214,186,26,86,0
5,452,178,27,104,0
5,476,189,22,79,0
5,165,195,23,73,0
5,521,193,14,47,0
5,398,186,13,47,0
5,189,187,26,80,0
5,392,187,15,46,0
6,136,193,26,77,0
6,455,179,26,104,0
6,212,185,25,90,0
6,164,195,23,73,0
6,186,187,23,80,0
6,385,192,15,44,0
6,394,187,14,46,0
6,358,187,10,34,0
7,455,178,32,107,0
7,134,193,27,78,0
7,208,183,25,93,0
7,164,195,23,73,0
7,390,188,17,46,0
7,183,189,21,78,0
7,522,194,11,45,0
7,191,188,22,81,0
7,382,191,14,43,0
8,455,179,33,106,0
8,128,193,24,79,0
8,202,186,27,94,0
8,377,188,16,45,0
8,159,194,21,75,0
8,389,185,14,46,0
8,182,186,22,81,0
8,519,190,11,32,0
9,454,180,32,108,0
9,197,186,23,94,0
9,124,193,26,80,0
9,389,186,12,41,0
9,152,197,24,72,0
9,175,190,20,80,0
9,384,186,12,42,0
10,451,184,31,114,0
10,187,192,28,96,0
10,117,198,23,79,0
10,368,190,14,42,0
10,148,199,17,73,0
10,152,197,27,76,0
10,379,190,16,43,0
11,110,197,28,80,0
11,447,188,31,106,0
11,185,195,23,90,0
11,362,192,18,49,0
11,141,203,22,71,0
12,443,185,32,117,0
12,102,201,25,79,0
12,175,193,26,99,0
12,368,192,14,46,0
12,134,206,21,71,0
12,354,194,14,43,0
12,501,197,10,23,0
13,86,199,26,81,0
13,155,199,32,99,0
13,440,182,28,120,0
13,355,192,14,46,0
13,115,204,21,75,0
13,422,198,23,77,0
14,140,193,31,108,0
14,72,197,25,85,0
14,428,186,31,117,0
14,102,202,20,77,0
14,338,192,16,49,0
14,409,199,24,75,0
14,475,198,10,21,0
15,124,187,33,116,0
15,421,186,32,120,0
15,58,196,25,85,0
15,398,201,24,71,0
15,328,193,16,47,0
15,88,201,21,77,0
15,314,195,16,45,0
16,48,198,27,87,0
16,417,186,29,124,0
16,111,191,35,114,0
16,394,198,23,72,0
16,80,202,19,76,0
16,292,197,10,35,0
16,311,199,15,45,0
16,321,196,14,44,0
16,315,197,16,45,0
17,38,202,26,85,0
17,408,194,35,126,0
17,98,196,39,114,0
17,383,202,22,74,0
17,314,197,15,48,0
17,71,207,21,75,0
18,28,202,26,88,0
18,410,191,31,132,0
18,374,205,24,70,0
18,83,202,41,113,0
18,59,207,20,79,0
18,308,197,17,48,0
18,281,200,9,33,0
18,301,198,18,47,0
19,22,203,27,89,0
19,409,188,33,133,0
19,371,205,23,71,0
19,83,197,32,119,0
19,308,198,14,46,0
19,59,209,20,78,0
19,109,201,16,77,0
19,279,201,10,32,0
19,283,203,10,33,0
20,410,189,37,134,0
20,14,203,28,88,0
20,365,202,22,68,0
20,68,194,42,128,0
20,46,208,22,78,0
20,303,197,13,45,0
21,410,186,38,138,0
21,9,201,29,89,0
21,60,190,42,131,0
21,362,198,22,72,0
21,93,199,20,83,0
21,299,193,14,47,0
21,269,197,10,33,0
21,41,203,19,83,0
21,292,196,15,46,0
22,409,182,36,140,0
22,3,202,28,87,0
22,359,195,21,70,0
22,55,191,39,135,0
22,34,205,23,86,0
22,90,197,19,78,0
22,268,196,10,36,0
22,303,197,12,40,0
23,409,176,38,153,0
23,352,196,21,71,0
23,1,198,23,97,0
23,79,201,21,78,0
23,41,193,42,134,0
23,292,193,14,48,0
23,26,205,22,70,0
23,131,199,11,31,0
23,265,196,10,34,0
23,298,193,12,46,0
23,288,193,15,46,0
24,409,175,38,155,0
24,347,194,23,75,0
24,35,192,41,137,0
24,0,199,18,94,0
24,74,199,23,86,0
24,295,194,13,43,0
24,23,206,21,73,0
24,129,198,12,30,0
25,412,175,37,163,0
25,21,195,46,142,0
25,67,200,25,79,0
25,343,197,24,69,0
25,291,194,14,44,0
25,257,196,10,35,0
26,412,176,38,162,0
26,338,199,22,68,0
26,10,194,48,145,0
26,58,199,28,83,0
26,153,200,11,32,0
26,291,193,12,41,0
26,255,196,9,34,0
27,413,173,39,167,0
27,335,195,22,68,0
27,3,190,42,154,0
27,53,197,28,80,0
27,289,192,12,42,0
27,276,193,15,43,0
28,414,170,42,173,0
28,325,192,24,68,0
28,42,192,31,89,0
28,0,187,27,159,0
28,284,189,14,44,0
28,212,183,11,38,0
28,265,190,14,46,0
28,245,190,11,33,0
29,413,170,43,175,0
29,323,193,23,66,0
29,35,192,31,88,0
29,0,188,30,159,0
29,285,188,13,44,0
29,243,189,10,33,0
29,283,186,12,45,0
30,416,172,47,180,0
30,318,193,23,68,0
30,282,190,13,45,0
30,263,188,12,46,0
30,32,188,29,94,0
31,423,171,43,186,0
31,316,194,23,67,0
31,25,199,23,86,0
31,45,199,17,74,0
31,280,191,14,44,0
31,1,204,26,85,0
31,263,189,12,41,0
32,429,164,43,196,0
32,314,192,24,68,0
32,281,191,14,44,0
32,44,193,18,79,0
32,0,202,22,86,0
32,262,188,14,47,0
32,23,194,26,94,0
32,241,194,11,38,0
33,435,161,50,204,0
33,312,192,23,69,0
33,40,194,19,76,0
33,18,194,26,89,0
33,1,200,17,89,0
33,281,190,14,44,0
33,260,188,15,45,0
33,240,193,12,41,0
34,440,158,56,213,0
34,310,191,23,67,0
34,38,196,19,74,0
34,15,192,27,90,0
34,257,185,15,49,0
34,281,188,13,45,0
35,443,162,71,220,0
35,307,189,22,69,0
35,35,193,20,77,0
35,9,194,27,88,0
35,256,184,14,48,0
35,279,185,13,46,0
36,445,160,71,230,0
36,305,188,23,69,0
36,253,183,15,50,0
36,33,193,20,75,0
36,168,191,16,48,0
36,6,191,31,88,0
36,280,185,13,46,0
37,451,163,71,235,0
37,6,189,24,94,0
37,305,188,23,68,0
37,32,191,20,78,0
37,253,183,15,50,0
37,165,190,17,52,0
37,278,186,13,46,0
37,593,117,44,165,0
38,462,153,69,253,0
38,300,190,21,69,0
38,27,190,21,76,0
38,276,188,14,45,0
38,166,190,16,51,0
38,5,183,30,100,0
39,473,155,60,260,0
39,297,190,23,69,0
39,276,190,14,45,0
39,26,190,19,72,0
39,6,183,28,92,0
39,2,186,22,95,0
39,16,187,23,90,0
39,165,187,18,53,0
39,252,185,13,50,0
39,233,186,13,47,0
40,487,162,58,265,0
40,294,190,23,73,0
40,275,188,14,46,0
40,28,191,18,60,0
40,2,182,31,89,0
40,13,183,24,93,0
41,493,157,62,286,0
41,293,190,21,69,0
41,273,187,15,48,0
41,23,186,20,72,0
41,407,191,12,50,0
41,2,181,26,92,0
41,249,183,13,48,0
42,501,172,76,279,0
42,290,188,22,68,0
42,407,188,12,52,0
42,273,184,15,50,0
42,150,184,16,54,0
42,244,181,16,50,0
42,21,187,19,68,0
42,2,179,23,91,0
43,505,152,88,318,0
43,288,186,22,70,0
43,407,187,12,51,0
43,273,182,15,52,0
43,246,182,12,45,0
44,512,142,85,335,0
44,286,184,23,72,0
44,272,183,16,51,0
44,0,174,20,101,0
44,407,188,12,51,0
44,246,183,12,38,0
44,249,183,12,36,0
45,541,143,76,334,0
45,407,188,12,52,0
45,284,184,22,73,0
45,271,183,13,49,0
45,246,183,11,42,0
45,196,182,8,32,0
46,554,159,80,315,0
46,284,184,23,73,0
46,407,186,13,54,0
46,244,182,15,48,0
46,274,185,13,48,0
46,410,186,13,54,0
47,571,132,68,344,0
47,284,182,24,74,0
47,244,180,16,48,0
47,409,187,11,50,0
47,227,177,13,49,0
48,591,146,47,325,0
48,282,179,23,73,0
48,246,180,14,46,0
48,414,183,14,53,0
48,411,181,13,55,0
49,600,167,37,297,0
49,282,176,21,71,0
49,245,177,14,47,0
49,412,178,13,56,0
50,280,174,22,74,0
50,598,168,41,232,0
50,244,175,14,47,0
50,412,177,15,56,0
51,594,170,45,227,0
51,278,171,22,74,0
51,412,176,15,57,0
51,245,174,15,45,0
52,580,168,59,227,0
52,274,171,23,75,0
52,242,174,15,48,0
52,412,176,15,56,0
52,246,175,14,45,0
53,569,167,69,234,0
53,273,171,23,75,0
53,245,175,14,48,0
53,226,172,15,49,0
53,413,175,14,58,0
54,564,175,72,233,0
54,273,171,22,75,0
54,413,175,14,59,0
54,240,173,15,49,0
55,558,162,80,241,0
55,272,169,21,74,0
55,243,174,15,46,0
55,412,175,14,58,0
55,417,175,13,56,0
56,566,162,69,244,0
56,270,169,22,74,0
56,246,172,13,46,0
56,115,173,13,31,0
56,227,172,11,38,0
57,571,164,65,229,0
57,270,172,23,72,0
57,245,173,15,46,0
57,226,171,16,51,0
57,417,174,11,28,0
58,574,158,56,241,0
58,16,180,19,63,0
58,271,175,24,70,0
58,116,176,13,30,0
58,249,176,13,42,0
59,575,163,54,239,0
59,19,182,17,63,0
59,116,176,13,28,0
60,569,162,65,250,0
60,26,179,19,66,0
60,281,175,22,67,0
61,576,167,62,250,0
61,41,182,17,61,0
61,306,168,15,58,0
61,134,175,12,31,0
61,116,173,16,40,0
61,286,176,22,69,0
61,272,176,11,40,0
62,579,163,59,244,0
62,45,180,18,59,0
62,445,173,14,59,0
62,289,171,22,72,0
62,140,173,12,30,0
62,307,165,17,62,0
62,249,168,17,54,0
62,275,174,14,43,0
63,588,160,50,233,0
63,52,177,20,59,0
63,294,168,24,72,0
63,258,165,17,56,0
63,315,165,15,57,0
63,144,173,14,31,0
63,1,176,21,95,0
64,597,157,42,239,0
64,320,164,15,60,0
64,462,170,14,58,0
64,298,168,23,71,0
64,58,176,19,59,0
64,1,174,27,95,0
64,152,171,11,29,0
64,261,165,17,56,0
64,33,178,13,43,0
64,289,172,11,41,0
65,598,147,41,256,0
65,0,170,34,100,0
65,63,175,20,60,0
65,302,168,23,72,0
65,325,163,16,60,0
65,265,167,15,52,0
65,156,171,11,29,0
65,34,175,19,45,0
65,292,168,11,41,0
66,5,166,35,98,0
66,71,174,20,57,0
66,334,161,15,61,0
66,308,166,25,72,0
66,595,145,44,257,0
66,271,166,16,52,0
66,47,176,12,42,0
66,477,164,14,67,0
67,10,165,35,99,0
67,586,145,53,248,0
67,79,172,18,57,0
67,314,166,23,71,0
67,337,159,17,62,0
67,277,166,15,51,0
67,51,173,17,43,0
67,168,168,11,26,0
68,12,162,33,101,0
68,83,168,19,58,0
68,583,141,56,256,0
68,343,155,19,67,0
68,319,161,23,71,0
68,488,162,16,65,0
68,151,163,17,43,0
68,281,160,17,51,0
68,60,170,11,42,0
69,87,166,18,57,0
69,589,143,49,254,0
69,14,159,34,101,0
69,347,151,16,69,0
69,321,162,25,69,0
69,283,159,16,50,0
69,491,160,17,65,0
69,155,160,17,43,0
70,597,145,41,250,0
70,90,162,18,59,0
70,19,191,29,64,0
70,322,162,25,68,0
70,348,153,20,67,0
70,284,158,17,49,0
70,493,160,18,64,0
70,156,156,17,46,0
71,606,139,32,258,0
71,95,161,17,60,0
71,354,151,21,68,0
71,324,159,25,69,0
71,17,159,36,101,0
71,288,156,16,52,0
71,21,189,30,65,0
71,182,156,15,30,0
72,608,138,30,262,0
72,354,149,20,70,0
72,325,159,23,68,0
72,22,193,29,66,0
72,97,165,15,54,0
72,290,156,17,52,0
72,259,156,14,47,0
72,185,158,13,31,0
72,502,160,17,64,0
73,329,159,23,71,0
73,609,137,29,265,0
73,358,149,21,71,0
73,294,157,19,53,0
73,21,174,30,87,0
73,166,157,17,49,0
73,507,161,18,64,0
74,602,144,36,239,0
74,363,153,21,69,0
74,331,162,20,69,0
74,106,164,14,59,0
74,24,192,30,70,0
74,0,176,12,84,0
74,296,158,16,53,0
74,194,165,14,25,0
75,109,167,16,54,0
75,22,159,35,100,0
75,601,150,37,234,0
75,367,149,21,72,0
75,334,160,20,70,0
75,0,174,19,85,0
75,298,157,17,52,0
75,272,158,14,46,0
75,172,158,15,48,0
76,371,146,20,75,0
76,601,142,37,248,0
76,22,158,35,101,0
76,0,174,19,85,0
76,336,156,22,71,0
76,112,165,18,54,0
76,302,155,18,52,0
76,271,158,16,47,0
76,176,156,14,49,0
77,372,146,21,72,0
77,606,154,33,238,0
77,21,160,37,98,0
77,0,170,20,87,0
77,115,161,17,55,0
77,338,155,21,69,0
77,303,152,16,55,0
77,208,158,14,26,0
77,275,156,14,45,0
78,602,144,36,253,0
78,374,145,21,73,0
78,17,154,39,105,0
78,117,161,14,55,0
78,0,164,20,88,0
78,339,153,19,69,0
78,305,153,15,52,0
78,276,153,15,46,0
78,207,156,16,25,0
78,310,154,14,48,0
79,15,155,38,103,0
79,598,123,41,280,0
79,375,144,20,72,0
79,116,161,16,56,0
79,339,153,19,69,0
79,0,164,19,90,0
79,305,151,14,54,0
79,276,152,15,48,0
79,309,152,15,51,0
79,175,153,16,49,0
80,587,131,51,274,0
80,113,162,17,56,0
80,374,145,21,72,0
80,12,153,40,107,0
80,338,153,20,69,0
80,308,151,13,51,0
80,1,169,13,86,0
80,276,153,14,45,0
81,573,131,64,276,0
81,109,161,18,56,0
81,5,155,38,107,0
81,372,143,22,78,0
81,334,153,20,71,0
81,168,158,13,47,0
81,310,154,14,47,0
81,275,156,13,39,0
81,526,152,18,70,0
82,564,133,73,276,0
82,1,157,34,106,0
82,370,143,22,78,0
82,107,164,16,54,0
82,330,158,19,65,0
82,268,153,15,47,0
82,309,157,12,41,0
83,558,136,77,273,0
83,367,144,23,80,0
83,101,160,19,58,0
83,324,153,18,71,0
83,0,164,28,103,0
83,262,151,16,53,0
83,292,152,14,54,0
84,554,137,75,271,0
84,96,158,17,59,0
84,361,145,25,78,0
84,317,154,19,68,0
84,0,169,20,97,0
84,200,154,15,58,0
84,259,148,17,52,0
84,152,161,14,47,0
84,287,151,16,53,0
85,549,134,69,264,0
85,357,143,23,79,0
85,311,153,21,69,0
85,195,154,15,58,0
85,92,160,17,60,0
85,278,150,15,57,0
85,617,166,22,224,0
85,253,146,15,54,0
86,538,134,64,265,0
86,352,143,24,83,0
86,604,113,34,284,0
86,302,153,23,69,0
86,185,154,14,61,0
86,247,149,15,54,0
86,273,151,17,54,0
87,530,132,63,264,0
87,351,142,22,82,0
87,597,120,42,279,0
87,299,156,23,68,0
88,582,117,57,287,0
88,519,130,65,277,0
88,347,142,22,84,0
88,297,154,21,70,0
88,177,155,18,61,0
88,238,155,15,50,0
88,266,153,15,56,0
89,514,136,68,278,0
89,576,131,63,278,0
89,348,141,23,86,0
89,296,158,19,66,0
89,177,155,20,61,0
89,71,163,18,53,0
89,237,154,15,52,0
89,31,163,12,46,0
89,266,153,15,55,0
90,508,134,70,280,0
90,570,124,69,283,0
90,347,141,24,85,0
90,71,158,18,55,0
90,295,150,20,71,0
90,177,152,17,68,0
90,238,153,13,51,0
91,500,129,68,256,0
91,570,119,65,271,0
91,348,136,24,87,0
91,71,151,17,59,0
91,295,149,19,65,0
91,25,156,14,44,0
92,502,123,63,267,0
92,347,134,25,88,0
92,568,113,67,273,0
92,71,151,19,57,0
92,295,149,18,63,0
92,24,154,16,45,0
92,173,141,19,64,0
92,20,155,11,44,0
93,492,123,66,271,0
93,72,151,17,55,0
93,560,114,70,272,0
93,348,133,26,89,0
93,294,149,19,63,0
93,20,153,13,45,0
93,173,142,19,62,0
93,27,152,12,45,0
94,483,121,74,282,0
94,552,117,77,285,0
94,349,132,26,92,0
94,72,153,17,52,0
94,293,149,19,63,0
94,19,151,14,47,0
94,25,153,18,44,0
95,475,126,77,279,0
95,548,120,82,291,0
95,349,133,27,93,0
95,72,150,17,55,0
95,22,150,18,49,0
95,171,140,21,68,0
95,291,149,20,63,0
95,308,147,13,44,0
96,469,140,78,281,0
96,353,137,27,94,0
96,72,148,17,58,0
96,547,128,73,293,0
96,21,150,14,47,0
96,171,140,19,68,0
96,289,147,21,68,0
96,26,150,13,48,0
96,308,150,14,46,0
96,259,147,16,55,0
97,469,137,75,285,0
97,546,131,71,290,0
97,351,138,27,94,0
97,71,146,17,59,0
97,171,141,18,66,0
97,258,146,16,54,0
97,289,148,20,65,0
97,238,147,12,54,0
97,307,150,12,47,0
97,20,148,11,49,0
98,467,138,72,274,0
98,542,135,67,278,0
98,354,139,27,94,0
98,73,145,18,59,0
98,290,150,21,67,0
98,171,143,18,65,0
98,307,149,14,48,0
98,258,146,15,55,0
99,469,136,67,275,0
99,541,134,67,283,0
99,357,140,27,98,0
99,73,147,18,59,0
99,293,154,20,65,0
99,171,144,17,66,0
100,469,137,64,273,0
100,360,141,27,101,0
100,539,132,69,287,0
100,75,151,19,60,0
100,292,155,21,67,0
100,171,146,18,68,0
100,262,152,16,56,0
100,314,155,12,43,0
101,540,136,78,293,0
101,469,139,64,291,0
101,368,143,26,103,0
101,293,162,25,64,0
101,80,154,18,63,0
102,471,148,66,294,0
102,374,147,29,106,0
102,546,140,78,304,0
102,90,157,19,57,0
102,301,162,24,66,0
102,271,156,16,57,0
102,182,159,19,61,0
102,322,163,16,44,0
102,250,156,17,60,0
102,36,161,12,44,0
103,550,149,67,302,0
103,471,156,68,296,0
103,384,152,28,105,0
103,100,160,17,56,0
103,188,158,20,68,0
103,309,169,23,64,0
103,258,160,16,57,0
103,333,165,15,45,0
103,47,163,13,44,0
104,388,151,31,108,0
104,471,155,70,300,0
104,550,144,82,291,0
104,104,160,19,58,0
104,310,164,25,67,0
104,46,158,15,51,0
104,282,154,18,62,0
104,334,166,17,45,0
105,475,150,66,288,0
105,394,151,29,110,0
105,556,137,68,301,0
105,110,162,15,52,0
105,311,159,25,70,0
105,286,158,17,57,0
105,195,160,18,64,0
105,265,160,14,59,0
105,339,165,15,42,0
106,474,143,67,291,0
106,400,148,32,115,0
106,115,163,16,52,0
106,559,141,70,295,0
106,319,163,21,67,0
106,200,162,16,63,0
106,346,166,15,40,0
106,271,160,15,59,0
106,291,158,17,58,0
106,58,160,14,50,0
107,474,147,68,285,0
107,558,139,70,299,0
107,406,145,32,117,0
107,117,160,18,57,0
107,320,159,27,70,0
107,60,159,14,50,0
107,201,158,17,67,0
107,348,164,14,43,0
107,296,157,17,56,0
108,471,144,72,301,0
108,549,137,86,316,0
108,412,144,32,123,0
108,122,161,19,56,0
108,322,161,28,69,0
108,60,157,15,50,0
109,466,150,80,305,0
109,545,142,89,313,0
109,417,147,34,125,0
109,126,160,18,55,0
109,327,164,24,68,0
109,205,161,16,65,0
109,356,167,14,43,0
109,37,158,10,31,0
109,277,162,15,54,0
109,70,160,16,48,0
109,303,157,15,57,0
110,467,155,78,303,0
110,542,145,93,309,0
110,421,148,34,128,0
110,127,158,20,59,0
110,329,164,23,69,0
110,359,169,15,43,0
110,41,156,9,32,0
110,71,160,17,49,0
110,205,162,18,65,0
110,302,161,15,54,0
110,276,162,17,58,0
111,464,157,76,305,0
111,548,146,80,322,0
111,424,149,36,127,0
111,330,164,23,68,0
111,129,156,19,62,0
111,204,154,18,75,0
111,71,157,16,49,0
112,457,153,82,300,0
112,547,144,78,314,0
112,428,148,34,128,0
112,132,156,18,59,0
112,332,162,23,70,0
112,361,163,14,45,0
112,206,159,19,66,0
113,452,148,84,296,0
113,546,143,72,310,0
113,435,145,34,128,0
113,132,156,20,57,0
113,332,160,24,73,0
113,302,159,19,60,0
113,362,165,15,42,0
113,204,150,23,76,0
113,43,149,11,34,0
114,447,145,91,302,0
114,544,138,78,320,0
114,137,157,16,54,0
114,335,164,23,67,0
114,436,141,35,143,0
114,303,159,20,60,0
114,208,159,18,67,0
114,365,165,16,46,0
115,451,146,86,310,0
115,548,140,86,326,0
115,336,163,23,65,0
115,138,154,19,58,0
115,210,157,19,67,0
115,443,136,34,149,0
115,368,163,13,44,0
115,283,164,20,53,0
116,548,143,76,326,0
116,452,147,88,313,0
116,450,140,33,149,0
116,340,161,22,68,0
116,374,164,13,39,0
116,211,150,20,76,0
116,144,150,18,60,0
116,309,159,22,59,0
117,547,146,83,322,0
117,460,148,83,312,0
117,344,160,19,66,0
117,0,152,15,86,0
117,213,149,19,75,0
117,315,159,18,54,0
117,148,150,17,59,0
117,376,162,15,39,0
117,83,150,15,49,0
118,462,140,83,318,0
118,345,155,22,69,0
118,0,149,18,84,0
118,547,135,85,321,0
118,216,146,19,74,0
118,317,157,18,53,0
119,464,132,75,312,0
119,0,147,21,86,0
119,347,155,22,66,0
119,550,133,77,312,0
119,217,145,21,76,0
119,316,153,19,55,0
120,466,134,70,309,0
120,554,130,72,315,0
120,349,153,20,66,0
120,0,145,19,84,0
120,217,143,22,77,0
120,87,142,16,52,0
120,318,153,15,52,0
121,466,126,73,308,0
121,547,130,79,325,0
121,1,144,23,86,0
121,348,150,25,70,0
121,86,140,15,52,0
121,219,143,22,72,0
121,386,154,13,46,0
121,321,147,17,61,0
122,541,125,89,335,0
122,460,126,79,314,0
122,2,142,24,86,0
122,355,150,24,67,0
122,222,142,21,74,0
122,85,140,18,51,0
122,387,151,15,45,0
123,542,122,93,348,0
123,455,130,85,337,0
123,357,152,21,66,0
123,2,140,25,84,0
123,224,139,19,75,0
123,390,154,14,40,0
123,166,134,30,61,0
123,88,140,14,48,0
124,540,130,94,330,0
124,455,129,88,330,0
124,4,140,24,83,0
124,358,151,21,67,0
124,222,137,19,79,0
124,325,148,17,60,0
124,167,129,31,65,0
125,544,127,90,337,0
125,457,138,81,322,0
125,359,148,22,68,0
125,223,135,21,81,0
125,4,140,26,81,0
125,327,147,18,60,0
125,310,147,18,58,0
125,391,154,16,44,0
125,512,127,36,186,0
126,461,134,76,311,0
126,546,122,88,330,0
126,5,137,26,84,0
126,223,133,28,85,0
126,361,146,21,68,0
126,517,122,46,159,0
126,326,143,19,61,0
126,398,149,14,47,0
127,462,134,77,301,0
127,551,118,88,328,0
127,6,138,28,86,0
127,226,129,22,81,0
127,362,144,22,67,0
127,526,119,46,187,0
127,397,148,14,46,0
127,96,137,15,50,0
127,327,143,17,58,0
128,466,127,79,316,0
128,8,139,26,86,0
128,553,115,86,346,0
128,229,131,21,82,0
128,364,144,22,66,0
128,537,112,46,197,0
128,328,141,18,61,0
129,470,118,77,341,0
129,561,115,76,352,0
129,331,142,21,62,0
129,10,140,24,83,0
129,547,107,43,204,0
129,403,145,16,48,0
129,368,142,24,69,0
130,472,132,84,325,0
130,371,143,23,64,0
130,234,131,21,79,0
130,332,139,17,62,0
130,563,120,75,355,0
130,409,143,14,46,0
130,11,140,26,76,0
130,554,109,46,210,0
130,76,134,9,33,0
130,57,138,12,29,0
131,477,130,80,320,0
131,568,114,71,349,0
131,16,140,21,83,0
131,375,142,24,64,0
131,235,132,18,73,0
131,333,137,19,62,0
131,414,143,13,42,0
131,99,136,16,49,0
131,76,134,9,29,0
132,483,125,77,318,0
132,574,109,65,340,0
132,235,126,22,79,0
132,16,135,23,84,0
132,337,135,17,60,0
132,378,138,24,66,0
132,63,131,12,33,0
132,0,132,14,87,0
133,483,125,78,305,0
133,579,95,60,345,0
133,237,124,20,81,0
133,17,128,21,90,0
133,387,141,21,61,0
133,376,135,16,52,0
133,337,133,17,60,0
133,1,131,13,82,0
133,415,142,16,39,0
133,373,135,14,50,0
134,485,119,78,300,0
134,577,109,62,329,0
134,236,122,22,82,0
134,16,128,26,89,0
134,388,136,21,65,0
134,1,128,13,87,0
134,102,124,13,54,0
134,339,133,15,59,0
134,376,133,16,52,0
135,487,120,81,304,0
135,569,116,70,318,0
135,16,129,26,86,0
135,389,135,21,66,0
135,237,123,22,81,0
135,376,133,16,54,0
135,336,132,18,61,0
135,1,128,15,84,0
136,485,115,84,316,0
136,571,111,68,334,0
136,14,134,24,85,0
136,389,139,21,65,0
136,238,124,21,88,0
136,333,132,21,65,0
136,376,136,16,55,0
137,489,119,80,320,0
137,571,104,67,352,0
137,11,133,26,86,0
137,333,133,20,64,0
137,233,125,22,84,0
137,388,140,22,63,0
137,376,136,15,54,0
137,77,132,10,30,0
138,485,123,81,313,0
138,571,126,68,302,0
138,7,134,24,84,0
138,230,124,22,88,0
138,335,132,17,62,0
138,385,136,23,66,0
138,414,139,14,39,0
138,75,132,11,29,0
138,53,131,12,34,0
139,485,122,81,317,0
139,569,115,70,310,0
139,1,135,24,86,0
139,383,136,21,65,0
139,223,122,21,85,0
139,411,135,14,44,0
139,88,134,14,51,0
139,369,131,13,58,0
139,333,133,13,50,0
140,484,118,77,309,0
140,570,101,69,326,0
140,214,122,24,85,0
140,377,136,22,62,0
140,326,131,16,61,0
140,0,133,18,85,0
140,364,131,16,56,0
140,37,129,13,36,0
140,403,135,15,41,0
140,181,129,16,39,0
140,59,130,11,30,0
141,471,112,84,302,0
141,204,120,25,87,0
141,560,90,78,349,0
141,172,130,15,37,0
141,356,129,14,55,0
141,398,133,14,48,0
141,321,130,13,57,0
141,371,131,19,66,0
141,300,134,18,64,0
142,469,110,90,308,0
142,560,91,77,350,0
142,198,122,26,88,0
142,369,133,20,64,0
142,395,131,12,42,0
142,295,133,19,65,0
142,354,127,15,56,0
142,316,131,14,56,0
142,17,127,14,41,0
142,171,130,15,39,0
143,471,104,86,307,0
143,560,84,76,360,0
143,366,133,20,61,0
143,195,123,25,83,0
143,314,131,14,52,0
143,293,127,20,71,0
143,391,132,13,45,0
143,13,123,13,44,0
143,352,129,17,57,0
144,476,113,79,312,0
144,556,89,82,358,0
144,365,131,20,63,0
144,351,126,17,58,0
144,311,132,15,53,0
144,167,131,14,36,0
144,389,128,13,46,0
144,2,124,19,51,0
144,287,131,23,67,0
145,481,109,75,315,0
145,563,86,74,356,0
145,365,129,20,62,0
145,165,129,15,39,0
145,308,125,17,63,0
145,182,122,22,44,0
145,348,122,16,59,0
145,287,129,21,70,0
145,31,129,12,32,0
146,489,103,74,312,0
146,572,80,67,336,0
146,367,123,20,64,0
146,348,117,17,61,0
146,289,122,21,73,0
146,308,122,15,62,0
146,393,123,12,41,0
146,181,119,21,45,0
146,116,119,27,83,0
146,31,124,13,32,0
147,494,94,71,309,0
147,572,79,67,324,0
147,350,114,17,60,0
147,368,119,21,66,0
147,395,119,13,41,0
147,310,118,14,58,0
147,115,115,25,79,0
147,287,117,21,75,0
147,178,112,24,48,0
147,31,121,12,35,0
148,494,89,73,311,0
148,574,76,65,321,0
148,369,117,20,66,0
148,51,118,15,59,0
148,351,112,18,59,0
148,395,118,12,40,0
148,309,116,16,61,0
148,173,113,26,46,0
148,289,117,18,73,0
148,30,120,12,36,0
149,494,87,81,322,0
149,50,116,15,58,0
149,581,81,58,347,0
149,371,118,20,62,0
149,352,112,17,58,0
149,171,110,26,47,0
149,311,115,15,60,0
149,289,111,18,71,0
149,30,116,14,40,0
149,397,118,11,41,0
149,201,118,18,31,0
150,494,86,85,329,0
150,581,76,58,333,0
150,371,118,20,63,0
150,106,108,28,88,0
150,49,119,14,55,0
150,350,112,19,59,0
150,309,114,17,59,0
150,172,108,22,49,0
150,284,106,22,80,0
150,396,117,12,42,0
150,201,119,17,29,0
151,492,87,87,333,0
151,580,79,59,321,0
151,101,111,30,86,0
151,371,118,19,64,0
151,308,116,15,60,0
151,43,116,19,58,0
151,350,114,18,59,0
151,164,105,24,52,0
151,283,107,23,70,0
151,2,114,13,40,0
151,396,118,12,43,0
151,250,116,16,51,0
152,490,94,90,333,0
152,92,114,37,82,0
152,583,82,56,320,0
152,371,119,19,64,0
152,349,112,19,63,0
152,308,117,16,60,0
152,161,106,21,52,0
152,396,118,12,41,0
152,282,112,22,74,0
152,3,114,11,37,0
152,249,118,17,53,0
152,21,116,12,37,0
153,490,94,85,330,0
153,586,84,53,325,0
153,369,120,20,63,0
153,347,113,18,60,0
153,90,112,33,85,0
153,307,117,16,57,0
153,276,111,22,79,0
153,38,114,15,56,0
153,393,120,13,40,0
153,159,105,20,50,0
153,18,113,12,38,0
153,194,121,19,28,0
154,493,100,75,310,0
154,584,78,55,351,0
154,81,112,36,82,0
154,269,111,24,84,0
154,365,120,22,63,0
154,300,116,18,59,0
154,343,113,16,59,0
154,32,111,17,58,0
154,389,117,12,42,0
154,346,114,16,58,0
155,495,94,77,312,0
155,584,85,55,333,0
155,298,118,18,58,0
155,265,113,21,82,0
155,339,114,18,60,0
155,27,114,19,58,0
155,364,121,21,62,0
155,78,112,33,85,0
155,387,116,13,41,0
156,498,98,74,325,0
156,586,78,53,373,0
156,24,117,17,62,0
156,339,117,16,61,0
156,366,123,20,62,0
156,298,120,18,61,0
156,265,114,19,81,0
156,387,121,13,40,0
156,80,110,22,91,0
157,588,85,51,375,0
157,500,93,76,340,0
157,20,122,18,60,0
157,297,123,18,58,0
157,337,118,19,65,0
157,61,119,37,90,0
157,366,123,19,64,0
157,260,112,23,76,0
157,138,114,24,53,0
157,387,123,15,42,0
158,506,104,73,334,0
158,596,79,43,373,0
158,299,125,17,59,0
158,368,125,20,63,0
158,341,119,16,65,0
158,259,108,27,95,0
158,390,124,13,42,0
158,139,113,20,55,0
158,20,124,18,60,0
158,60,124,40,87,0
159,513,103,75,341,0
159,62,121,36,90,0
159,372,128,24,62,0
159,301,123,18,59,0
159,264,110,26,95,0
159,344,117,18,64,0
159,604,129,34,298,0
159,138,105,22,65,0
159,396,123,10,41,0
160,517,102,75,325,0
160,61,117,36,95,0
160,301,121,20,61,0
160,347,115,18,66,0
160,376,125,21,62,0
160,262,113,29,90,0
160,27,124,18,62,0
160,399,119,12,43,0
160,192,133,14,23,0
161,59,110,36,103,0
161,379,122,21,61,0
161,307,118,17,59,0
161,350,114,17,63,0
161,259,113,28,88,0
161,29,121,19,61,0
161,402,117,14,42,0
161,175,122,18,32,0
161,135,108,22,57,0
161,521,98,79,311,0
162,56,113,37,100,0
162,525,86,84,326,0
162,352,114,16,62,0
162,382,117,20,64,0
162,309,118,16,60,0
162,259,110,28,95,0
162,29,122,21,61,0
162,133,103,23,62,0
162,403,117,13,41,0
163,53,111,36,105,0
163,527,86,89,336,0
163,385,118,19,64,0
163,353,112,18,65,0
163,132,104,25,62,0
163,28,122,22,62,0
163,261,113,24,92,0
163,408,117,12,42,0
163,311,118,16,60,0
163,286,116,18,61,0
164,535,85,90,355,0
164,53,118,39,103,0
164,387,123,23,62,0
164,359,116,19,62,0
164,257,112,31,97,0
164,312,120,16,59,0
164,135,111,20,57,0
164,33,122,16,60,0
164,290,119,16,57,0
165,545,95,88,351,0
165,48,114,40,105,0
165,358,116,19,65,0
165,389,124,20,63,0
165,312,123,16,58,0
165,258,113,26,86,0
165,412,118,11,44,0
165,290,118,17,66,0
165,32,124,18,61,0
166,551,100,86,347,0
166,44,117,41,109,0
166,358,116,20,65,0
166,392,124,20,62,0
166,253,112,32,95,0
166,316,122,17,58,0
166,413,120,13,46,0
167,555,99,83,350,0
167,43,116,35,108,0
167,359,117,19,64,0
167,392,124,19,61,0
167,316,122,18,59,0
167,253,112,30,94,0
167,32,120,29,103,0
167,412,120,15,48,0
167,185,124,16,34,0
168,558,96,78,342,0
168,30,114,42,109,0
168,250,113,29,93,0
168,358,117,20,64,0
168,314,120,18,62,0
168,391,123,20,63,0
168,126,110,24,59,0
168,180,123,16,35,0
168,292,118,16,63,0
169,562,100,77,335,0
169,22,113,41,113,0
169,389,126,21,64,0
169,244,111,29,94,0
169,357,119,20,65,0
169,312,122,16,61,0
169,412,129,16,39,0
169,179,123,14,36,0
170,10,113,47,117,0
170,564,102,74,339,0
170,387,130,23,63,0
170,358,123,19,64,0
170,310,124,17,63,0
170,242,117,27,92,0
170,289,124,20,62,0
171,236,121,32,96,0
171,10,121,37,116,0
171,309,131,18,60,0
171,385,136,24,61,0
171,358,129,20,65,0
171,568,97,69,374,0
171,118,120,25,57,0
171,288,131,13,39,0
172,235,122,32,101,0
172,4,127,41,114,0
172,575,109,63,364,0
172,308,134,17,61,0
172,117,122,26,60,0
172,385,137,23,63,0
172,355,130,20,66,0
172,411,137,16,40,0
173,578,121,61,351,0
173,1,122,40,122,0
173,115,120,29,64,0
173,308,135,20,63,0
173,233,126,33,102,0
173,385,138,23,65,0
173,356,131,20,68,0
173,411,138,15,46,0
173,176,137,18,35,0
174,0,125,36,125,0
174,226,126,36,111,0
174,385,140,23,65,0
174,582,116,57,347,0
174,115,123,26,62,0
174,355,133,21,67,0
174,309,137,16,61,0
174,413,137,16,49,0
175,581,117,58,347,0
175,221,128,38,116,0
175,386,140,22,64,0
175,115,125,29,61,0
175,358,134,21,66,0
175,0,123,25,126,0
175,310,136,14,60,0
175,413,142,14,44,0
176,582,119,57,343,0
176,217,128,37,119,0
176,385,143,20,63,0
176,4,131,18,70,0
176,354,134,22,67,0
176,413,140,15,47,0
176,307,138,16,59,0
176,114,121,31,65,0
177,582,119,57,342,0
177,214,121,36,129,0
177,386,146,18,60,0
177,357,135,20,67,0
177,306,139,17,61,0
177,1,133,19,70,0
177,280,138,21,61,0
177,115,122,32,66,0
177,413,144,16,46,0
178,385,145,17,62,0
178,212,128,35,122,0
178,573,110,66,358,0
178,352,140,21,66,0
178,114,125,32,65,0
178,0,131,17,72,0
178,281,138,19,55,0
179,572,137,65,306,0
179,204,124,41,135,0
179,113,122,35,71,0
179,356,142,23,67,0
179,384,147,19,65,0
179,303,145,15,60,0
179,277,142,20,64,0
179,0,136,14,70,0
179,415,152,16,41,0
180,569,131,70,337,0
180,199,124,40,138,0
180,109,123,38,74,0
180,382,152,20,61,0
180,351,145,22,67,0
180,302,147,15,60,0
180,276,144,19,68,0
180,413,151,17,46,0
181,191,124,40,147,0
181,104,123,42,74,0
181,576,128,63,349,0
181,381,154,19,58,0
181,351,144,19,69,0
181,415,155,13,43,0
181,276,142,19,67,0
181,300,148,15,60,0
182,185,126,46,146,0
182,579,101,60,376,0
182,103,125,42,73,0
182,380,153,19,59,0
182,350,143,21,68,0
182,296,147,19,60,0
182,414,149,14,48,0
183,169,126,54,147,0
183,101,124,44,73,0
183,379,152,20,60,0
183,350,143,19,69,0
183,296,146,18,64,0
183,584,105,55,367,0
183,414,147,15,50,0
184,176,126,42,152,0
184,104,125,41,74,0
184,352,142,19,70,0
184,381,149,21,62,0
184,600,109,38,348,0
184,299,147,17,62,0
184,420,154,11,44,0
185,171,128,45,146,0
185,105,124,40,74,0
185,352,141,21,72,0
185,381,148,20,64,0
185,598,172,41,289,0
185,300,146,17,61,0
185,422,154,10,42,0
186,172,124,44,156,0
186,387,148,20,62,0
186,359,140,23,72,0
186,113,122,40,74,0
186,306,145,16,60,0
187,171,125,45,157,0
187,117,122,41,75,0
187,363,139,21,71,0
187,389,145,21,63,0
187,309,144,16,59,0
188,160,118,52,165,0
188,391,144,21,62,0
188,121,119,36,81,0
188,364,135,21,74,0
188,308,141,17,60,0
189,159,111,48,191,0
189,369,129,23,75,0
189,395,139,20,62,0
189,123,114,40,77,0
189,311,135,19,64,0
190,157,110,50,201,0
190,372,129,22,75,0
190,312,135,19,65,0
190,127,114,37,75,0
190,397,137,19,64,0
190,195,133,13,33,0
191,149,108,49,191,0
191,374,129,24,78,0
191,398,138,19,64,0
191,315,135,20,66,0
191,129,117,33,79,0
191,286,133,19,64,0
192,133,113,59,182,0
192,398,140,20,63,0
192,375,132,23,77,0
192,311,137,21,66,0
192,285,131,23,72,0
192,602,350,36,111,0
193,132,111,53,194,0
193,398,141,20,64,0
193,314,138,20,63,0
193,286,133,22,71,0
193,376,133,22,76,0
193,598,358,39,102,0
193,186,145,17,34,0
194,115,105,59,214,0
194,399,143,20,63,0
194,286,135,22,68,0
194,314,139,19,62,0
194,378,138,18,72,0
194,181,140,20,38,0
195,99,107,68,215,0
195,398,140,20,64,0
195,311,137,19,64,0
195,285,133,23,70,0
195,377,137,20,73,0
195,180,136,20,43,0
195,198,138,14,33,0
196,78,113,80,219,0
196,376,132,21,76,0
196,310,138,20,63,0
196,397,137,19,67,0
196,179,135,18,43,0
196,286,132,21,70,0
196,198,136,14,33,0
197,74,104,75,230,0
197,377,132,21,76,0
197,310,136,20,63,0
197,125,114,34,136,0
197,286,131,21,71,0
197,396,137,19,66,0
197,179,135,18,42,0
198,66,104,72,233,0
198,120,112,35,144,0
198,310,136,21,63,0
198,397,138,19,65,0
198,285,131,21,71,0
198,179,135,19,41,0
198,377,132,20,77,0
198,200,135,14,32,0
199,63,97,55,247,0
199,122,114,33,133,0
199,313,137,21,63,0
199,379,133,21,76,0
199,179,136,20,43,0
199,400,141,20,61,0
199,286,133,22,69,0
200,52,95,58,254,0
200,120,112,36,135,0
200,313,135,22,64,0
200,383,130,22,78,0
200,180,135,20,42,0
200,407,138,18,63,0
201,20,88,78,265,0
201,110,108,46,135,0
201,406,134,19,64,0
201,315,131,21,65,0
201,385,128,22,80,0
201,182,131,19,43,0
201,206,130,12,32,0
202,3,85,92,270,0
202,109,106,46,143,0
202,406,130,19,66,0
202,315,127,21,66,0
202,385,125,23,80,0
202,208,126,12,35,0
202,181,132,19,39,0
203,106,110,47,142,0
203,0,69,89,297,0
203,406,130,18,65,0
203,314,127,22,66,0
203,386,125,22,80,0
203,207,127,12,33,0
203,181,131,18,39,0
203,285,121,24,69,0
204,104,106,49,150,0
204,0,87,70,272,0
204,287,122,21,67,0
204,315,129,20,62,0
204,407,130,18,64,0
204,207,126,12,35,0
204,387,126,23,81,0
204,181,130,18,40,0
204,210,125,12,34,0
205,104,106,50,148,0
205,0,180,52,177,0
205,316,132,20,59,0
205,288,123,19,71,0
205,407,131,18,63,0
205,180,132,18,40,0
205,207,127,12,33,0
205,390,126,21,80,0
206,100,109,53,154,0
206,180,132,20,46,0
206,318,137,19,59,0
206,397,134,25,73,0
206,206,131,16,35,0
207,95,107,58,152,0
207,396,134,26,77,0
207,318,135,22,63,0
207,179,132,20,47,0
207,207,133,15,35,0
207,294,129,20,69,0
207,288,127,20,72,0
207,365,142,8,24,0
208,94,106,58,157,0
208,396,133,25,82,0
208,319,136,21,63,0
208,180,136,17,44,0
208,210,133,14,35,0
208,294,131,20,67,0
208,289,129,20,71,0
208,206,134,14,36,0
208,141,133,19,53,0
208,84,132,21,68,0
209,91,109,65,158,0
209,398,134,23,82,0
209,316,139,19,62,0
209,289,130,21,70,0
209,178,136,19,46,0
209,210,133,13,36,0
209,79,139,26,65,0
210,102,110,57,160,0
210,397,132,25,84,0
210,315,139,21,63,0
210,176,137,20,47,0
210,288,131,20,68,0
210,209,133,11,38,0
211,99,112,59,161,0
211,397,131,26,86,0
211,316,140,21,64,0
211,288,134,21,66,0
211,175,145,21,42,0
211,75,139,19,59,0
211,210,138,13,36,0
212,97,113,62,163,0
212,398,132,26,88,0
212,318,142,21,63,0
212,176,143,22,42,0
212,68,141,20,69,0
212,288,135,21,65,0
213,101,115,59,168,0
213,399,131,25,91,0
213,318,143,23,62,0
213,174,145,23,44,0
214,107,117,62,168,0
214,400,130,24,93,0
214,320,142,22,62,0
214,287,136,20,64,0
214,174,146,24,47,0
214,59,149,27,65,0
214,88,148,17,48,0
215,110,114,61,171,0
215,401,130,27,92,0
215,288,135,21,66,0
215,55,149,34,66,0
215,175,144,23,49,0
215,84,149,20,60,0
215,323,141,19,63,0
216,113,110,58,175,0
216,403,127,26,93,0
216,47,144,35,68,0
216,78,145,19,61,0
216,287,135,20,62,0
216,321,139,20,61,0
216,173,141,19,51,0
217,112,109,57,182,0
217,401,126,27,94,0
217,321,139,20,63,0
217,286,132,19,68,0
217,75,146,21,59,0
217,169,141,20,50,0
217,46,141,23,72,0
218,113,108,59,180,0
218,399,125,29,95,0
218,286,132,18,67,0
218,71,144,22,63,0
218,319,136,21,65,0
218,167,140,21,49,0
218,40,142,20,68,0
218,211,137,14,35,0
219,106,110,65,180,0
219,399,127,29,96,0
219,62,142,21,65,0
219,282,133,20,69,0
219,316,138,20,63,0
219,209,135,15,40,0
219,21,133,28,83,0
219,166,140,20,50,0
220,102,113,68,186,0
220,398,128,29,97,0
220,16,146,28,70,0
220,316,139,18,67,0
220,58,147,20,60,0
220,282,138,20,67,0
220,209,139,12,37,0
220,159,137,20,55,0
221,110,111,66,190,0
221,397,131,30,100,0
221,316,147,18,61,0
221,6,140,28,82,0
221,278,140,19,65,0
221,50,149,20,48,0
222,113,109,59,188,0
222,397,131,29,101,0
222,43,147,26,67,0
222,275,138,20,70,0
222,2,142,30,79,0
222,313,148,16,61,0
222,360,150,9,23,0
223,116,110,54,186,0
223,38,150,24,64,0
223,399,131,28,102,0
223,273,137,21,72,0
223,310,146,19,62,0
223,0,149,20,73,0
223,387,140,18,72,0
224,112,108,56,195,0
224,396,131,28,103,0
224,31,147,24,67,0
224,272,139,21,69,0
224,384,140,20,68,0
224,305,149,20,60,0
224,197,144,14,38,0
225,109,108,58,191,0
225,398,130,28,105,0
225,28,150,20,62,0
225,271,140,20,68,0
225,383,140,21,69,0
225,308,150,20,59,0
225,197,145,15,38,0
226,108,110,69,193,0
226,395,128,30,105,0
226,24,153,19,61,0
226,383,140,21,69,0
226,304,149,19,61,0
226,270,142,20,64,0
226,198,146,14,38,0
227,108,115,75,191,0
227,397,132,28,103,0
227,22,154,20,66,0
227,307,150,20,63,0
227,199,149,14,36,0
227,268,143,22,67,0
227,380,146,18,62,0
228,107,114,72,195,0
228,397,133,30,104,0
228,384,147,19,64,0
228,22,156,20,60,0
228,201,150,14,37,0
228,309,150,19,62,0
228,271,145,21,59,0
229,109,112,74,202,0
229,399,132,30,105,0
229,16,151,26,68,0
229,309,151,18,59,0
229,270,142,21,68,0
229,385,149,19,60,0
229,204,148,13,40,0
229,361,152,10,27,0
229,200,149,13,39,0
230,112,112,77,197,0
230,399,130,31,104,0
230,271,139,20,73,0
230,310,150,18,60,0
230,384,144,20,63,0
230,12,152,20,63,0
230,202,146,14,38,0
230,365,151,11,27,0
231,112,111,78,194,0
231,400,128,33,108,0
231,271,139,20,71,0
231,10,155,18,58,0
231,383,144,22,64,0
231,310,148,16,59,0
231,203,146,14,38,0
232,112,108,72,193,0
232,403,127,33,108,0
232,272,139,21,69,0
232,5,152,20,64,0
232,311,149,17,61,0
232,380,145,20,62,0
232,367,149,10,25,0
232,207,144,11,37,0
233,111,106,67,204,0
233,403,127,33,110,0
233,3,150,21,66,0
233,272,139,20,70,0
233,313,148,18,62,0
233,380,146,21,60,0
234,109,110,58,201,0
234,404,128,33,111,0
234,272,139,21,69,0
234,312,148,18,62,0
234,0,150,20,67,0
234,379,146,20,59,0
234,366,151,11,31,0
234,208,149,12,35,0
235,106,111,58,208,0
235,405,129,32,113,0
235,272,140,20,71,0
235,311,151,19,61,0
235,0,152,15,67,0
235,379,147,21,62,0
236,101,112,57,207,0
236,403,131,34,112,0
236,271,142,21,70,0
236,311,150,17,61,0
236,377,148,22,60,0
236,204,148,13,40,0
237,95,113,59,205,0
237,402,132,34,111,0
237,269,142,21,69,0
237,374,149,23,61,0
237,200,148,15,41,0
237,308,149,18,62,0
238,89,113,64,205,0
238,402,132,35,112,0
238,372,151,23,59,0
238,266,142,21,68,0
238,201,149,14,41,0
238,306,149,18,63,0
239,80,114,80,212,0
239,403,133,34,113,0
239,262,142,23,70,0
239,371,150,23,62,0
239,201,151,16,44,0
239,303,149,18,63,0
240,75,115,86,218,0
240,404,134,32,116,0
240,263,141,22,69,0
240,200,151,17,46,0
240,373,149,18,64,0
241,75,118,86,216,0
241,404,133,39,117,0
241,264,143,22,71,0
241,375,153,20,59,0
241,309,153,18,62,0
242,75,120,88,221,0
242,408,133,40,120,0
242,268,145,18,69,0
242,377,152,19,59,0
242,126,145,20,47,0
243,73,121,88,225,0
243,411,129,38,120,0
243,268,144,20,71,0
243,211,148,14,51,0
243,377,151,21,59,0
243,124,145,24,55,0
244,71,123,86,226,0
244,415,128,38,120,0
244,270,142,20,71,0
244,213,146,14,51,0
244,378,147,19,61,0
244,309,147,22,64,0
245,69,124,87,223,0
245,416,128,41,120,0
245,270,141,21,71,0
245,213,146,16,49,0
245,380,146,19,60,0
245,308,151,21,60,0
246,69,126,84,222,0
246,417,127,40,124,0
246,272,143,20,71,0
246,309,153,21,59,0
246,380,147,20,59,0
246,216,149,13,46,0
247,65,126,87,226,0
247,419,128,43,128,0
247,273,142,21,73,0
247,384,148,19,62,0
247,215,151,16,48,0
247,308,153,23,58,0
247,117,147,25,114,0
248,59,128,89,230,0
248,423,128,39,128,0
248,274,143,21,69,0
248,384,150,17,60,0
248,219,148,15,49,0
248,308,152,22,60,0
248,115,147,26,118,0
249,54,129,94,235,0
249,429,130,38,127,0
249,275,142,20,70,0
249,219,147,16,51,0
249,385,152,17,58,0
249,115,146,28,118,0
249,422,131,30,121,0
250,44,127,100,235,0
250,274,142,21,69,0
250,429,127,40,129,0
250,384,151,18,59,0
250,221,146,16,51,0
250,115,148,29,113,0
250,422,129,26,119,0
251,40,122,98,244,0
251,430,124,41,132,0
251,275,141,20,70,0
251,384,148,17,58,0
251,111,143,31,121,0
251,309,156,19,55,0
251,424,125,22,123,0
251,222,144,16,51,0
252,28,119,108,255,0
252,430,123,45,133,0
252,275,139,21,68,0
252,385,145,18,59,0
252,107,140,28,131,0
252,224,145,17,48,0
252,310,155,16,45,0
253,24,116,106,256,0
253,430,122,47,135,0
253,274,139,22,68,0
253,384,143,19,61,0
253,103,141,31,122,0
253,223,144,15,49,0
253,309,155,17,49,0
254,15,115,109,268,0
254,436,124,42,135,0
254,274,139,22,69,0
254,386,144,18,61,0
254,225,143,17,49,0
254,309,155,18,53,0
254,101,145,31,117,0
254,435,126,24,119,0
255,11,114,113,271,0
255,439,122,42,135,0
255,276,136,21,70,0
255,228,144,16,47,0
255,388,145,18,56,0
255,102,141,31,126,0
255,433,125,30,126,0
255,309,154,18,52,0
256,8,110,115,282,0
256,443,119,46,139,0
256,278,134,20,71,0
256,233,143,15,47,0
256,388,143,19,57,0
256,311,149,21,57,0
257,0,109,117,286,0
257,447,115,46,143,0
257,281,129,20,73,0
257,396,136,17,60,0
257,235,136,15,50,0
257,444,115,26,132,0
257,316,144,15,56,0
258,0,105,112,293,0
258,450,110,46,147,0
258,281,128,21,73,0
258,394,133,19,60,0
258,235,133,15,53,0
258,309,137,23,64,0
259,0,98,110,316,0
259,450,109,47,146,0
259,281,127,21,73,0
259,236,132,15,51,0
259,393,133,20,61,0
259,302,136,22,65,0
260,0,95,104,318,0
260,452,110,46,147,0
260,280,127,22,73,0
260,237,134,15,51,0
260,392,135,20,59,0
260,304,136,19,64,0
260,446,115,33,134,0
260,330,146,15,40,0
261,0,97,95,319,0
261,458,111,44,148,0
261,279,129,24,72,0
261,237,133,14,52,0
261,395,135,18,58,0
261,445,115,29,134,0
261,303,132,20,70,0
262,0,101,88,333,0
262,452,112,46,149,0
262,278,129,22,75,0
262,235,134,16,53,0
262,304,138,15,65,0
262,446,116,30,136,0
262,391,139,18,53,0
263,0,110,82,365,0
263,455,111,47,155,0
263,275,129,21,74,0
263,235,132,16,55,0
263,392,138,18,57,0
263,304,139,16,63,0
263,447,116,31,137,0
263,324,146,16,44,0
264,453,108,45,155,0
264,1,134,63,319,0
264,270,127,23,73,0
264,233,131,16,50,0
264,386,134,18,58,0
264,298,137,18,62,0
264,446,112,33,143,0
264,343,136,11,32,0
265,455,108,43,154,0
265,267,127,23,71,0
265,229,129,17,52,0
265,385,132,17,57,0
265,292,136,18,64,0
265,442,112,28,138,0
265,0,281,55,180,0
266,458,110,40,152,0
266,227,130,17,51,0
266,265,126,18,72,0
266,291,137,17,63,0
266,381,133,18,57,0
266,68,122,40,75,0
266,442,112,29,145,0
266,0,321,43,129,0
266,320,144,12,42,0
266,315,143,14,41,0
267,453,107,45,161,0
267,261,126,19,73,0
267,289,134,18,67,0
267,61,121,39,76,0
267,441,110,28,145,0
267,225,127,20,54,0
267,379,134,16,54,0
267,387,133,13,55,0
268,454,108,45,160,0
268,441,110,29,147,0
268,57,121,38,76,0
268,289,133,18,68,0
268,258,127,20,72,0
268,378,136,16,53,0
268,223,124,24,58,0
268,386,135,13,54,0
269,450,103,48,165,0
269,226,130,14,49,0
269,258,124,19,74,0
269,287,133,19,68,0
269,49,125,39,70,0
269,377,135,16,53,0
269,445,109,35,150,0
269,387,133,13,53,0
270,453,100,50,171,0
270,50,122,36,77,0
270,288,132,18,67,0
270,227,128,15,49,0
270,446,107,28,148,0
270,258,122,20,74,0
270,377,133,17,53,0
271,452,96,53,173,0
271,447,107,29,146,0
271,48,118,36,81,0
271,257,122,18,72,0
271,284,131,22,66,0
271,227,125,15,49,0
271,199,131,8,24,0
272,463,88,46,181,0
272,255,120,20,72,0
272,283,127,21,67,0
272,448,100,28,156,0
272,227,125,16,47,0
272,42,116,35,82,0
272,373,128,17,50,0
272,315,134,15,42,0
272,387,124,13,52,0
273,450,102,29,151,0
273,465,89,45,180,0
273,228,125,16,48,0
273,38,118,36,81,0
273,252,117,20,74,0
273,283,125,19,69,0
273,376,126,16,53,0
273,390,123,12,51,0
274,34,117,35,86,0
274,452,99,29,161,0
274,468,90,41,180,0
274,254,121,21,72,0
274,229,125,17,50,0
274,281,128,20,68,0
274,375,126,16,55,0
275,31,118,36,82,0
275,457,98,31,166,0
275,467,88,48,184,0
275,254,122,23,72,0
275,280,128,19,67,0
275,231,123,18,54,0
275,375,125,17,58,0
276,457,99,34,166,0
276,469,89,44,182,0
276,254,123,22,72,0
276,28,122,36,84,0
276,280,130,19,65,0
276,230,125,18,53,0
276,374,126,17,58,0
276,62,127,13,38,0
277,460,98,32,167,0
277,479,89,45,190,0
277,248,118,23,75,0
277,228,125,15,49,0
277,375,126,17,58,0
277,279,128,18,66,0
277,21,122,36,80,0
277,465,91,48,182,0
277,396,123,17,53,0
277,301,133,16,47,0
278,460,92,32,171,0
278,247,116,21,75,0
278,478,88,48,194,0
278,227,123,15,50,0
278,373,126,17,55,0
278,279,125,17,65,0
278,13,117,39,89,0
278,56,125,14,37,0
279,461,94,34,172,0
279,481,85,46,199,0
279,248,116,20,75,0
279,373,125,16,53,0
279,277,124,18,67,0
279,227,123,16,50,0
279,6,117,44,93,0
279,53,129,15,34,0
279,300,133,18,44,0
280,465,94,33,178,0
280,246,120,21,74,0
280,373,126,17,55,0
280,482,86,44,200,0
280,1,117,41,89,0
280,277,125,18,67,0
280,226,124,16,50,0
280,469,88,42,192,0
280,50,130,16,39,0
281,464,95,34,176,0
281,479,89,57,201,0
281,246,122,22,73,0
281,227,126,16,50,0
281,275,127,19,69,0
281,374,128,18,54,0
281,0,121,40,86,0
281,398,127,14,47,0
282,488,86,52,214,0
282,471,95,35,180,0
282,249,124,20,73,0
282,232,131,16,49,0
282,374,132,17,54,0
282,279,134,18,65,0
282,400,128,16,56,0
282,0,125,35,83,0
282,52,135,14,43,0
282,302,139,16,45,0
283,475,97,37,184,0
283,492,86,56,219,0
283,248,124,22,75,0
283,235,131,15,52,0
283,400,129,18,54,0
283,481,92,45,198,0
283,375,133,20,54,0
283,283,133,20,67,0
284,483,94,36,192,0
284,498,84,62,226,0
284,253,123,21,76,0
284,283,132,22,69,0
284,377,131,17,55,0
284,405,128,19,54,0
284,239,129,12,49,0
284,28,133,20,51,0
285,485,91,38,196,0
285,504,84,61,227,0
285,379,128,16,55,0
285,252,119,23,78,0
285,283,127,22,72,0
285,26,129,22,56,0
285,408,127,17,58,0
285,384,127,17,56,0
285,241,126,13,49,0
286,506,79,57,234,0
286,490,92,36,197,0
286,249,119,25,78,0
286,379,126,16,57,0
286,284,129,21,69,0
286,22,125,22,60,0
286,384,126,17,57,0
286,414,125,15,61,0
286,313,136,18,47,0
286,581,99,25,77,0
287,495,89,39,204,0
287,516,76,57,244,0
287,383,126,18,58,0
287,252,120,25,77,0
287,283,125,23,73,0
287,50,130,15,43,0
287,503,89,49,214,0
287,412,128,17,61,0
287,241,126,14,50,0
287,0,124,20,91,0
287,311,139,19,46,0
287,586,96,24,89,0
287,18,124,19,58,0
288,496,92,43,209,0
288,519,85,62,236,0
288,385,129,18,58,0
288,254,123,25,76,0
288,285,131,20,68,0
288,19,125,18,61,0
288,51,131,14,42,0
288,312,139,17,47,0
288,245,129,17,50,0
288,0,124,19,89,0
289,502,96,42,207,0
289,521,78,69,260,0
289,383,135,18,57,0
289,284,134,21,65,0
289,15,131,23,55,0
289,314,143,19,48,0
289,414,132,19,64,0
289,318,143,21,49,0
289,247,119,30,79,0
289,49,136,13,43,0
290,503,99,44,214,0
290,528,84,66,257,0
290,383,137,17,55,0
290,282,129,24,73,0
290,252,126,25,77,0
290,518,89,57,242,0
290,48,134,13,43,0
290,8,131,24,56,0
290,314,145,16,46,0
291,502,101,45,216,0
291,527,86,67,265,0
291,281,132,21,69,0
291,380,136,18,56,0
291,252,124,24,78,0
291,4,124,23,65,0
291,591,111,22,58,0
291,312,144,17,48,0
291,343,137,12,32,0
292,505,97,49,227,0
292,278,130,19,72,0
292,536,89,63,260,0
292,377,135,18,56,0
292,249,123,21,77,0
292,0,120,15,64,0
292,34,128,16,46,0
292,415,131,16,62,0
292,239,133,12,45,0
292,342,134,13,31,0
293,507,93,47,227,0
293,535,82,69,268,0
293,374,135,22,57,0
293,277,129,21,74,0
293,245,115,24,83,0
293,34,128,14,44,0
293,416,130,17,61,0
294,509,97,52,233,0
294,246,130,22,73,0
294,278,132,19,73,0
294,539,80,74,291,0
294,375,138,20,54,0
294,30,131,15,45,0
294,15,135,14,42,0
295,515,92,51,237,0
295,540,73,73,291,0
295,243,132,23,68,0
295,278,137,18,66,0
295,376,146,16,50,0
295,30,135,15,43,0
296,518,96,57,245,0
296,552,80,82,298,0
296,244,131,24,75,0
296,376,141,17,55,0
296,31,135,14,46,0
296,278,137,20,69,0
296,422,135,17,63,0
296,12,136,14,45,0
297,556,78,80,319,0
297,525,98,55,246,0
297,244,132,25,77,0
297,376,140,18,57,0
297,280,137,20,71,0
297,28,136,13,46,0
297,12,140,13,46,0
297,426,137,14,61,0
297,17,139,6,46,0
297,204,142,8,26,0
298,528,98,61,258,0
298,567,76,67,321,0
298,245,133,24,76,0
298,376,140,18,58,0
298,278,137,20,72,0
298,426,139,15,57,0
298,25,137,14,48,0
298,7,143,17,42,0
299,537,98,63,259,0
299,573,79,65,330,0
299,375,142,20,59,0
299,244,134,25,77,0
299,277,141,20,72,0
299,24,139,13,47,0
299,426,140,17,50,0
299,5,146,16,41,0
299,21,140,13,45,0
299,12,147,6,39,0
300,540,95,61,265,0
300,246,138,23,76,0
300,584,74,55,336,0
300,378,143,18,59,0
300,277,142,21,73,0
300,23,143,16,47,0
300,427,142,17,54,0
300,4,148,15,44,0
301,247,137,24,79,0
301,547,93,67,286,0
301,380,147,21,58,0
301,279,144,22,72,0
301,432,142,20,66,0
301,21,146,16,46,0
301,586,72,53,317,0
301,4,148,14,47,0
301,309,156,17,49,0
301,305,156,16,50,0
301,348,150,11,31,0
302,559,98,73,286,0
302,251,144,26,77,0
302,382,150,18,58,0
302,280,150,21,68,0
302,22,151,15,47,0
302,312,159,17,52,0
302,435,145,21,68,0
303,562,100,72,289,0
303,384,153,19,58,0
303,250,147,26,77,0
303,279,151,22,72,0
303,436,149,24,69,0
303,20,152,16,49,0
303,313,166,17,49,0
304,569,98,70,303,0
304,384,153,18,59,0
304,252,147,26,77,0
304,278,153,20,71,0
304,16,152,17,53,0
304,314,163,15,51,0
304,439,150,20,65,0
304,330,168,14,47,0
304,355,159,12,26,0
305,577,91,62,306,0
305,253,146,26,76,0
305,384,153,19,58,0
305,281,152,21,68,0
305,13,150,18,52,0
305,314,160,15,53,0
305,442,149,19,62,0
305,211,155,9,27,0
305,355,157,12,28,0
306,585,87,54,310,0
306,253,148,26,73,0
306,384,151,18,57,0
306,445,145,23,72,0
306,281,152,19,71,0
306,12,150,20,53,0
306,355,156,11,29,0
306,314,161,16,51,0
306,329,161,16,52,0
307,597,86,42,314,0
307,256,147,24,74,0
307,386,152,19,57,0
307,447,142,26,73,0
307,283,150,22,71,0
307,12,151,20,54,0
307,330,160,16,52,0
308,257,145,24,75,0
308,390,152,18,55,0
308,286,150,20,68,0
308,450,144,26,74,0
308,11,154,20,49,0
308,604,71,35,340,0
309,258,142,25,81,0
309,458,142,24,77,0
309,391,148,18,60,0
309,289,147,23,75,0
309,15,152,18,56,0
309,324,164,18,49,0
310,14,153,19,56,0
310,259,139,25,84,0
310,458,143,26,77,0
310,395,150,19,60,0
310,292,151,23,69,0
310,221,154,10,26,0
310,325,164,17,50,0
311,262,146,23,76,0
311,394,149,18,59,0
311,292,151,24,70,0
311,14,153,18,57,0
311,460,140,26,77,0
311,0,163,11,46,0
311,222,155,9,26,0
311,326,164,16,50,0
311,343,166,15,49,0
311,367,152,13,32,0
312,267,148,24,74,0
312,398,149,18,60,0
312,15,154,18,56,0
312,464,142,24,77,0
312,293,152,21,70,0
312,0,160,12,47,0
312,345,164,16,52,0
312,224,153,10,28,0
312,374,152,13,31,0
312,369,152,13,32,0
313,400,149,17,60,0
313,269,148,22,75,0
313,294,151,22,72,0
313,14,155,20,54,0
313,469,141,21,79,0
313,0,164,11,45,0
313,346,165,17,50,0
314,268,146,26,77,0
314,399,151,19,60,0
314,295,151,21,70,0
314,474,139,27,84,0
314,14,156,19,54,0
314,0,159,13,49,0
314,227,156,8,26,0
315,400,155,21,58,0
315,270,146,25,80,0
315,479,146,25,78,0
315,298,155,22,68,0
315,332,166,18,52,0
315,350,168,21,50,0
316,401,154,21,58,0
316,270,147,25,79,0
316,297,153,21,71,0
316,8,162,20,53,0
316,483,142,23,87,0
316,333,164,21,55,0
316,349,170,20,51,0
317,271,147,24,77,0
317,401,153,22,59,0
317,298,153,22,70,0
317,334,163,20,56,0
317,5,160,18,51,0
317,351,167,18,53,0
317,378,156,9,30,0
318,400,151,20,59,0
318,271,147,24,75,0
318,296,151,21,70,0
318,483,137,33,91,0
318,3,159,16,51,0
318,334,164,19,54,0
318,228,156,8,25,0
318,130,153,31,62,0
318,377,151,11,33,0
318,230,156,8,24,0
319,483,131,36,98,0
319,270,143,24,77,0
319,403,147,20,59,0
319,296,150,22,69,0
319,2,157,15,51,0
319,334,157,20,56,0
319,228,153,9,26,0
319,351,163,21,52,0
319,129,150,35,61,0
320,486,132,36,99,0
320,268,142,26,76,0
320,295,147,22,70,0
320,398,143,21,62,0
320,332,155,22,57,0
320,349,164,22,48,0
320,0,151,11,56,0
321,490,131,32,98,0
321,268,141,25,78,0
321,398,144,19,61,0
321,295,145,22,70,0
321,332,154,22,59,0
321,349,162,22,51,0
321,227,150,9,28,0
322,269,142,25,76,0
322,495,130,33,102,0
322,298,146,21,71,0
322,399,146,20,60,0
322,333,156,22,60,0
322,352,163,22,52,0
323,270,139,24,80,0
323,500,121,34,115,0
323,301,147,21,72,0
323,401,143,19,64,0
323,334,159,23,56,0
323,356,164,17,52,0
324,272,142,25,78,0
324,509,125,30,114,0
324,305,150,22,70,0
324,403,147,17,60,0
324,231,154,10,25,0
324,337,158,20,59,0
324,229,154,9,26,0
324,355,165,18,54,0
324,127,149,38,64,0
325,519,135,32,103,0
325,305,150,22,67,0
325,277,140,23,76,0
325,410,146,17,61,0
325,359,164,20,54,0
325,233,150,9,28,0
325,339,159,21,59,0
326,522,134,36,107,0
326,280,141,26,78,0
326,306,149,19,69,0
326,409,142,20,66,0
326,344,155,23,61,0
326,236,146,9,28,0
326,361,164,23,53,0
327,283,137,24,80,0
327,532,128,39,119,0
327,309,145,25,69,0
327,414,144,20,62,0
327,346,156,24,60,0
327,367,163,22,55,0
