1,563,177,54,148,0
1,0,150,40,240,0
1,87,202,32,108,0
1,12,151,24,233,0
1,418,242,21,49,0
1,624,171,15,82,0
2,562,175,54,148,0
2,87,202,32,109,0
2,0,135,43,256,0
2,626,169,13,85,0
3,562,178,52,148,0
3,1,99,52,290,0
3,87,202,32,108,0
3,426,241,16,51,0
3,624,169,15,85,0
4,0,104,55,284,0
4,564,177,47,151,0
4,88,205,30,105,0
4,38,225,27,110,0
4,628,168,11,91,0
5,563,179,46,151,0
5,0,110,65,283,0
5,88,205,31,103,0
5,446,210,22,80,0
5,625,169,14,92,0
5,428,243,15,49,0
6,561,172,48,160,0
6,0,102,59,290,0
6,624,169,15,93,0
6,429,243,14,47,0
6,23,113,40,260,0
7,563,180,43,151,0
7,0,106,58,297,0
7,446,208,27,81,0
7,624,167,15,105,0
7,430,241,14,49,0
8,559,172,46,159,0
8,0,105,63,301,0
8,446,207,25,83,0
8,622,163,17,126,0
8,22,122,39,258,0
9,0,103,70,308,0
9,557,166,51,166,0
9,18,118,47,271,0
9,101,216,30,90,0
9,619,165,18,138,0
9,431,240,15,51,0
10,0,105,84,301,0
10,553,166,52,167,0
10,614,163,25,158,0
10,100,215,33,91,0
10,433,239,14,53,0
11,551,168,54,164,0
11,0,115,85,282,0
11,613,156,24,173,0
11,101,212,30,96,0
11,434,240,14,52,0
12,550,167,54,169,0
12,0,111,94,291,0
12,610,154,28,178,0
12,438,238,17,55,0
13,0,108,115,294,0
13,548,169,54,167,0
13,608,150,31,182,0
13,439,237,18,56,0
13,436,240,15,53,0
14,0,104,123,301,0
14,546,167,56,169,0
14,607,144,32,191,0
14,439,239,16,54,0
15,0,104,130,292,0
15,544,166,55,171,0
15,604,143,35,191,0
15,439,239,16,54,0
16,0,105,140,288,0
16,542,168,57,168,0
16,603,141,34,191,0
16,439,239,16,54,0
16,449,210,26,80,0
17,2,107,144,289,0
17,601,142,38,194,0
17,542,165,54,172,0
17,439,239,15,55,0
17,449,210,27,82,0
18,0,115,165,277,0
18,542,160,54,177,0
18,598,137,39,196,0
18,449,210,27,81,0
18,440,240,15,53,0
19,17,114,151,282,0
19,541,162,55,178,0
19,596,138,43,197,0
19,450,210,27,82,0
19,599,140,25,194,0
20,27,117,137,279,0
20,542,165,56,176,0
20,596,132,41,205,0
20,451,212,26,80,0
21,44,120,128,278,0
21,540,161,54,184,0
21,595,135,43,203,0
21,451,213,24,79,0
22,81,114,93,274,0
22,538,160,55,183,0
22,594,134,44,208,0
22,549,149,86,196,0
22,451,212,25,80,0
23,534,163,59,182,0
23,108,114,72,270,0
23,595,132,43,212,0
23,440,240,16,53,0
23,451,212,24,78,0
23,35,235,29,110,0
23,544,148,92,195,0
24,109,120,79,262,0
24,532,158,62,186,0
24,595,128,44,219,0
24,440,240,16,52,0
24,37,235,27,101,0
24,451,214,24,76,0
25,123,121,101,262,0
25,527,157,64,190,0
25,593,127,45,220,0
25,440,240,16,53,0
26,132,122,107,260,0
26,528,156,64,191,0
26,593,127,46,220,0
26,440,240,16,52,0
26,38,235,26,100,0
26,117,190,33,126,0
27,134,123,109,254,0
27,527,153,62,198,0
27,592,124,46,225,0
27,441,239,16,53,0
27,451,213,24,77,0
28,141,119,106,261,0
28,525,154,60,199,0
28,592,123,46,232,0
28,126,202,28,109,0
28,451,212,24,79,0
28,441,239,16,53,0
29,164,122,84,259,0
29,589,125,50,231,0
29,519,160,60,195,0
29,129,200,27,111,0
30,585,127,54,231,0
30,515,157,65,202,0
30,191,108,73,275,0
30,127,194,33,115,0
30,451,212,24,79,0
31,583,126,56,238,0
31,198,121,77,258,0
31,514,154,62,202,0
31,127,202,34,109,0
32,205,129,89,239,0
32,579,124,59,239,0
32,511,151,65,202,0
32,131,197,34,114,0
33,208,131,95,239,0
33,576,121,62,244,0
33,508,156,64,195,0
33,134,198,34,113,0
33,320,228,21,55,0
33,443,237,14,55,0
34,218,130,90,245,0
34,573,117,64,249,0
34,508,153,61,206,0
34,137,197,35,111,0
35,232,129,83,235,0
35,570,119,65,245,0
35,504,158,64,202,0
35,137,198,38,112,0
35,84,211,29,100,0
36,567,119,67,244,0
36,505,159,61,205,0
36,247,127,66,237,0
36,138,197,39,113,0
36,86,212,26,98,0
37,565,118,68,247,0
37,257,128,63,239,0
37,503,157,62,211,0
37,138,196,40,115,0
38,565,116,67,251,0
38,263,131,69,228,0
38,502,153,65,215,0
38,138,196,41,115,0
38,85,203,31,106,0
39,566,116,63,255,0
39,270,131,86,225,0
39,502,148,65,221,0
39,139,194,39,118,0
39,87,206,33,103,0
40,563,118,66,263,0
40,496,146,70,219,0
40,276,134,86,221,0
40,143,193,34,120,0
40,87,208,35,101,0
40,496,135,116,238,0
41,562,115,67,268,0
41,492,144,71,226,0
41,273,132,92,219,0
41,145,192,33,122,0
41,452,211,26,81,0
42,562,110,69,273,0
42,485,144,78,228,0
42,295,135,69,217,0
42,146,188,36,126,0
42,96,211,29,98,0
42,451,212,26,80,0
43,561,109,70,275,0
43,484,143,75,231,0
43,147,190,36,124,0
43,312,129,60,223,0
43,452,211,25,80,0
44,557,105,72,274,0
44,316,135,70,212,0
44,483,145,69,228,0
44,149,192,36,122,0
44,474,129,146,246,0
44,451,210,26,83,0
45,554,103,72,279,0
45,325,138,71,212,0
45,476,144,77,232,0
45,152,195,36,119,0
45,105,205,29,106,0
45,451,209,24,83,0
45,37,217,29,117,0
46,550,107,75,276,0
46,330,143,70,202,0
46,471,143,81,237,0
46,152,193,37,118,0
46,105,207,31,103,0
46,34,211,32,122,0
47,544,108,80,277,0
47,335,145,75,197,0
47,465,136,78,242,0
47,154,193,34,119,0
47,108,210,29,100,0
48,543,112,76,274,0
48,342,145,69,200,0
48,460,137,75,242,0
48,155,190,35,126,0
48,108,204,34,108,0
49,539,108,77,279,0
49,352,138,60,201,0
49,155,190,37,125,0
49,459,138,77,247,0
49,111,207,32,104,0
50,537,103,78,285,0
50,360,139,51,198,0
50,155,190,37,123,0
50,450,137,86,253,0
50,112,207,33,105,0
51,534,106,76,282,0
51,449,139,83,251,0
51,365,139,54,194,0
51,156,190,38,125,0
51,111,202,35,109,0
52,528,103,78,287,0
52,451,143,74,252,0
52,374,144,57,192,0
52,155,189,40,126,0
52,112,197,35,113,0
53,524,106,75,286,0
53,376,148,64,179,0
53,156,190,38,126,0
53,113,198,35,115,0
53,445,138,79,264,0
54,521,107,73,289,0
54,437,130,82,272,0
54,384,155,60,173,0
54,157,190,37,127,0
54,114,198,34,117,0
55,519,100,74,302,0
55,392,148,54,182,0
55,158,190,36,128,0
55,437,127,77,274,0
55,115,201,32,113,0
56,513,101,76,303,0
56,157,190,35,128,0
56,395,148,49,181,0
56,433,127,83,277,0
56,117,204,31,108,0
57,511,98,80,312,0
57,155,190,36,127,0
57,422,133,87,267,0
57,399,152,50,180,0
57,117,201,32,113,0
58,509,101,75,311,0
58,417,134,90,269,0
58,152,184,37,132,0
58,118,202,30,112,0
58,399,158,47,145,0
59,396,134,102,276,0
59,501,94,81,323,0
59,152,180,37,139,0
59,117,203,33,116,0
60,498,89,81,330,0
60,404,129,90,283,0
60,152,181,38,137,0
60,117,206,33,115,0
61,392,130,95,286,0
61,494,88,84,328,0
61,152,180,38,138,0
61,114,198,35,125,0
61,40,230,24,108,0
62,491,80,85,335,0
62,388,127,96,285,0
62,151,182,38,136,0
62,112,195,38,127,0
63,377,129,99,287,0
63,487,75,85,342,0
63,113,191,37,130,0
63,149,181,39,138,0
64,376,122,98,303,0
64,472,81,95,342,0
64,111,192,37,130,0
64,149,179,38,139,0
64,39,236,25,99,0
65,457,74,105,345,0
65,380,128,92,300,0
65,149,176,38,146,0
65,110,188,38,132,0
65,39,235,25,99,0
66,375,124,94,306,0
66,452,76,105,349,0
66,148,176,38,144,0
66,111,191,38,133,0
66,39,231,32,107,0
67,457,69,96,360,0
67,368,120,88,328,0
67,148,179,39,143,0
67,108,190,40,137,0
67,34,221,33,122,0
68,452,73,99,356,0
68,361,118,93,327,0
68,148,176,39,145,0
68,109,182,39,145,0
68,0,275,45,131,0
68,8,200,33,186,0
68,39,232,25,100,0
69,447,75,98,356,0
69,353,119,99,324,0
69,148,176,39,147,0
69,106,186,42,139,0
69,0,192,65,216,0
70,438,63,101,373,0
70,347,112,99,331,0
70,148,177,40,148,0
70,0,146,68,263,0
70,107,185,40,138,0
71,329,109,112,336,0
71,0,128,70,273,0
71,435,62,95,377,0
71,147,178,40,151,0
71,106,185,41,144,0
72,322,103,118,347,0
72,425,58,102,389,0
72,146,177,41,155,0
72,0,121,73,291,0
72,104,187,42,141,0
72,323,88,190,370,0
73,299,113,131,340,0
73,12,123,66,283,0
73,421,51,102,415,0
73,147,177,41,157,0
73,104,188,42,141,0
74,267,109,161,357,0
74,414,53,107,417,0
74,17,121,89,280,0
74,147,176,43,155,0
74,103,187,45,143,0
74,13,146,29,220,0
75,22,127,117,282,0
75,409,58,108,402,0
75,307,104,114,364,0
75,146,175,42,155,0
75,101,185,44,147,0
76,286,105,129,363,0
76,406,50,103,416,0
76,15,153,134,251,0
76,147,174,43,156,0
76,97,179,46,147,0
77,399,44,107,422,0
77,277,97,130,379,0
77,40,144,116,260,0
77,148,173,44,160,0
77,484,161,46,133,0
77,109,185,36,123,0
77,296,62,209,417,0
78,263,87,131,392,0
78,389,31,115,447,0
78,60,137,102,261,0
78,149,171,46,160,0
78,485,167,44,132,0
78,45,151,83,242,0
79,252,87,134,389,0
79,81,130,74,259,0
79,382,32,120,443,0
79,149,172,50,162,0
79,489,166,41,136,0
79,55,143,88,254,0
79,45,167,74,223,0
80,383,36,112,435,0
80,99,132,65,265,0
80,262,93,121,383,0
80,47,165,77,230,0
80,157,177,42,157,0
80,490,162,44,141,0
80,291,41,210,438,0
81,374,28,115,442,0
81,497,164,41,136,0
81,259,85,121,393,0
81,56,164,89,229,0
81,115,131,72,256,0
81,160,174,38,158,0
81,299,37,201,442,0
82,499,165,42,131,0
82,364,26,124,443,0
82,255,92,112,379,0
82,112,140,91,247,0
82,164,172,46,151,0
82,82,170,60,212,0
83,352,26,127,443,0
83,129,137,96,257,0
83,239,78,121,400,0
83,500,167,45,131,0
83,110,166,46,218,0
84,341,24,133,450,0
84,231,87,116,381,0
84,131,140,103,247,0
84,502,170,43,128,0
84,117,172,47,211,0
84,289,20,164,459,0
85,335,16,132,461,0
85,205,58,134,418,0
85,155,138,68,242,0
85,118,166,62,216,0
85,505,170,40,131,0
86,329,5,130,468,0
86,186,49,142,430,0
86,118,172,90,215,0
86,508,169,39,126,0
86,179,129,43,237,0
87,320,6,139,472,0
87,512,168,38,127,0
87,185,55,136,417,0
87,125,183,69,185,0
87,216,15,224,464,0
87,121,186,47,166,0
87,464,202,29,92,0
88,517,170,35,123,0
88,170,53,131,422,0
88,311,0,137,477,0
88,123,181,44,175,0
88,463,196,30,101,0
88,172,27,207,452,0
88,445,247,19,54,0
89,125,177,47,178,0
89,160,60,141,407,0
89,517,172,39,122,0
89,304,0,132,476,0
89,445,245,23,57,0
89,470,206,25,90,0
90,298,3,129,467,0
90,138,63,148,410,0
90,519,168,38,126,0
90,129,176,42,175,0
90,468,193,26,104,0
90,449,244,16,58,0
91,128,59,144,410,0
91,292,0,130,478,0
91,233,123,47,282,0
91,0,75,50,384,0
91,449,244,15,58,0
91,519,160,42,141,0
91,37,214,28,121,0
91,467,199,29,100,0
92,0,75,95,367,0
92,287,19,124,453,0
92,235,141,59,225,0
92,108,54,151,422,0
92,523,157,38,136,0
92,54,69,273,391,0
92,177,30,239,426,0
93,268,10,140,465,0
93,0,84,104,352,0
93,72,69,183,393,0
93,528,165,35,129,0
93,251,136,45,226,0
93,205,183,55,174,0
93,116,49,258,389,0
93,0,89,342,333,0
94,530,174,38,118,0
94,3,104,87,324,0
94,257,0,142,468,0
94,185,162,38,187,0
94,221,177,46,184,0
94,65,53,153,426,0
94,89,34,283,396,0
95,36,43,148,417,0
95,530,173,39,120,0
95,252,0,142,469,0
95,182,163,52,187,0
95,24,94,63,321,0
95,4,106,35,300,0
95,235,175,41,186,0
95,10,73,233,362,0
95,35,69,336,374,0
96,17,49,145,411,0
96,239,11,141,445,0
96,185,167,54,177,0
96,533,175,40,121,0
96,154,171,48,183,0
96,0,116,45,224,0
97,0,55,148,416,0
97,214,11,163,453,0
97,534,178,40,113,0
97,181,168,51,185,0
97,165,167,48,191,0
98,201,8,163,465,0
98,94,96,75,304,0
98,539,178,38,109,0
98,172,168,47,188,0
98,0,44,121,429,0
98,24,66,143,388,0
98,497,192,25,93,0
98,477,205,26,95,0
99,80,101,110,326,0
99,0,29,116,450,0
99,185,2,171,470,0
99,540,176,36,109,0
99,37,34,336,414,0
99,171,169,36,184,0
99,34,68,152,378,0
100,146,6,218,458,0
100,542,176,35,109,0
100,82,104,111,324,0
100,51,125,78,290,0
100,474,204,30,99,0
100,58,109,105,318,0
100,0,21,70,350,0
100,44,89,169,357,0
100,503,190,24,94,0
101,108,3,238,451,0
101,544,177,37,107,0
101,92,107,95,318,0
101,318,150,73,208,0
101,71,117,60,294,0
101,0,79,53,358,0
101,505,186,27,99,0
101,37,98,199,338,0
101,469,205,36,99,0
101,281,239,36,111,0
102,109,12,216,450,0
102,323,143,70,207,0
102,80,133,65,267,0
102,546,179,38,106,0
102,278,205,58,144,0
102,506,190,30,98,0
102,472,207,26,95,0
103,99,5,195,463,0
103,328,143,68,207,0
103,280,184,62,166,0
103,550,180,38,105,0
103,512,190,33,99,0
103,91,105,38,293,0
104,288,186,60,163,0
104,0,161,62,287,0
104,74,1,194,459,0
104,551,180,38,103,0
104,344,141,56,211,0
104,217,248,65,106,0
104,512,190,35,98,0
104,210,181,68,171,0
104,474,209,26,95,0
105,44,14,188,440,0
105,0,115,59,317,0
105,307,187,43,160,0
105,553,180,36,102,0
105,351,148,53,201,0
105,221,165,70,190,0
105,169,149,75,256,0
105,513,189,36,99,0
105,473,207,27,99,0
105,159,84,75,354,0
106,356,146,67,199,0
106,0,11,216,436,0
106,230,166,67,185,0
106,316,180,40,158,0
106,555,177,35,105,0
106,167,116,107,288,0
106,519,188,36,100,0
106,205,153,85,219,0
106,476,199,35,105,0
107,0,9,196,466,0
107,367,148,64,197,0
107,165,117,113,288,0
107,558,175,37,107,0
107,325,183,35,156,0
107,238,162,61,197,0
107,524,185,34,102,0
107,195,131,94,254,0
107,489,201,26,103,0
108,371,152,67,190,0
108,180,115,108,284,0
108,329,184,42,156,0
108,151,145,52,233,0
108,0,7,161,456,0
108,562,177,38,105,0
108,252,159,47,190,0
108,528,183,33,103,0
108,488,196,28,112,0
108,173,142,35,235,0
109,375,152,63,191,0
109,200,115,93,283,0
109,330,187,48,157,0
109,530,186,33,101,0
109,161,131,47,247,0
109,18,11,117,454,0
109,563,181,39,103,0
109,255,160,43,188,0
109,59,232,61,217,0
109,482,202,37,108,0
109,0,31,216,401,0
110,46,201,124,236,0
110,384,151,62,192,0
110,223,120,63,270,0
110,169,139,64,244,0
110,336,183,47,157,0
110,11,20,146,397,0
110,535,186,31,102,0
110,486,197,34,113,0
110,564,181,39,102,0
110,259,158,46,192,0
111,46,118,139,315,0
111,387,151,54,188,0
111,179,137,70,243,0
111,348,181,38,155,0
111,237,121,68,267,0
111,487,195,35,114,0
111,538,184,36,104,0
111,567,178,33,105,0
112,242,124,89,259,0
112,77,139,112,290,0
112,182,141,63,237,0
112,355,184,42,150,0
112,395,152,45,183,0
112,48,134,99,295,0
112,567,179,32,101,0
112,540,186,36,103,0
112,0,93,55,235,0
112,490,196,35,114,0
113,186,157,67,219,0
113,359,182,43,151,0
113,42,133,108,291,0
113,246,123,95,269,0
113,106,128,84,291,0
113,398,154,52,180,0
113,570,179,32,102,0
113,544,188,34,98,0
113,500,197,29,107,0
114,251,133,90,254,0
114,117,127,78,300,0
114,203,158,55,215,0
114,54,137,106,278,0
114,400,155,54,182,0
114,363,185,44,150,0
114,557,187,29,97,0
114,493,198,34,113,0
114,562,184,37,100,0
114,575,180,28,97,0
115,263,130,81,250,0
115,216,148,57,223,0
115,137,122,79,297,0
115,86,126,78,287,0
115,365,181,45,154,0
115,497,197,37,114,0
115,406,157,50,175,0
115,558,187,29,96,0
115,579,181,29,98,0
115,565,184,35,97,0
116,279,125,66,254,0
116,152,128,71,296,0
116,118,127,47,276,0
116,224,134,57,238,0
116,374,174,38,158,0
116,411,153,44,177,0
116,502,199,34,114,0
116,584,181,27,94,0
116,561,187,28,95,0
116,571,183,35,96,0
117,294,127,53,245,0
117,160,139,84,286,0
117,232,134,66,234,0
117,133,134,44,269,0
117,383,169,38,161,0
117,414,159,49,172,0
117,587,184,27,91,0
117,565,188,30,95,0
117,502,203,36,110,0
117,571,185,36,96,0
118,168,142,87,278,0
118,135,136,65,279,0
118,237,150,79,218,0
118,501,198,35,115,0
118,419,159,54,169,0
118,574,186,36,97,0
118,300,122,63,244,0
118,389,177,35,150,0
118,588,183,29,94,0
119,185,140,80,263,0
119,305,130,75,242,0
119,242,146,71,216,0
119,132,140,105,270,0
119,424,162,56,165,0
119,505,241,33,71,0
119,392,183,34,141,0
119,575,184,36,99,0
119,511,215,29,82,0
119,590,179,27,93,0
119,213,142,78,239,0
120,248,139,67,229,0
120,201,137,69,260,0
120,429,160,56,160,0
120,148,132,77,270,0
120,309,125,83,248,0
120,392,182,41,147,0
120,510,246,28,66,0
120,580,183,34,98,0
120,269,136,147,229,0
120,132,138,144,263,0
121,315,132,76,234,0
121,214,140,67,258,0
121,171,136,55,251,0
121,430,166,52,154,0
121,512,198,32,112,0
121,398,185,36,141,0
121,266,142,51,212,0
121,584,181,29,99,0
122,210,143,104,258,0
122,325,131,69,236,0
122,586,181,33,102,0
122,191,145,46,224,0
122,434,166,53,157,0
122,271,149,50,197,0
122,512,197,31,107,0
122,401,174,39,151,0
122,517,224,26,87,0
122,314,179,30,148,0
122,250,149,58,230,0
123,212,151,110,250,0
123,589,182,34,102,0
123,336,128,61,240,0
123,196,142,46,226,0
123,405,164,45,160,0
123,512,194,34,119,0
123,441,166,49,155,0
123,284,139,41,209,0
123,324,164,33,169,0
124,216,148,108,249,0
124,211,143,42,226,0
124,590,182,37,104,0
124,515,190,34,122,0
124,444,160,46,158,0
124,346,135,60,228,0
124,291,138,44,210,0
124,405,170,43,155,0
124,323,167,31,174,0
124,523,208,29,109,0
125,244,147,82,244,0
125,212,149,63,223,0
125,447,166,42,152,0
125,353,133,65,228,0
125,593,181,38,106,0
125,411,178,41,142,0
125,511,194,34,116,0
125,320,164,42,173,0
125,532,239,21,76,0
126,212,146,78,235,0
126,270,146,66,243,0
126,356,134,75,231,0
126,595,182,33,102,0
126,450,166,37,142,0
126,511,192,31,113,0
126,412,167,50,154,0
126,320,164,36,174,0
126,312,150,36,187,0
126,264,145,217,205,0
127,226,149,67,230,0
127,284,142,62,246,0
127,363,135,78,230,0
127,597,183,33,102,0
127,451,164,44,154,0
127,511,189,31,118,0
127,540,238,28,77,0
127,332,165,38,169,0
127,415,171,46,142,0
127,328,142,147,207,0
128,243,151,54,219,0
128,292,147,63,240,0
128,366,136,69,227,0
128,600,180,32,103,0
128,541,240,34,76,0
128,511,187,31,119,0
128,452,166,45,155,0
128,421,170,39,140,0
128,341,169,35,153,0
129,255,152,49,216,0
129,298,151,72,240,0
129,378,136,60,222,0
129,545,243,32,75,0
129,452,162,50,158,0
129,602,182,29,99,0
129,512,189,30,118,0
129,347,172,37,150,0
130,300,153,71,234,0
130,381,133,58,224,0
130,264,152,50,216,0
130,462,162,41,154,0
130,509,191,34,119,0
130,604,185,30,94,0
130,553,240,26,71,0
130,429,165,36,144,0
131,274,152,67,226,0
131,321,150,59,227,0
131,384,133,58,220,0
131,507,187,35,124,0
131,467,165,41,150,0
131,555,234,30,87,0
131,607,179,29,99,0
131,315,149,38,226,0
132,276,155,62,213,0
132,390,137,58,218,0
132,331,148,58,225,0
132,560,236,26,80,0
132,507,191,38,120,0
132,610,178,28,102,0
132,463,169,52,148,0
132,441,184,35,130,0
132,445,181,52,134,0
133,278,158,64,211,0
133,339,157,59,221,0
133,564,242,25,78,0
133,395,137,55,213,0
133,509,190,38,122,0
133,609,182,29,97,0
133,470,170,44,139,0
133,440,195,38,114,0
134,296,158,52,206,0
134,342,148,74,229,0
134,400,140,56,206,0
134,568,244,26,76,0
134,470,169,46,145,0
134,512,185,35,128,0
134,608,185,31,91,0
134,39,234,27,100,0
134,313,146,148,221,0
135,347,154,76,220,0
135,307,156,45,203,0
135,407,144,54,193,0
135,572,238,23,80,0
135,477,171,41,140,0
135,328,150,132,215,0
135,609,184,30,94,0
135,39,236,27,98,0
135,513,184,34,128,0
135,453,198,27,112,0
136,355,152,69,220,0
136,311,157,47,201,0
136,412,143,55,201,0
136,477,171,42,141,0
136,574,244,27,77,0
136,612,184,27,91,0
136,518,185,26,124,0
136,307,152,141,218,0
137,368,149,62,222,0
137,317,156,65,205,0
137,575,236,27,84,0
137,424,141,57,198,0
137,517,189,29,118,0
137,478,168,38,138,0
137,613,186,26,89,0
138,379,155,58,210,0
138,326,159,62,195,0
138,518,190,29,119,0
138,422,148,59,193,0
138,577,240,26,77,0
138,481,168,37,137,0
138,613,183,26,90,0
138,304,155,152,204,0
139,384,153,61,210,0
139,327,157,61,197,0
139,518,196,36,115,0
139,426,146,55,188,0
139,618,184,21,94,0
139,480,172,40,137,0
139,580,231,22,81,0
140,578,238,25,84,0
140,333,157,53,201,0
140,390,154,66,215,0
140,433,148,55,185,0
140,481,175,47,137,0
140,522,194,38,119,0
140,621,188,17,89,0
140,416,153,54,195,0
141,342,160,48,196,0
141,576,238,26,84,0
141,392,157,74,204,0
141,485,175,43,134,0
141,525,198,35,116,0
141,442,148,44,187,0
141,623,187,16,88,0
142,571,238,32,83,0
142,350,159,50,192,0
142,402,157,65,207,0
142,446,150,44,177,0
142,526,212,33,98,0
142,388,154,56,189,0
142,491,174,37,136,0
142,624,188,15,84,0
142,388,155,28,177,0
143,568,238,37,83,0
143,354,161,57,189,0
143,413,161,62,199,0
143,526,207,36,102,0
143,441,149,42,185,0
143,626,188,13,84,0
144,358,162,60,186,0
144,566,238,40,85,0
144,419,159,64,197,0
144,499,172,35,135,0
144,529,218,34,92,0
144,391,156,44,163,0
144,441,151,52,171,0
145,564,237,41,87,0
145,361,161,54,186,0
145,425,161,66,193,0
145,501,174,43,130,0
145,400,156,42,168,0
145,414,159,55,186,0
145,390,158,37,176,0
146,366,165,52,181,0
146,432,158,64,196,0
146,564,245,38,79,0
146,507,174,46,132,0
146,406,160,35,177,0
146,525,223,33,87,0
147,371,167,49,176,0
147,436,162,68,191,0
147,560,240,40,86,0
147,408,165,43,153,0
147,511,177,47,133,0
147,559,209,20,47,0
147,389,165,136,179,0
148,442,157,60,198,0
148,373,164,47,177,0
148,561,238,40,89,0
148,407,162,48,163,0
148,512,177,50,135,0
148,560,210,18,46,0
148,383,163,52,174,0
149,451,155,59,193,0
149,377,161,39,179,0
149,561,239,38,87,0
149,413,159,44,168,0
149,515,179,41,131,0
149,560,211,19,45,0
150,454,152,60,200,0
150,379,164,38,176,0
150,560,237,37,88,0
150,520,173,40,139,0
150,414,159,49,172,0
150,420,156,113,186,0
151,457,157,60,189,0
151,381,166,45,173,0
151,564,241,32,84,0
151,421,163,46,156,0
151,530,239,30,70,0
151,522,180,37,118,0
151,394,156,138,182,0
152,460,157,60,186,0
152,385,163,43,176,0
152,565,241,33,82,0
152,529,239,32,71,0
152,426,154,43,169,0
152,522,189,41,110,0
153,464,159,61,187,0
153,564,241,35,83,0
153,388,164,43,178,0
153,429,157,40,169,0
153,525,187,38,111,0
153,530,177,30,84,0
153,531,239,30,72,0
154,465,158,63,189,0
154,389,168,44,173,0
154,564,238,34,84,0
154,527,230,37,76,0
154,533,177,27,69,0
154,524,193,42,102,0
154,430,156,46,168,0
155,469,159,59,182,0
155,394,169,44,167,0
155,564,240,35,83,0
155,528,224,35,86,0
155,433,163,39,153,0
155,526,198,42,103,0
156,474,160,56,181,0
156,400,170,45,164,0
156,564,240,34,83,0
156,439,165,39,156,0
156,527,222,39,88,0
156,535,191,36,109,0
157,475,161,56,181,0
157,403,175,46,158,0
157,563,239,33,85,0
157,524,219,41,90,0
157,440,165,41,154,0
157,539,182,39,116,0
158,478,161,58,179,0
158,403,174,50,159,0
158,562,239,34,85,0
158,439,163,41,155,0
158,546,182,40,123,0
158,527,211,36,97,0
159,482,162,53,177,0
159,405,176,52,157,0
159,562,239,34,85,0
159,539,187,44,117,0
159,440,162,48,153,0
159,527,215,38,92,0
159,549,198,43,117,0
160,481,161,56,177,0
160,405,175,51,158,0
160,552,181,40,137,0
160,443,166,43,147,0
160,527,208,34,96,0
161,483,163,53,172,0
161,558,234,36,90,0
161,410,175,47,155,0
161,392,177,45,149,0
161,557,176,33,84,0
161,528,210,33,96,0
161,443,162,45,161,0
161,419,171,53,157,0
161,541,201,50,111,0
162,557,238,35,86,0
162,484,163,54,168,0
162,392,180,42,139,0
162,419,172,40,151,0
162,529,207,31,98,0
162,450,166,38,146,0
162,561,179,34,78,0
162,557,181,40,114,0
163,484,164,52,165,0
163,391,178,43,142,0
163,556,238,37,86,0
163,423,170,39,152,0
163,444,167,41,151,0
163,528,202,32,106,0
164,485,165,51,165,0
164,559,177,39,141,0
164,390,181,41,138,0
164,426,173,38,151,0
164,531,183,30,122,0
164,447,169,37,146,0
165,485,164,51,168,0
165,390,181,38,140,0
165,428,175,40,152,0
165,530,191,30,118,0
165,559,181,41,134,0
165,555,250,35,75,0
165,40,225,26,114,0
165,443,173,37,146,0
166,483,168,53,164,0
166,389,178,40,144,0
166,531,183,31,130,0
166,429,178,42,149,0
166,40,230,26,111,0
166,443,175,38,145,0
166,567,182,35,122,0
166,557,243,30,79,0
167,389,178,39,143,0
167,483,170,51,163,0
167,435,175,45,149,0
167,572,179,27,112,0
167,534,180,31,133,0
167,40,232,26,107,0
168,389,180,39,144,0
168,437,174,44,151,0
168,484,174,50,152,0
168,39,229,28,109,0
168,535,183,31,126,0
169,387,178,40,147,0
169,440,172,43,154,0
169,483,176,50,148,0
169,535,180,31,130,0
169,576,177,40,119,0
170,386,177,41,149,0
170,442,174,45,148,0
170,487,173,48,151,0
170,535,182,37,129,0
170,580,175,35,118,0
171,384,173,43,152,0
171,448,175,43,146,0
171,486,178,47,142,0
171,580,179,35,108,0
171,542,184,38,133,0
171,40,232,26,103,0
172,451,173,43,145,0
172,384,170,43,155,0
172,487,178,47,144,0
172,581,181,35,107,0
172,531,182,30,122,0
172,542,185,40,128,0
172,496,165,26,36,0
173,383,169,44,160,0
173,452,174,42,144,0
173,491,174,42,150,0
173,532,186,39,120,0
173,40,231,26,103,0
173,497,165,27,38,0
173,587,181,25,102,0
174,380,170,45,160,0
174,454,174,41,146,0
174,493,175,45,148,0
174,550,189,42,132,0
174,584,197,26,88,0
174,538,186,40,126,0
175,380,170,45,161,0
175,456,174,40,146,0
175,492,178,46,141,0
176,377,168,47,163,0
176,461,175,38,147,0
176,494,180,47,140,0
176,557,178,40,143,0
176,592,178,29,110,0
176,39,229,26,108,0
177,375,168,48,164,0
177,462,174,39,143,0
177,496,178,45,141,0
177,40,227,26,109,0
177,579,181,38,123,0
178,371,162,53,171,0
178,465,174,39,141,0
178,499,178,45,139,0
178,566,178,49,140,0
178,39,227,26,109,0
179,369,164,54,170,0
179,466,178,38,135,0
179,500,180,46,134,0
179,571,181,39,139,0
179,39,227,26,106,0
180,370,163,53,174,0
180,467,179,42,133,0
180,503,181,44,134,0
180,577,174,37,136,0
180,38,230,26,101,0
180,0,341,45,91,0
181,368,165,53,174,0
181,471,182,41,127,0
181,508,180,42,130,0
181,38,226,27,109,0
181,5,228,42,220,0
181,583,178,36,136,0
182,369,165,53,175,0
182,508,177,45,136,0
182,584,171,40,149,0
182,474,180,42,130,0
182,38,225,28,106,0
182,521,178,28,126,0
183,368,163,52,177,0
183,509,185,47,128,0
183,477,182,42,129,0
183,0,103,42,241,0
183,581,181,40,138,0
183,565,181,39,128,0
184,1,102,67,323,0
184,366,161,52,179,0
184,514,181,45,130,0
184,482,178,40,132,0
184,583,174,42,143,0
185,364,158,55,185,0
185,10,105,78,324,0
185,485,181,40,127,0
185,514,182,48,130,0
185,585,173,47,150,0
186,363,160,54,188,0
186,15,116,99,315,0
186,484,185,44,121,0
186,521,184,43,126,0
186,591,173,42,154,0
186,560,188,34,108,0
187,11,117,113,317,0
187,359,159,54,190,0
187,526,184,41,123,0
187,487,186,45,123,0
187,592,175,41,155,0
188,357,161,56,187,0
188,30,122,105,307,0
188,528,185,39,121,0
188,493,184,37,125,0
188,595,189,41,121,0
189,351,160,60,192,0
189,70,122,79,280,0
189,531,183,38,121,0
189,495,185,39,118,0
189,604,174,34,132,0
190,345,156,64,197,0
190,97,128,65,271,0
190,534,181,40,128,0
190,498,180,33,126,0
190,608,178,31,115,0
191,344,153,60,199,0
191,116,123,55,268,0
191,498,177,31,131,0
191,538,184,42,123,0
191,610,178,29,134,0
192,120,129,69,270,0
192,343,153,58,202,0
192,540,183,38,120,0
192,498,181,35,122,0
192,610,181,29,130,0
192,573,189,27,103,0
193,118,134,83,261,0
193,343,152,58,210,0
193,498,182,34,123,0
193,542,183,37,121,0
193,613,177,26,135,0
193,560,180,27,114,0
194,124,139,93,257,0
194,338,157,63,209,0
194,546,182,38,123,0
194,499,188,34,114,0
195,156,140,67,239,0
195,333,155,65,211,0
195,548,182,40,122,0
195,504,186,32,117,0
196,172,130,57,249,0
196,329,153,64,213,0
196,550,186,43,120,0
196,510,184,30,117,0
197,182,136,50,241,0
197,326,146,63,217,0
197,553,187,39,118,0
197,511,182,33,121,0
198,316,141,72,225,0
198,188,138,59,239,0
198,512,181,38,120,0
198,555,185,39,116,0
198,604,200,21,79,0
198,589,193,24,89,0
199,313,148,70,223,0
199,196,144,68,227,0
199,515,186,36,113,0
199,560,189,36,110,0
199,578,183,24,107,0
199,587,186,26,98,0
200,200,148,64,226,0
200,305,144,72,224,0
200,517,183,34,118,0
200,562,179,42,124,0
201,301,143,72,231,0
201,205,146,71,225,0
201,563,181,44,117,0
201,522,178,31,119,0
201,604,198,25,86,0
202,294,142,74,237,0
202,221,151,61,213,0
202,523,177,31,123,0
202,563,184,45,114,0
202,210,148,129,223,0
203,290,134,72,242,0
203,243,144,44,214,0
203,525,177,32,122,0
203,565,187,42,111,0
203,583,182,36,105,0
204,286,137,69,243,0
204,568,187,46,110,0
204,529,182,34,116,0
204,252,144,43,222,0
204,582,182,39,110,0
205,275,131,79,250,0
205,530,182,40,117,0
205,568,182,42,114,0
205,594,180,31,110,0
205,413,200,22,87,0
206,270,137,78,250,0
206,533,184,37,114,0
206,570,180,41,116,0
206,415,198,27,88,0
206,587,177,34,119,0
207,263,133,79,259,0
207,537,185,34,111,0
207,581,181,41,117,0
208,260,137,78,252,0
208,541,185,35,111,0
208,582,183,37,112,0
208,595,182,32,108,0
209,256,131,75,262,0
209,582,186,39,108,0
209,545,188,37,106,0
210,246,129,81,267,0
210,582,187,40,106,0
210,547,186,36,110,0
210,305,152,40,174,0
210,596,185,31,104,0
210,40,237,22,95,0
211,229,123,88,275,0
211,550,191,35,102,0
211,304,155,46,188,0
211,588,183,40,110,0
212,218,123,94,273,0
212,307,159,52,185,0
212,552,189,36,104,0
212,588,184,38,106,0
213,215,123,91,282,0
213,311,162,55,182,0
213,555,189,34,101,0
213,594,187,36,101,0
214,210,121,90,285,0
214,317,164,52,175,0
214,557,189,33,101,0
214,596,189,35,102,0
214,40,235,23,96,0
214,562,189,70,101,0
215,198,120,89,288,0
215,326,162,47,179,0
215,558,188,33,102,0
215,594,189,37,102,0
216,189,117,87,293,0
216,333,160,45,176,0
216,562,188,33,100,0
216,598,189,35,101,0
217,177,115,91,303,0
217,343,160,38,180,0
217,563,187,31,102,0
217,598,191,37,100,0
218,164,112,98,315,0
218,348,160,42,178,0
218,564,185,28,104,0
218,604,189,34,103,0
218,572,191,27,97,0
219,157,114,97,321,0
219,352,165,44,171,0
219,564,186,26,94,0
219,573,190,28,95,0
220,150,109,95,333,0
220,354,167,51,170,0
220,0,212,37,204,0
220,575,189,30,98,0
220,564,188,25,90,0
220,608,187,29,108,0
221,146,101,90,340,0
221,365,164,47,172,0
221,0,156,68,257,0
221,578,187,31,100,0
221,612,178,23,115,0
222,129,100,99,341,0
222,0,121,86,280,0
222,371,167,42,167,0
222,579,188,31,100,0
222,612,179,23,115,0
223,109,92,108,352,0
223,0,119,96,286,0
223,380,157,38,171,0
223,583,190,29,96,0
223,612,179,23,116,0
224,79,93,127,354,0
224,0,126,98,280,0
224,384,161,40,166,0
224,458,202,34,86,0
224,596,173,43,124,0
224,578,187,28,99,0
225,64,90,138,367,0
225,10,123,72,288,0
225,386,166,45,161,0
225,594,175,44,124,0
226,59,90,143,364,0
226,392,166,43,157,0
226,19,130,65,270,0
226,588,175,51,120,0
226,465,198,28,90,0
227,34,85,158,386,0
227,395,167,48,157,0
227,581,175,40,123,0
227,28,128,65,274,0
227,607,176,28,115,0
228,29,76,125,395,0
228,404,169,43,152,0
228,580,174,34,120,0
228,606,176,31,117,0
229,26,75,115,398,0
229,413,164,40,160,0
229,577,173,32,124,0
229,597,174,40,121,0
229,477,199,26,84,0
229,592,173,27,120,0
230,16,69,126,399,0
230,417,161,40,159,0
230,476,199,34,88,0
230,566,176,39,122,0
230,592,173,35,119,0
231,1,71,150,398,0
231,423,168,40,153,0
231,553,176,57,122,0
231,479,200,32,86,0
232,73,141,84,248,0
232,425,167,43,155,0
232,0,56,104,418,0
232,549,180,52,119,0
232,44,111,120,313,0
232,586,175,29,112,0
233,79,132,82,263,0
233,429,171,45,148,0
233,0,62,84,405,0
233,546,178,51,120,0
233,492,193,23,93,0
233,27,46,47,427,0
234,89,131,72,256,0
234,437,171,37,153,0
234,0,55,64,417,0
234,544,184,33,114,0
234,569,179,46,114,0
234,606,189,31,92,0
235,105,135,63,252,0
235,564,180,52,113,0
235,539,181,32,114,0
235,443,167,36,143,0
235,607,193,31,84,0
235,5,57,51,356,0
235,546,181,37,113,0
236,110,135,65,253,0
236,446,169,40,149,0
236,558,179,46,113,0
236,609,193,28,86,0
236,539,180,27,112,0
236,548,180,77,108,0
236,1,98,29,360,0
237,114,135,78,253,0
237,448,170,39,145,0
237,552,179,36,116,0
237,526,181,39,111,0
237,609,192,26,90,0
237,497,193,28,94,0
237,391,202,25,82,0
237,589,183,32,89,0
237,531,181,97,109,0
238,123,137,88,244,0
238,452,170,44,145,0
238,533,182,44,114,0
238,548,179,32,117,0
238,602,187,28,94,0
238,595,183,27,94,0
238,522,183,43,112,0
238,496,192,28,93,0
239,130,137,84,248,0
239,455,171,45,142,0
239,545,179,32,115,0
239,511,193,45,100,0
239,607,188,27,93,0
239,595,182,26,94,0
239,521,183,50,115,0
240,133,140,82,242,0
240,461,172,44,141,0
240,599,183,23,92,0
240,508,184,41,110,0
240,538,179,36,117,0
240,608,189,25,90,0
241,135,143,77,236,0
241,464,171,42,143,0
241,599,184,24,92,0
241,539,182,33,114,0
241,514,183,32,111,0
241,606,188,26,91,0
241,404,200,25,84,0
241,523,182,44,115,0
242,143,140,73,239,0
242,0,174,73,250,0
242,528,184,47,112,0
242,469,169,40,142,0
242,600,187,23,89,0
242,530,184,27,108,0
242,507,185,32,107,0
242,3,109,45,292,0
243,149,140,69,232,0
243,0,103,84,327,0
243,517,182,45,115,0
243,601,186,24,87,0
243,474,175,39,133,0
244,162,142,66,232,0
244,0,106,88,319,0
244,513,183,37,115,0
244,409,195,32,88,0
244,479,174,41,130,0
244,603,188,24,83,0
244,561,206,17,52,0
245,1,111,88,328,0
245,168,142,61,227,0
245,480,177,43,131,0
245,608,188,22,87,0
245,560,208,16,50,0
245,508,183,36,113,0
245,412,199,34,86,0
246,172,142,58,225,0
246,30,99,75,340,0
246,482,175,43,135,0
246,514,185,30,110,0
246,560,208,16,50,0
246,603,186,21,85,0
246,609,188,22,88,0
247,180,145,56,226,0
247,37,103,87,321,0
247,483,176,45,132,0
247,519,200,30,90,0
247,416,197,30,87,0
247,559,209,16,50,0
247,608,187,23,89,0
248,38,109,139,315,0
248,182,155,63,212,0
248,484,176,45,130,0
248,607,187,23,89,0
248,520,195,27,101,0
248,560,207,15,52,0
249,41,116,144,311,0
249,183,157,68,213,0
249,606,188,24,88,0
249,432,198,22,87,0
249,476,190,26,105,0
250,50,116,136,307,0
250,192,151,63,216,0
250,430,200,29,82,0
250,609,187,23,87,0
250,495,175,47,130,0
250,472,192,30,105,0
250,36,229,27,105,0
251,81,116,109,299,0
251,201,150,56,213,0
251,610,188,25,88,0
251,495,176,46,128,0
251,38,227,26,106,0
251,434,201,30,84,0
251,464,197,38,100,0
252,207,147,54,214,0
252,115,104,77,309,0
252,505,179,38,125,0
252,611,187,26,88,0
252,461,193,43,105,0
252,38,226,27,106,0
253,212,148,53,210,0
253,147,107,58,299,0
253,610,186,26,89,0
253,511,176,36,126,0
253,466,192,42,106,0
254,220,149,52,211,0
254,146,117,81,288,0
254,513,176,41,125,0
254,611,186,25,87,0
254,473,194,38,99,0
254,461,193,37,101,0
254,456,194,27,101,0
255,145,122,112,292,0
255,222,145,66,214,0
255,511,174,40,123,0
255,610,186,27,89,0
255,453,193,30,98,0
255,461,192,40,103,0
255,29,209,39,126,0
255,66,137,249,261,0
256,145,124,116,290,0
256,231,152,61,200,0
256,516,177,35,120,0
256,611,187,26,87,0
256,459,191,35,105,0
256,38,233,25,98,0
256,449,191,34,103,0
257,168,125,100,275,0
257,236,153,59,207,0
257,461,194,29,99,0
257,445,194,28,95,0
257,516,177,35,113,0
257,448,194,36,100,0
257,612,182,26,94,0
257,39,236,24,95,0
258,196,125,66,272,0
258,246,153,40,193,0
258,523,180,34,120,0
258,38,232,25,98,0
258,211,134,66,242,0
258,440,198,34,95,0
258,618,175,21,100,0
259,224,129,52,261,0
259,247,151,40,216,0
259,527,180,33,120,0
259,37,230,27,99,0
259,618,164,21,118,0
259,439,201,25,89,0
259,459,193,29,102,0
260,226,131,61,256,0
260,437,200,23,91,0
260,529,181,31,120,0
260,616,164,23,115,0
260,37,232,27,97,0
261,231,132,84,253,0
261,616,169,23,130,0
261,532,183,30,115,0
261,435,197,23,94,0
261,38,225,27,106,0
261,451,195,25,91,0
261,457,196,27,91,0
262,233,134,93,249,0
262,536,179,37,118,0
262,431,196,26,95,0
262,615,166,24,133,0
262,434,195,37,96,0
262,449,194,27,92,0
