1,453,176,22,94,1
1,487,186,26,76,1
1,153,190,24,78,1
1,181,189,24,77,1
1,207,185,16,67,1
1,531,187,13,45,1
1,233,185,23,76,1
1,367,183,10,37,1
1,227,183,22,78,1
2,484,187,25,77,1
2,452,178,23,91,1
2,148,190,25,79,1
2,363,183,10,36,1
2,217,184,25,79,1
2,176,190,23,76,1
2,203,186,17,69,1
2,184,189,23,76,1
2,403,185,9,35,1
2,385,187,13,40,1
3,479,190,23,75,1
3,450,180,23,99,1
3,143,189,24,79,1
3,214,186,28,82,1
3,522,191,15,45,1
3,200,187,15,72,1
3,359,185,11,36,1
3,380,189,12,34,1
3,173,193,17,75,1
4,475,192,23,74,1
4,450,181,25,99,1
4,140,192,24,79,1
4,210,188,28,81,1
4,168,195,20,73,1
4,394,188,12,43,1
4,358,187,9,37,1
4,196,188,17,70,1
4,378,192,13,41,1
4,521,193,14,45,1
5,139,192,24,79,1
5,451,178,27,104,1
5,477,191,20,73,1
5,210,189,26,81,1
5,392,189,13,44,1
5,168,196,18,72,1
5,357,187,10,37,1
5,194,189,20,76,1
5,377,192,12,42,1
5,521,193,14,45,1
5,180,193,19,74,1
5,305,187,12,48,1
6,137,191,25,80,1
6,209,187,26,88,1
6,453,178,31,106,1
6,193,189,18,73,1
6,356,188,10,36,1
6,391,189,13,42,1
6,164,197,21,70,1
6,477,192,17,71,1
6,179,188,19,79,1
6,377,192,11,41,1
6,521,195,15,42,1
7,135,191,23,81,1
7,456,180,30,108,1
7,206,187,27,89,1
7,163,197,20,71,1
7,191,189,19,79,1
7,355,188,10,36,1
7,388,190,15,41,1
7,179,188,20,79,1
7,520,193,14,46,1
7,375,192,13,42,1
8,456,180,33,109,1
8,130,191,23,80,1
8,201,186,26,93,1
8,157,193,21,74,1
8,350,186,12,36,1
8,185,189,20,77,1
8,386,187,13,43,1
8,518,193,13,46,1
8,174,190,21,78,1
9,455,182,31,109,1
9,125,193,26,78,1
9,196,187,25,91,1
9,381,188,14,41,1
9,154,195,22,72,1
9,179,189,22,79,1
9,348,188,10,35,1
9,514,195,14,45,1
9,258,191,12,32,1
9,369,191,12,38,1
10,452,185,29,111,1
10,117,196,24,82,1
10,187,195,27,93,1
10,146,198,20,76,1
10,377,192,13,40,1
10,509,198,13,46,1
10,343,191,9,37,1
10,364,195,13,38,1
10,252,196,12,32,1
11,449,187,29,112,1
11,111,196,25,79,1
11,183,194,26,94,1
11,370,194,14,40,1
11,504,199,14,45,1
11,358,194,14,42,1
11,505,199,12,19,1
11,337,193,10,33,1
11,152,204,21,66,1
12,441,184,33,122,1
12,174,195,28,99,1
12,102,198,23,82,1
12,497,199,15,46,1
12,366,195,13,45,1
12,331,194,10,37,1
12,351,198,12,41,1
12,131,203,20,75,1
13,435,185,28,116,1
13,156,196,29,103,1
13,86,199,23,82,1
13,485,202,15,45,1
13,351,195,15,44,1
13,425,197,17,74,1
13,486,202,14,17,1
13,319,194,9,32,1
13,119,204,18,73,1
14,140,194,30,105,1
14,427,187,26,120,1
14,70,199,28,83,1
14,410,198,20,74,1
14,101,203,22,77,1
14,325,198,12,45,1
14,471,202,14,44,1
14,307,194,12,37,1
14,338,194,14,47,1
14,472,201,13,17,1
14,109,204,24,74,1
15,418,190,29,122,1
15,124,192,31,111,1
15,397,198,22,72,1
15,55,198,27,84,1
15,328,196,13,44,1
15,87,202,21,75,1
15,296,195,11,35,1
15,461,203,14,44,1
15,313,198,16,44,1
16,414,191,29,124,1
16,111,191,35,114,1
16,388,200,24,70,1
16,46,200,27,86,1
16,79,202,20,79,1
16,455,204,14,47,1
16,321,199,12,43,1
16,290,197,11,37,1
16,306,200,15,44,1
17,408,195,31,125,1
17,99,195,39,116,1
17,381,202,23,72,1
17,36,201,28,87,1
17,70,206,21,77,1
17,283,200,11,35,1
17,315,199,12,42,1
17,447,206,15,49,1
18,407,193,31,132,1
18,373,204,24,73,1
18,26,201,28,89,1
18,86,198,39,117,1
18,60,208,19,79,1
18,306,200,14,46,1
18,292,204,11,40,1
18,278,202,11,36,1
18,441,207,16,46,1
19,407,192,32,132,1
19,370,206,21,71,1
19,21,203,26,90,1
19,55,210,19,76,1
19,274,201,10,38,1
19,303,200,15,50,1
19,81,202,35,114,1
19,104,201,21,74,1
19,440,208,13,45,1
20,406,189,34,136,1
20,364,201,22,71,1
20,13,203,28,89,1
20,68,194,38,129,1
20,47,208,18,76,1
20,98,200,19,77,1
20,298,199,16,47,1
20,437,201,13,52,1
20,268,198,10,38,1
20,286,202,13,45,1
21,406,188,38,137,1
21,360,198,22,73,1
21,7,202,28,89,1
21,59,194,40,128,1
21,89,197,24,85,1
21,40,207,23,72,1
21,267,197,9,38,1
21,294,197,13,47,1
22,405,186,37,138,1
22,356,197,21,71,1
22,35,207,21,69,1
22,85,197,26,83,1
22,2,203,28,87,1
22,54,193,39,130,1
22,296,194,13,48,1
22,265,196,10,36,1
23,406,186,39,144,1
23,351,196,22,71,1
23,45,193,39,139,1
23,78,198,25,83,1
23,26,207,21,66,1
23,261,196,9,37,1
23,0,203,20,91,1
23,287,195,13,46,1
23,297,195,11,45,1
24,407,183,38,148,1
24,346,196,22,74,1
24,37,195,40,138,1
24,73,197,26,87,1
24,22,204,21,69,1
24,285,195,16,46,1
24,0,204,14,87,1
24,258,195,9,36,1
25,409,182,38,154,1
25,342,196,22,73,1
25,22,198,47,140,1
25,65,198,26,84,1
25,280,195,14,46,1
26,410,179,38,159,1
26,337,197,21,72,1
26,12,192,48,151,1
26,57,197,29,86,1
26,290,196,12,42,1
26,277,196,16,44,1
27,411,177,36,163,1
27,333,195,21,73,1
27,52,196,29,81,1
27,6,190,42,152,1
27,271,196,13,43,1
27,285,194,13,44,1
27,150,197,13,34,1
27,249,193,9,39,1
27,39,198,23,84,1
27,590,138,43,144,1
28,412,176,38,167,1
28,325,191,23,74,1
28,41,194,25,86,1
28,20,197,26,90,1
28,57,191,20,80,1
28,281,191,13,43,1
28,2,186,24,159,1
28,267,192,11,43,1
29,412,174,41,175,1
29,322,190,21,73,1
29,34,194,27,85,1
29,50,190,21,78,1
29,264,191,14,44,1
29,279,190,14,45,1
30,415,174,43,181,1
30,317,193,22,71,1
30,27,195,27,88,1
30,277,190,15,46,1
30,4,206,28,79,1
30,47,192,19,78,1
30,260,194,11,42,1
30,40,193,23,83,1
30,207,193,9,26,1
31,419,173,43,183,1
31,315,193,22,72,1
31,23,195,28,91,1
31,275,193,15,45,1
31,44,195,19,74,1
31,258,192,14,46,1
31,206,192,9,32,1
32,425,168,47,198,1
32,313,192,23,71,1
32,22,195,29,91,1
32,44,194,17,79,1
32,0,200,23,86,1
32,277,192,15,45,1
32,258,191,14,47,1
32,239,193,12,45,1
32,39,191,19,83,1
33,432,165,50,201,1
33,311,191,22,72,1
33,38,195,22,76,1
33,17,193,28,93,1
33,255,190,15,50,1
33,277,190,15,46,1
33,0,200,21,85,1
33,239,192,12,45,1
33,408,194,14,49,1
33,206,196,10,24,1
33,591,127,44,162,1
34,434,165,59,205,1
34,308,190,23,71,1
34,254,188,15,49,1
34,36,194,22,74,1
34,13,192,29,91,1
34,277,187,14,47,1
34,237,190,14,47,1
34,590,128,47,156,1
34,408,192,11,49,1
34,203,191,10,27,1
34,30,192,17,75,1
35,442,164,71,213,1
35,305,189,23,72,1
35,34,193,21,76,1
35,11,190,30,90,1
35,254,185,13,49,1
35,235,187,15,49,1
35,276,185,14,47,1
35,8,194,8,87,1
35,203,191,10,27,1
35,407,190,13,47,1
35,1,196,16,86,1
36,445,161,68,227,1
36,304,189,23,72,1
36,31,191,23,73,1
36,253,185,14,50,1
36,3,191,34,90,1
36,276,185,13,47,1
36,234,186,14,51,1
36,596,121,42,161,1
36,406,189,13,48,1
36,168,192,17,44,1
36,408,188,12,23,1
37,450,158,66,234,1
37,301,189,24,71,1
37,4,192,32,90,1
37,30,192,25,73,1
37,275,185,15,48,1
37,253,185,13,50,1
37,235,187,11,46,1
37,408,188,10,51,1
37,20,191,23,78,1
37,163,191,13,49,1
37,37,193,18,60,1
37,204,191,9,27,1
38,462,154,67,252,1
38,298,189,22,72,1
38,27,191,25,73,1
38,250,187,13,49,1
38,2,193,24,89,1
38,274,187,14,48,1
38,233,188,11,50,1
38,407,192,10,22,1
38,19,186,24,83,1
38,11,189,25,87,1
38,407,192,11,50,1
39,473,155,60,265,1
39,295,189,23,73,1
39,273,187,14,50,1
39,244,187,18,51,1
39,25,190,25,73,1
39,14,187,24,86,1
39,0,192,20,91,1
39,231,189,14,48,1
39,199,192,9,26,1
39,405,193,13,52,1
40,484,154,60,278,1
40,292,189,23,76,1
40,244,187,16,50,1
40,23,187,24,71,1
40,272,186,14,51,1
40,4,185,28,89,1
40,229,188,15,49,1
40,155,186,14,55,1
40,170,189,12,39,1
40,197,193,9,26,1
40,7,185,12,89,1
40,405,192,11,24,1
41,492,151,59,298,1
41,291,190,21,71,1
41,271,183,15,53,1
41,23,186,23,68,1
41,244,185,15,50,1
41,2,184,29,86,1
41,152,185,16,55,1
41,228,188,11,48,1
41,171,189,11,37,1
41,611,286,27,109,1
41,197,189,9,29,1
41,405,191,13,50,1
42,499,150,73,304,1
42,288,189,23,71,1
42,270,184,15,51,1
42,18,183,25,75,1
42,1,181,25,88,1
42,227,184,11,50,1
42,243,185,13,48,1
42,170,187,11,38,1
42,149,181,15,55,1
42,403,191,14,48,1
43,509,148,85,325,1
43,286,186,22,72,1
43,270,182,15,52,1
43,226,185,12,48,1
43,0,178,23,91,1
43,242,185,14,48,1
43,18,186,22,74,1
43,403,185,13,54,1
43,144,180,14,32,1
44,516,147,81,331,1
44,284,185,22,73,1
44,269,181,15,54,1
44,240,183,15,51,1
44,226,185,15,48,1
44,0,175,22,94,1
44,402,189,14,50,1
44,611,134,28,263,1
45,539,137,78,337,1
45,283,185,22,73,1
45,270,181,14,54,1
45,241,183,13,50,1
45,224,184,16,51,1
45,141,182,15,30,1
45,403,189,15,51,1
46,553,130,79,340,1
46,283,186,22,74,1
46,272,182,13,49,1
46,243,184,13,48,1
46,406,189,13,50,1
46,195,183,9,31,1
46,225,183,12,48,1
47,570,124,68,353,1
47,283,185,22,74,1
47,243,182,14,47,1
47,408,187,14,50,1
47,228,181,11,48,1
47,274,181,14,50,1
47,141,180,19,30,1
47,197,181,8,32,1
48,594,131,44,341,1
48,280,179,23,74,1
48,242,178,14,48,1
48,408,183,15,51,1
48,228,176,10,32,1
48,178,177,10,39,1
49,277,175,25,76,1
49,596,174,42,244,1
49,242,176,15,50,1
49,227,176,12,50,1
49,197,175,8,32,1
50,277,172,23,75,1
50,600,165,39,225,1
50,240,174,17,51,1
50,410,178,15,52,1
50,227,175,13,50,1
51,275,171,23,78,1
51,594,158,44,237,1
51,239,175,15,48,1
51,410,178,15,54,1
51,411,178,13,25,1
52,579,161,58,232,1
52,274,170,23,80,1
52,410,177,15,52,1
52,235,174,16,49,1
52,241,175,14,48,1
52,197,172,8,33,1
53,563,163,76,234,1
53,272,173,21,76,1
53,410,177,15,53,1
53,234,175,17,49,1
53,243,176,14,46,1
54,558,169,80,232,1
54,271,171,22,77,1
54,233,173,17,51,1
54,410,178,15,53,1
54,246,177,11,42,1
55,562,171,75,226,1
55,270,168,21,79,1
55,410,176,15,54,1
55,234,171,15,51,1
55,221,172,16,52,1
55,246,175,11,42,1
55,120,168,15,34,1
56,565,166,73,231,1
56,268,168,22,78,1
56,235,170,15,50,1
56,221,173,17,50,1
56,409,177,16,52,1
56,12,176,18,38,1
56,99,172,12,42,1
56,245,173,12,40,1
56,410,176,15,27,1
57,571,164,63,238,1
57,268,170,23,77,1
57,233,170,16,52,1
57,221,172,18,51,1
57,247,174,11,42,1
57,412,176,15,52,1
57,13,178,17,55,1
58,577,161,51,240,1
58,269,170,25,76,1
58,15,178,19,63,1
58,232,173,14,50,1
58,247,173,13,47,1
58,416,177,16,54,1
58,223,174,14,49,1
59,577,162,52,240,1
59,20,182,18,61,1
59,270,177,23,73,1
59,229,175,19,51,1
59,100,178,15,40,1
59,251,179,12,36,1
60,563,162,71,251,1
60,275,177,22,71,1
60,26,179,19,62,1
60,106,175,15,42,1
61,568,166,71,247,1
61,41,182,17,61,1
61,285,175,20,71,1
61,250,174,14,51,1
61,301,169,15,62,1
61,268,177,14,40,1
61,437,175,15,54,1
61,9,183,16,42,1
61,119,174,15,43,1
61,133,176,13,31,1
61,215,175,10,34,1
62,574,163,65,236,1
62,288,172,20,73,1
62,304,166,16,64,1
62,45,180,18,60,1
62,274,176,12,37,1
62,138,173,13,32,1
62,250,172,15,48,1
63,588,162,51,228,1
63,313,162,15,63,1
63,294,171,20,71,1
63,52,176,18,57,1
63,256,169,14,52,1
63,452,173,16,54,1
63,144,171,14,31,1
63,280,172,12,37,1
63,24,177,15,44,1
64,596,153,42,243,1
64,317,163,15,63,1
64,298,171,20,71,1
64,58,176,18,57,1
64,456,170,16,56,1
64,261,169,13,51,1
64,286,173,11,41,1
64,0,174,28,91,1
64,151,170,13,30,1
65,597,148,42,248,1
65,322,161,17,63,1
65,302,170,22,70,1
65,64,174,18,59,1
65,1,172,31,94,1
65,263,168,15,50,1
65,461,168,16,58,1
65,291,171,12,39,1
65,140,170,13,44,1
65,156,170,13,30,1
65,35,175,15,45,1
66,592,149,47,249,1
66,74,173,19,59,1
66,5,170,33,96,1
66,330,161,16,63,1
66,310,168,21,72,1
66,299,170,11,34,1
66,471,167,16,59,1
66,271,167,14,44,1
66,164,169,10,31,1
66,43,174,15,45,1
67,581,147,58,246,1
67,335,158,17,66,1
67,79,172,20,59,1
67,8,165,35,98,1
67,314,167,22,70,1
67,274,166,16,50,1
67,478,166,16,59,1
67,48,170,15,46,1
68,581,152,58,238,1
68,11,159,35,102,1
68,340,155,19,66,1
68,85,168,19,59,1
68,318,167,23,67,1
68,156,166,14,43,1
68,483,164,16,61,1
69,590,152,49,240,1
69,14,156,35,103,1
69,344,152,18,66,1
69,88,165,18,58,1
69,321,162,22,70,1
69,488,161,17,61,1
69,283,160,14,46,1
69,159,164,16,38,1
70,597,146,42,248,1
70,346,152,19,66,1
70,14,154,35,102,1
70,91,162,18,59,1
70,321,162,23,69,1
70,491,160,18,60,1
71,603,141,36,254,1
71,16,156,37,103,1
71,350,150,19,68,1
71,96,160,17,58,1
71,325,162,21,68,1
71,182,156,14,33,1
71,285,157,17,51,1
72,18,156,36,103,1
72,610,136,29,258,1
72,353,150,20,70,1
72,99,163,16,57,1
72,326,161,21,68,1
72,499,158,17,60,1
73,611,140,27,260,1
73,17,157,37,106,1
73,358,152,19,70,1
73,104,165,14,56,1
73,326,162,22,70,1
73,291,159,17,47,1
73,188,161,16,32,1
74,22,161,37,104,1
74,362,151,20,71,1
74,107,166,15,53,1
74,605,138,34,252,1
74,330,160,22,71,1
74,292,160,16,51,1
74,195,162,13,32,1
75,24,159,34,104,1
75,599,148,40,237,1
75,366,151,19,72,1
75,110,167,17,53,1
75,332,161,22,70,1
75,295,158,17,53,1
75,198,161,14,31,1
75,0,176,15,81,1
76,23,158,34,105,1
76,598,150,41,233,1
76,333,157,24,72,1
76,370,151,19,71,1
76,112,163,16,53,1
76,0,173,19,84,1
76,297,157,15,51,1
76,270,157,16,44,1
76,519,156,17,62,1
76,203,160,14,30,1
76,310,158,11,42,1
77,23,157,35,103,1
77,372,146,19,74,1
77,115,161,17,53,1
77,604,146,32,248,1
77,336,156,21,70,1
77,0,170,17,84,1
77,299,155,14,51,1
77,271,154,17,46,1
77,206,156,13,32,1
78,20,157,34,103,1
78,607,130,32,266,1
78,373,144,20,76,1
78,117,159,15,55,1
78,338,153,20,70,1
78,208,154,15,31,1
78,299,153,14,51,1
78,524,151,18,65,1
78,0,169,16,79,1
79,17,156,37,105,1
79,599,133,40,265,1
79,374,143,20,77,1
79,336,151,21,72,1
79,116,160,17,55,1
79,0,169,19,86,1
79,299,151,13,54,1
79,176,157,12,45,1
79,210,156,14,31,1
79,525,152,19,64,1
80,14,156,37,106,1
80,584,133,55,266,1
80,373,143,21,78,1
80,335,153,23,72,1
80,116,161,18,54,1
80,0,167,16,89,1
80,526,153,19,63,1
80,310,154,14,43,1
80,213,157,12,30,1
81,563,138,76,268,1
81,4,155,39,107,1
81,371,143,21,80,1
81,111,161,17,55,1
81,332,152,21,74,1
81,270,154,17,48,1
81,524,155,18,64,1
81,309,156,12,42,1
81,171,159,17,47,1
82,557,141,82,268,1
82,2,155,34,110,1
82,368,143,22,81,1
82,327,155,23,73,1
82,109,163,16,54,1
82,166,157,16,51,1
82,305,155,14,43,1
83,555,142,83,274,1
83,364,145,23,81,1
83,0,163,25,101,1
83,320,154,22,72,1
83,102,161,17,55,1
83,298,156,14,42,1
83,516,155,18,63,1
83,285,152,14,54,1
83,518,153,17,33,1
83,161,155,15,52,1
83,201,154,15,59,1
84,551,138,79,272,1
84,360,144,23,83,1
84,315,153,23,71,1
84,98,159,16,55,1
84,198,153,16,61,1
84,279,152,17,55,1
84,295,155,14,42,1
84,56,160,14,46,1
84,512,153,20,66,1
84,256,151,18,50,1
84,0,165,17,105,1
85,549,137,65,264,1
85,356,143,23,83,1
85,309,153,22,71,1
85,91,159,16,56,1
85,275,152,17,54,1
85,249,150,17,53,1
85,192,154,16,61,1
85,291,155,13,43,1
85,509,151,19,33,1
85,507,153,20,66,1
86,538,134,62,267,1
86,606,115,33,282,1
86,349,142,23,84,1
86,302,152,20,72,1
86,184,155,16,61,1
86,37,163,15,46,1
86,266,152,17,55,1
86,501,151,19,33,1
86,283,156,13,43,1
86,142,158,14,49,1
87,529,131,65,274,1
87,598,115,41,287,1
87,298,155,21,70,1
87,347,141,22,83,1
87,265,155,14,51,1
87,280,156,13,42,1
87,238,152,17,55,1
88,520,138,64,273,1
88,584,123,55,283,1
88,345,142,23,86,1
88,295,154,20,71,1
88,177,156,19,62,1
88,260,154,17,54,1
88,29,164,15,47,1
88,498,151,16,33,1
88,236,159,16,46,1
88,278,157,13,42,1
89,511,137,71,278,1
89,573,128,66,281,1
89,345,143,23,86,1
89,294,152,22,70,1
89,73,163,16,54,1
89,177,155,19,66,1
89,259,153,16,55,1
89,235,156,16,49,1
89,28,164,14,48,1
89,278,157,12,42,1
90,509,140,69,271,1
90,572,129,67,275,1
90,346,138,23,88,1
90,72,158,17,55,1
90,294,152,19,69,1
90,177,152,19,66,1
90,259,150,16,53,1
90,233,152,16,51,1
90,29,160,14,47,1
90,279,154,11,42,1
91,572,125,64,258,1
91,507,132,61,263,1
91,345,136,24,88,1
91,72,153,17,56,1
91,175,144,20,63,1
91,259,145,14,55,1
91,292,148,20,68,1
91,275,147,15,45,1
91,25,155,17,45,1
92,501,125,61,266,1
92,569,117,62,267,1
92,345,133,23,90,1
92,71,152,17,54,1
92,174,144,20,61,1
92,291,148,19,66,1
92,258,147,14,50,1
92,234,146,13,53,1
92,24,153,18,45,1
93,492,126,66,266,1
93,562,116,67,277,1
93,346,131,24,94,1
93,72,150,18,56,1
93,174,143,20,61,1
93,257,141,16,59,1
93,289,147,21,68,1
93,234,143,13,55,1
93,23,152,15,46,1
93,274,142,13,48,1
94,478,128,78,265,1
94,549,117,79,279,1
94,348,130,23,96,1
94,71,151,17,56,1
94,288,151,20,64,1
94,171,142,21,63,1
94,257,143,15,56,1
94,234,146,14,53,1
94,23,152,15,47,1
94,274,144,13,46,1
95,469,134,82,274,1
95,542,126,85,279,1
95,348,135,25,93,1
95,72,151,17,56,1
95,256,147,16,55,1
95,168,139,25,68,1
95,288,151,20,64,1
95,23,152,17,48,1
95,234,149,13,52,1
96,462,140,85,275,1
96,547,134,74,284,1
96,349,138,25,94,1
96,72,150,16,55,1
96,287,150,19,70,1
96,257,149,14,54,1
96,22,150,17,49,1
96,171,144,20,64,1
96,233,151,12,52,1
96,122,149,16,55,1
97,462,142,80,276,1
97,544,137,77,283,1
97,350,139,26,97,1
97,73,146,17,57,1
97,171,144,19,66,1
97,288,150,18,70,1
97,20,149,17,48,1
97,256,149,15,54,1
97,234,148,11,54,1
98,466,139,69,271,1
98,542,135,69,279,1
98,352,139,27,98,1
98,73,144,16,59,1
98,171,143,21,68,1
98,257,149,14,54,1
98,289,151,18,68,1
98,235,150,15,52,1
99,465,135,65,279,1
99,540,133,70,278,1
99,355,139,28,103,1
99,75,147,16,59,1
99,171,145,19,67,1
99,258,149,16,55,1
99,289,154,19,67,1
99,278,149,12,46,1
99,236,151,14,53,1
100,464,134,66,283,1
100,358,140,27,104,1
100,540,131,74,288,1
100,79,152,14,54,1
100,257,152,18,54,1
100,171,146,20,70,1
100,289,156,20,67,1
100,279,153,12,46,1
100,238,152,13,54,1
100,513,158,18,33,1
101,462,141,69,291,1
101,538,141,75,290,1
101,365,142,23,104,1
101,291,160,25,68,1
101,258,156,19,57,1
101,173,161,20,60,1
102,545,141,78,304,1
102,466,149,66,295,1
102,372,147,27,109,1
102,91,158,15,55,1
102,269,159,15,56,1
102,181,155,18,68,1
102,300,162,21,69,1
102,33,160,15,48,1
102,526,167,21,37,1
102,248,158,16,57,1
102,289,158,13,47,1
103,467,157,70,295,1
103,551,147,73,303,1
103,381,150,28,113,1
103,99,158,16,55,1
103,255,159,16,58,1
103,186,156,20,69,1
103,307,166,20,67,1
103,275,161,16,58,1
103,297,160,12,48,1
103,154,155,21,37,1
103,537,170,20,39,1
104,467,159,72,292,1
104,553,148,77,291,1
104,387,151,27,113,1
104,105,159,16,56,1
104,190,157,21,69,1
104,281,161,16,58,1
104,310,166,21,69,1
104,259,161,17,58,1
105,470,153,68,290,1
105,554,146,78,292,1
105,392,151,29,113,1
105,111,160,15,53,1
105,284,160,18,58,1
105,194,163,19,65,1
105,263,162,15,55,1
105,314,165,22,68,1
105,305,161,12,47,1
106,469,152,70,280,1
106,558,137,73,297,1
106,399,148,30,117,1
106,116,161,17,54,1
106,197,160,20,66,1
106,289,160,17,56,1
106,268,161,16,58,1
106,319,165,18,67,1
106,341,164,15,40,1
107,469,149,70,284,1
107,555,138,78,296,1
107,120,162,15,53,1
107,404,145,30,123,1
107,319,164,23,68,1
107,200,161,19,65,1
107,293,161,16,53,1
107,271,158,16,61,1
108,466,150,79,296,1
108,545,138,89,305,1
108,411,146,30,125,1
108,124,162,16,52,1
108,323,165,24,69,1
108,276,161,14,57,1
108,201,159,22,69,1
108,65,157,15,53,1
108,297,163,16,50,1
109,460,153,86,300,1
109,549,145,86,309,1
109,414,146,33,128,1
109,128,161,14,53,1
109,298,161,17,57,1
109,326,165,22,69,1
109,203,159,22,68,1
109,278,160,17,59,1
109,68,157,14,51,1
110,461,156,85,306,1
110,550,146,84,313,1
110,131,161,15,53,1
110,417,147,36,132,1
110,327,165,23,69,1
110,299,161,17,57,1
110,278,160,18,61,1
110,203,158,23,69,1
110,63,156,16,52,1
111,546,150,84,314,1
111,456,156,82,305,1
111,133,158,14,55,1
111,420,150,36,131,1
111,326,165,25,70,1
111,298,162,16,56,1
111,203,160,23,67,1
111,279,161,18,59,1
111,65,155,19,51,1
112,452,157,86,298,1
112,548,148,75,295,1
112,329,163,23,69,1
112,425,148,33,134,1
112,281,160,17,60,1
112,202,155,24,70,1
112,134,156,13,54,1
112,69,152,20,53,1
113,445,154,89,288,1
113,546,140,84,313,1
113,330,163,24,70,1
113,137,156,12,54,1
113,432,146,33,134,1
113,203,153,24,73,1
113,283,160,14,59,1
113,301,160,17,56,1
113,360,164,14,44,1
114,445,153,90,291,1
114,545,141,83,315,1
114,139,158,14,53,1
114,332,164,23,68,1
114,435,139,35,146,1
114,204,152,25,74,1
114,303,162,16,54,1
114,283,160,16,60,1
115,448,152,86,302,1
115,546,142,85,330,1
115,141,154,14,55,1
115,334,162,23,68,1
115,207,152,28,77,1
115,303,160,18,56,1
115,283,155,19,63,1
115,441,140,31,130,1
116,453,154,86,308,1
116,546,147,86,323,1
116,338,162,22,70,1
116,208,150,24,75,1
116,445,141,32,143,1
116,305,161,17,56,1
116,289,159,14,59,1
116,145,153,15,57,1
116,370,163,14,38,1
117,454,151,78,314,1
117,549,147,78,324,1
117,340,159,22,68,1
117,210,147,26,76,1
117,310,157,16,56,1
117,450,141,31,132,1
117,0,158,14,77,1
117,150,151,13,58,1
117,291,158,16,60,1
117,374,163,14,38,1
118,455,147,84,314,1
118,553,140,77,302,1
118,344,155,22,69,1
118,0,149,18,84,1
118,213,145,27,76,1
118,295,155,14,58,1
118,153,149,14,55,1
119,551,135,78,305,1
119,456,141,84,304,1
119,344,154,24,69,1
119,213,143,27,77,1
119,0,147,18,84,1
119,295,152,14,60,1
119,380,157,12,38,1
119,156,146,14,53,1
120,551,129,78,318,1
120,458,143,77,295,1
120,215,142,25,77,1
120,346,154,22,67,1
120,0,142,20,89,1
120,297,151,14,60,1
120,381,157,13,38,1
120,173,145,21,38,1
120,318,152,15,55,1
121,547,127,85,320,1
121,461,137,77,303,1
121,0,145,21,84,1
121,347,151,24,70,1
121,217,140,24,77,1
121,319,151,16,56,1
121,299,154,17,56,1
121,384,155,12,42,1
122,541,128,94,330,1
122,458,134,82,311,1
122,0,141,24,87,1
122,349,151,24,70,1
122,220,140,20,77,1
122,300,147,19,62,1
122,321,150,17,56,1
122,386,151,12,40,1
123,542,131,95,335,1
123,452,139,88,316,1
123,2,141,23,85,1
123,355,149,23,71,1
123,221,139,23,78,1
123,326,151,14,54,1
123,303,150,15,60,1
123,389,154,13,41,1
124,451,140,89,321,1
124,539,135,98,327,1
124,1,140,24,85,1
124,354,149,24,72,1
124,221,136,22,81,1
124,324,148,16,58,1
124,302,150,15,60,1
124,388,152,14,44,1
125,456,140,81,319,1
125,2,138,25,86,1
125,548,133,87,330,1
125,221,132,25,85,1
125,358,150,22,68,1
125,325,148,17,58,1
125,303,146,17,61,1
125,506,128,44,134,1
126,455,140,83,303,1
126,4,137,24,85,1
126,551,125,86,317,1
126,358,148,24,69,1
126,222,132,23,84,1
126,326,146,17,57,1
126,516,124,43,188,1
126,305,144,18,65,1
126,394,147,13,46,1
126,174,137,25,39,1
126,89,134,17,52,1
127,456,134,83,302,1
127,549,121,88,323,1
127,6,138,24,84,1
127,224,134,22,78,1
127,305,144,19,65,1
127,522,118,44,196,1
127,362,147,21,68,1
127,327,145,17,58,1
127,395,150,13,43,1
127,87,136,20,52,1
128,459,127,81,311,1
128,8,138,22,84,1
128,225,134,22,77,1
128,554,117,83,333,1
128,364,145,23,69,1
128,328,143,17,60,1
128,533,112,43,203,1
128,308,145,16,64,1
128,399,145,12,47,1
129,465,119,77,332,1
129,561,123,78,339,1
129,327,142,20,59,1
129,9,141,22,82,1
129,229,131,22,78,1
129,364,144,23,70,1
129,542,107,46,214,1
130,469,127,79,327,1
130,228,133,24,77,1
130,312,138,22,70,1
130,330,141,19,61,1
130,14,141,22,83,1
130,372,146,19,67,1
130,550,114,46,210,1
130,363,141,15,55,1
130,560,129,75,333,1
130,404,145,13,44,1
130,57,139,9,26,1
131,474,132,82,322,1
131,233,132,21,77,1
131,567,101,70,352,1
131,15,138,23,85,1
131,378,144,18,65,1
131,333,138,18,62,1
131,315,137,20,67,1
131,368,140,14,52,1
131,562,109,55,224,1
132,479,124,78,327,1
132,232,126,23,78,1
132,15,134,23,85,1
132,575,98,62,349,1
132,381,141,19,67,1
132,335,136,18,60,1
132,370,135,14,54,1
132,315,135,19,64,1
132,62,132,10,28,1
132,412,139,13,42,1
133,482,121,81,308,1
133,14,131,26,87,1
133,581,99,58,337,1
133,235,125,21,80,1
133,385,139,19,65,1
133,337,134,17,56,1
133,373,132,15,55,1
133,321,133,18,64,1
133,0,135,14,82,1
133,413,139,14,40,1
133,100,130,19,53,1
134,485,114,81,309,1
134,14,129,27,87,1
134,579,96,60,341,1
134,387,138,19,65,1
134,236,125,22,78,1
134,335,132,19,59,1
134,374,132,14,55,1
134,100,127,18,53,1
134,0,136,12,79,1
134,415,137,13,41,1
134,196,129,13,38,1
135,487,112,85,315,1
135,565,109,74,328,1
135,236,124,22,77,1
135,16,131,26,84,1
135,332,129,24,64,1
135,386,135,20,68,1
135,374,130,15,58,1
135,196,130,14,36,1
135,417,137,12,41,1
135,178,126,20,46,1
135,63,129,10,31,1
136,486,114,89,324,1
136,571,105,68,329,1
136,14,132,24,90,1
136,236,126,19,81,1
136,387,138,21,70,1
136,374,133,14,58,1
136,332,134,20,61,1
136,415,137,12,45,1
137,487,113,86,333,1
137,569,112,70,305,1
137,8,136,29,84,1
137,233,127,20,83,1
137,385,138,21,69,1
137,331,136,20,61,1
137,195,134,14,36,1
137,373,133,15,57,1
137,315,137,18,63,1
137,171,127,23,67,1
137,412,139,14,42,1
138,486,115,82,326,1
138,228,125,22,88,1
138,571,106,68,316,1
138,4,136,27,85,1
138,382,138,22,67,1
138,369,132,16,59,1
138,190,132,15,38,1
138,166,128,22,71,1
138,329,134,20,62,1
138,411,135,12,44,1
139,481,115,83,328,1
139,571,102,68,322,1
139,378,137,21,66,1
139,0,135,24,88,1
139,222,124,21,87,1
139,159,129,23,67,1
139,326,135,18,58,1
139,365,132,16,57,1
139,309,133,21,67,1
139,187,133,12,37,1
139,405,137,15,40,1
140,476,116,86,313,1
140,572,96,67,336,1
140,373,134,22,67,1
140,214,124,24,85,1
140,153,127,21,71,1
140,0,137,18,83,1
140,360,130,15,57,1
140,182,134,13,34,1
140,400,135,14,43,1
140,37,129,13,36,1
141,471,109,83,312,1
141,562,91,76,340,1
141,203,126,26,86,1
141,369,134,19,66,1
141,296,130,21,66,1
141,175,134,13,35,1
141,353,128,16,58,1
141,316,134,16,54,1
141,65,127,20,59,1
141,25,128,15,39,1
141,394,131,13,46,1
141,143,123,20,72,1
142,470,101,81,324,1
142,561,88,78,349,1
142,366,134,19,65,1
142,198,124,24,86,1
142,349,126,17,59,1
142,171,133,15,36,1
142,314,131,15,58,1
142,292,129,21,63,1
142,133,125,23,75,1
142,391,132,12,46,1
143,470,100,83,322,1
143,559,89,77,349,1
143,365,133,19,64,1
143,124,123,28,84,1
143,349,128,15,54,1
143,167,131,13,37,1
143,389,132,12,42,1
143,309,131,15,56,1
143,194,126,24,74,1
144,476,103,80,327,1
144,560,87,77,352,1
144,286,123,24,75,1
144,364,131,18,65,1
144,165,131,14,37,1
144,345,124,17,59,1
144,187,124,23,46,1
144,308,130,16,57,1
144,387,129,12,46,1
144,8,130,16,39,1
144,270,134,13,34,1
145,482,98,77,335,1
145,560,90,78,344,1
145,364,129,18,65,1
145,284,123,23,73,1
145,185,122,19,46,1
145,120,120,24,84,1
145,50,128,17,59,1
145,165,130,14,37,1
145,345,122,17,60,1
145,307,127,15,60,1
145,387,129,12,43,1
145,8,129,14,38,1
146,487,97,78,321,1
146,367,124,20,66,1
146,572,78,67,331,1
146,345,118,17,59,1
146,118,116,24,83,1
146,165,127,14,38,1
146,287,120,19,73,1
146,202,126,13,29,1
146,181,117,21,47,1
146,389,124,13,40,1
146,51,125,15,59,1
146,308,122,14,59,1
146,9,127,13,35,1
147,492,88,74,316,1
147,578,72,61,339,1
147,368,121,19,66,1
147,308,117,15,60,1
147,165,123,15,37,1
147,283,117,20,70,1
147,50,124,16,57,1
147,178,115,21,45,1
147,389,120,13,43,1
147,346,116,19,57,1
147,203,123,13,29,1
147,8,124,12,36,1
148,496,81,73,322,1
148,579,68,59,343,1
148,369,119,19,66,1
148,202,122,14,29,1
148,282,116,21,75,1
148,347,113,17,59,1
148,308,115,15,60,1
148,48,125,18,55,1
148,390,119,13,41,1
148,175,113,23,47,1
148,166,121,14,38,1
148,4,120,18,39,1
149,498,81,78,328,1
149,579,67,60,342,1
149,370,119,18,64,1
149,349,110,17,61,1
149,307,113,17,62,1
149,172,110,24,48,1
149,111,114,27,72,1
149,202,118,15,30,1
149,48,123,17,56,1
149,281,114,21,74,1
149,258,115,13,48,1
149,392,117,13,40,1
150,493,82,89,329,1
150,573,72,66,315,1
150,370,118,18,64,1
150,349,112,16,59,1
150,306,113,18,60,1
150,280,110,22,79,1
150,106,111,28,84,1
150,169,109,23,48,1
150,201,117,16,33,1
150,46,122,16,54,1
150,392,115,13,45,1
150,258,114,11,41,1
151,492,87,88,333,1
151,579,73,60,323,1
151,370,118,18,65,1
151,347,113,18,60,1
151,44,118,17,58,1
151,102,110,30,85,1
151,253,120,12,44,1
151,304,117,18,59,1
151,164,106,24,52,1
151,277,113,22,74,1
151,200,119,16,31,1
151,389,120,14,42,1
152,492,90,86,337,1
152,581,65,58,341,1
152,370,118,18,68,1
152,274,108,22,81,1
152,346,114,18,59,1
152,303,117,17,58,1
152,99,110,28,87,1
152,197,118,17,31,1
152,41,117,19,60,1
152,389,119,14,44,1
152,162,104,21,56,1
152,248,118,14,50,1
152,290,112,15,67,1
153,493,98,84,324,1
153,586,74,53,339,1
153,272,110,22,85,1
153,368,119,19,66,1
153,37,113,17,60,1
153,303,116,16,59,1
153,90,107,33,91,1
153,344,112,17,63,1
153,157,103,20,56,1
153,388,117,12,47,1
153,244,117,15,51,1
153,196,118,16,31,1
153,23,113,9,42,1
154,492,94,79,316,1
154,583,72,56,362,1
154,267,112,21,83,1
154,366,119,18,66,1
154,341,112,17,60,1
154,299,117,16,58,1
154,31,114,17,59,1
154,84,105,30,90,1
154,150,103,21,56,1
154,383,116,15,46,1
154,238,117,14,51,1
155,492,92,82,313,1
155,582,76,57,355,1
155,365,119,17,66,1
155,263,114,22,81,1
155,25,116,20,59,1
155,297,117,17,59,1
155,82,109,26,92,1
155,235,119,15,53,1
155,145,105,20,56,1
155,339,113,17,62,1
155,383,116,13,46,1
156,497,94,76,331,1
156,583,79,55,363,1
156,259,112,22,87,1
156,366,121,17,66,1
156,24,119,17,61,1
156,296,121,16,60,1
156,338,115,17,64,1
156,185,122,16,32,1
156,383,120,12,45,1
156,141,111,20,54,1
156,233,121,11,52,1
157,500,96,76,337,1
157,589,74,48,373,1
157,366,123,16,68,1
157,257,118,23,74,1
157,20,125,21,59,1
157,293,121,19,62,1
157,338,119,18,62,1
157,137,110,22,60,1
158,506,97,77,341,1
158,591,88,48,324,1
158,257,115,23,90,1
158,368,127,19,64,1
158,23,127,17,58,1
158,341,120,17,62,1
158,297,126,17,57,1
158,386,124,12,45,1
158,137,111,21,60,1
158,186,127,15,32,1
158,277,123,16,63,1
159,515,101,78,333,1
159,258,116,23,91,1
159,372,126,19,66,1
159,606,95,33,317,1
159,344,118,17,65,1
159,301,125,16,59,1
159,24,126,20,60,1
159,390,124,13,43,1
159,277,122,18,62,1
159,62,119,33,95,1
159,137,112,22,58,1
159,167,127,22,33,1
160,518,97,77,327,1
160,258,116,24,88,1
160,375,125,21,63,1
160,347,116,17,64,1
160,26,125,19,61,1
160,301,121,17,61,1
160,171,125,19,33,1
160,279,119,18,62,1
160,136,113,21,56,1
160,63,119,30,91,1
160,394,120,12,48,1
161,522,93,81,316,1
161,258,111,23,93,1
161,378,119,19,65,1
161,350,113,18,63,1
161,283,115,16,64,1
161,397,116,14,48,1
161,28,123,18,62,1
161,303,118,19,59,1
161,58,113,31,100,1
161,136,110,22,56,1
161,174,124,15,34,1
162,529,82,79,338,1
162,257,111,25,93,1
162,380,118,19,64,1
162,282,115,18,65,1
162,55,112,34,103,1
162,29,122,18,62,1
162,352,114,17,62,1
162,306,118,17,60,1
162,400,116,15,45,1
162,135,108,22,59,1
162,177,123,16,32,1
163,530,88,88,328,1
163,384,119,18,65,1
163,56,115,32,99,1
163,256,111,26,88,1
163,284,116,18,63,1
163,28,122,20,64,1
163,353,114,18,64,1
163,308,120,16,58,1
163,133,109,22,57,1
163,178,122,17,33,1
164,534,89,93,350,1
164,386,122,19,65,1
164,51,120,36,98,1
164,255,117,26,85,1
164,287,120,17,61,1
164,356,116,17,65,1
164,310,120,15,60,1
164,406,121,13,42,1
164,133,112,22,58,1
165,543,93,88,352,1
165,388,123,19,67,1
165,255,113,26,88,1
165,289,120,17,62,1
165,49,120,35,99,1
165,357,116,19,66,1
165,132,113,24,57,1
165,310,123,16,57,1
165,408,122,14,45,1
165,182,124,17,33,1
166,551,98,85,350,1
166,254,111,26,92,1
166,45,120,37,101,1
166,391,123,18,66,1
166,288,120,20,64,1
166,359,118,18,63,1
166,182,125,16,33,1
166,131,113,24,57,1
166,313,126,15,55,1
166,410,122,14,49,1
166,10,122,14,44,1
167,556,99,83,346,1
167,40,118,38,106,1
167,251,112,28,90,1
167,391,123,18,65,1
167,289,120,18,65,1
167,359,117,18,66,1
167,314,127,15,55,1
167,182,125,16,33,1
167,130,113,23,58,1
167,410,122,14,51,1
168,559,101,80,335,1
168,31,116,42,107,1
168,248,112,27,92,1
168,391,123,17,66,1
168,313,122,14,61,1
168,290,118,16,65,1
168,358,119,18,63,1
168,181,124,16,33,1
168,125,114,27,55,1
168,409,122,13,49,1
169,563,95,75,341,1
169,21,113,40,113,1
169,244,113,27,94,1
169,388,127,19,64,1
169,311,123,15,61,1
169,356,120,20,64,1
169,178,124,18,35,1
169,122,114,26,58,1
169,287,124,16,59,1
169,409,128,14,45,1
169,213,123,12,30,1
170,12,113,44,116,1
170,566,99,73,344,1
170,240,116,29,95,1
170,386,129,21,64,1
170,284,124,16,63,1
170,354,123,19,66,1
170,309,127,15,61,1
170,117,115,27,59,1
170,407,131,15,42,1
170,176,128,16,34,1
171,570,104,69,360,1
171,236,121,29,96,1
171,384,135,22,64,1
171,5,120,43,117,1
171,283,128,18,66,1
171,355,129,19,66,1
171,309,132,15,60,1
171,116,119,26,60,1
171,176,133,15,34,1
171,189,135,16,34,1
172,234,123,30,100,1
172,574,104,65,361,1
172,384,137,21,63,1
172,2,127,43,113,1
172,283,134,18,60,1
172,354,132,21,65,1
172,116,120,26,61,1
172,309,138,14,57,1
172,408,141,13,42,1
172,177,137,15,33,1
172,188,136,15,35,1
173,384,138,22,65,1
173,578,115,61,361,1
173,230,124,31,106,1
173,0,128,41,116,1
173,354,133,21,66,1
173,115,122,27,63,1
173,308,141,16,56,1
173,176,138,16,34,1
173,283,136,14,40,1
173,409,138,13,49,1
174,385,139,20,66,1
174,224,125,35,114,1
174,584,112,55,347,1
174,355,134,20,68,1
174,113,123,30,64,1
174,281,134,20,64,1
174,0,127,33,121,1
174,307,141,17,59,1
174,411,141,14,49,1
174,175,139,17,35,1
174,197,138,13,34,1
175,220,123,35,120,1
175,385,140,19,64,1
175,589,112,50,351,1
175,355,134,19,67,1
175,114,127,30,60,1
175,307,140,16,59,1
175,281,136,18,42,1
175,412,141,13,49,1
176,217,124,34,125,1
176,588,106,51,355,1
176,385,141,19,64,1
176,114,123,31,66,1
176,355,135,19,67,1
176,2,133,20,70,1
176,412,143,14,49,1
176,304,140,15,57,1
176,8,135,11,67,1
176,280,136,17,42,1
176,170,139,16,34,1
177,214,124,34,123,1
177,582,112,57,346,1
177,385,143,18,64,1
177,114,120,32,72,1
177,353,136,21,70,1
177,303,141,15,58,1
177,278,137,18,58,1
177,1,135,19,70,1
177,412,147,14,45,1
177,183,140,18,36,1
178,572,109,67,351,1
178,353,139,20,70,1
178,384,146,17,64,1
178,211,128,35,123,1
178,113,126,31,66,1
178,276,141,19,57,1
178,300,144,16,58,1
178,167,142,17,35,1
178,412,149,13,41,1
179,568,133,71,321,1
179,383,148,19,63,1
179,111,126,36,68,1
179,353,141,20,71,1
179,203,124,38,133,1
179,277,142,18,61,1
179,302,147,14,59,1
179,411,152,15,43,1
179,3,142,11,65,1
179,166,145,13,36,1
180,572,128,67,336,1
180,108,126,37,70,1
180,380,151,20,64,1
180,352,145,19,68,1
180,201,128,32,135,1
180,275,144,19,65,1
180,411,156,14,42,1
180,299,148,14,58,1
181,192,125,38,145,1
181,379,153,20,62,1
181,104,124,40,72,1
181,578,136,61,331,1
181,349,144,21,70,1
181,275,144,17,62,1
181,298,151,14,58,1
181,412,157,14,42,1
182,582,131,57,345,1
182,377,152,20,63,1
182,187,128,38,143,1
182,348,144,23,69,1
182,105,124,39,72,1
182,272,143,19,62,1
182,298,150,13,57,1
182,413,158,13,40,1
183,181,126,42,147,1
183,376,151,20,63,1
183,103,126,41,70,1
183,588,122,51,348,1
183,348,142,22,71,1
183,298,151,14,56,1
183,271,143,18,62,1
183,413,154,14,44,1
184,176,124,42,151,1
184,377,150,19,62,1
184,350,142,21,70,1
184,105,126,42,72,1
184,597,133,42,331,1
184,297,150,14,57,1
184,417,153,13,47,1
184,272,144,18,57,1
185,170,123,45,155,1
185,378,149,19,64,1
185,352,142,20,72,1
185,107,126,39,72,1
185,602,101,37,354,1
185,298,150,15,56,1
185,417,154,15,47,1
185,272,145,18,53,1
186,385,148,18,63,1
186,173,119,41,162,1
186,115,125,36,72,1
186,358,141,20,71,1
186,303,146,16,59,1
186,602,108,37,342,1
186,275,144,19,60,1
186,145,142,15,42,1
187,170,119,46,162,1
187,360,139,24,71,1
187,388,146,18,62,1
187,118,121,38,76,1
187,304,146,18,57,1
187,604,104,35,342,1
188,163,116,49,168,1
188,363,136,22,73,1
188,391,144,17,64,1
188,121,121,37,72,1
188,305,141,18,62,1
188,434,150,12,44,1
189,158,113,49,176,1
189,394,139,17,62,1
189,367,131,22,74,1
189,125,115,37,76,1
189,283,133,17,66,1
189,308,138,18,60,1
189,437,143,12,47,1
190,156,110,50,182,1
190,396,138,17,63,1
190,369,131,21,74,1
190,309,136,19,63,1
190,127,114,36,80,1
190,283,132,18,59,1
190,196,134,14,34,1
191,148,110,53,185,1
191,396,138,19,63,1
191,372,131,22,75,1
191,308,138,20,61,1
191,130,118,31,78,1
191,611,309,27,160,1
191,197,138,15,33,1
192,137,108,50,186,1
192,397,141,19,64,1
192,373,134,21,75,1
192,307,137,22,63,1
192,285,133,19,65,1
192,599,349,39,117,1
192,186,142,19,37,1
192,200,139,12,32,1
193,134,108,50,187,1
193,398,142,19,63,1
193,374,135,22,74,1
193,286,133,19,65,1
193,311,139,18,62,1
193,596,350,43,116,1
193,187,143,18,36,1
193,201,139,12,33,1
194,115,108,57,207,1
194,397,144,19,63,1
194,374,137,21,74,1
194,286,135,19,64,1
194,311,142,17,59,1
194,182,143,18,38,1
194,199,140,13,33,1
195,98,105,68,214,1
195,395,142,19,63,1
195,374,140,20,68,1
195,284,135,19,64,1
195,307,141,20,59,1
195,197,139,14,32,1
195,180,142,16,38,1
196,83,111,74,215,1
196,396,140,18,64,1
196,374,137,20,72,1
196,283,133,18,66,1
196,307,139,19,62,1
196,180,139,16,42,1
196,196,137,15,36,1
197,76,104,72,230,1
197,374,133,20,76,1
197,395,139,19,64,1
197,284,133,18,65,1
197,307,139,20,61,1
197,127,116,31,137,1
197,179,138,16,41,1
197,196,137,15,33,1
198,68,100,69,234,1
198,394,140,20,63,1
198,307,138,20,62,1
198,375,134,19,74,1
198,283,132,19,66,1
198,122,112,35,141,1
198,179,136,17,43,1
198,196,137,15,33,1
199,63,86,53,256,1
199,378,135,21,76,1
199,398,140,18,64,1
199,120,113,35,141,1
199,309,137,20,64,1
199,284,134,18,64,1
199,180,136,20,44,1
199,199,138,14,32,1
200,49,92,55,254,1
200,117,112,38,137,1
200,400,139,17,64,1
200,309,137,21,62,1
200,382,135,18,74,1
200,284,132,18,66,1
200,179,137,23,42,1
200,201,136,13,31,1
201,20,82,74,271,1
201,116,114,38,136,1
201,384,131,19,76,1
201,402,136,17,62,1
201,313,130,21,66,1
201,285,128,20,66,1
201,204,132,14,33,1
201,180,131,21,46,1
202,3,80,90,275,1
202,111,112,43,140,1
202,385,128,18,77,1
202,313,128,21,67,1
202,402,133,17,63,1
202,284,121,20,71,1
202,179,131,20,43,1
202,205,129,13,33,1
203,0,82,88,277,1
203,107,109,46,145,1
203,386,126,18,79,1
203,313,129,20,64,1
203,402,132,17,63,1
203,284,123,20,68,1
203,180,128,19,44,1
203,205,128,13,33,1
204,106,107,48,145,1
204,0,98,71,262,1
204,313,129,21,64,1
204,285,124,19,68,1
204,388,126,19,79,1
204,401,133,18,64,1
204,181,127,18,46,1
204,206,127,13,35,1
205,103,106,52,147,1
205,314,129,21,65,1
205,286,125,19,67,1
205,403,133,17,65,1
205,389,128,19,79,1
205,207,129,13,33,1
205,180,129,18,45,1
206,100,113,54,148,1
206,312,134,21,63,1
206,287,127,19,68,1
206,392,133,22,75,1
206,178,132,19,47,1
206,208,132,12,33,1
206,403,136,16,64,1
207,98,110,56,152,1
207,287,130,19,70,1
207,314,135,22,63,1
207,178,133,19,48,1
207,207,133,14,36,1
207,393,137,19,74,1
207,399,137,18,70,1
207,405,138,15,66,1
208,98,110,57,153,1
208,288,132,17,68,1
208,314,137,22,64,1
208,395,137,23,77,1
208,208,135,14,34,1
208,177,134,20,49,1
209,98,112,62,157,1
209,395,137,24,80,1
209,288,132,18,71,1
209,315,140,20,60,1
209,208,136,14,34,1
209,81,134,21,68,1
209,177,138,18,48,1
210,99,111,64,165,1
210,395,134,25,83,1
210,287,132,19,70,1
210,314,138,22,63,1
210,176,139,19,47,1
210,208,134,13,38,1
210,75,135,25,68,1
210,304,142,12,38,1
211,98,111,61,165,1
211,396,133,25,86,1
211,314,137,21,65,1
211,286,132,20,73,1
211,208,138,13,36,1
211,72,138,22,68,1
211,174,141,22,47,1
212,99,116,58,163,1
212,314,138,20,65,1
212,395,132,23,88,1
212,66,138,23,70,1
212,286,136,20,71,1
212,174,143,21,48,1
212,207,141,14,34,1
212,94,139,12,67,1
213,102,115,57,167,1
213,285,137,21,70,1
213,314,140,21,67,1
213,397,132,24,91,1
213,61,141,24,64,1
213,208,143,15,35,1
214,106,115,60,170,1
214,285,138,19,69,1
214,399,135,27,88,1
214,316,144,20,62,1
214,209,144,17,35,1
214,304,146,12,40,1
214,57,145,28,63,1
214,89,146,18,50,1
215,109,113,59,174,1
215,401,131,26,92,1
215,287,137,19,70,1
215,51,145,39,71,1
215,83,145,22,66,1
215,212,143,16,34,1
215,319,142,19,63,1
215,174,145,24,50,1
215,304,145,13,40,1
216,114,111,57,172,1
216,285,133,19,68,1
216,401,130,27,90,1
216,79,144,20,63,1
216,317,141,21,59,1
216,48,140,31,72,1
216,211,140,17,37,1
216,305,144,12,38,1
216,173,143,21,51,1
217,113,112,53,175,1
217,401,128,27,92,1
217,284,132,19,67,1
217,72,143,25,62,1
217,41,146,26,68,1
217,316,142,20,60,1
217,209,139,16,36,1
217,304,143,13,38,1
218,113,109,58,177,1
218,400,125,29,96,1
218,283,132,18,68,1
218,315,138,20,63,1
218,68,141,24,64,1
218,35,138,24,75,1
218,208,138,15,37,1
218,168,136,20,56,1
219,107,110,66,181,1
219,279,134,20,65,1
219,61,140,24,67,1
219,398,126,29,97,1
219,27,137,23,77,1
219,312,139,20,62,1
219,207,141,14,34,1
220,104,112,67,186,1
220,397,129,29,96,1
220,278,135,19,65,1
220,57,145,21,63,1
220,309,143,20,60,1
220,19,150,27,66,1
220,298,142,12,41,1
220,204,144,14,33,1
221,108,113,66,189,1
221,276,139,19,69,1
221,395,131,31,99,1
221,308,144,18,63,1
221,203,145,14,36,1
221,49,146,22,65,1
222,109,111,61,190,1
222,275,138,18,69,1
222,45,148,21,66,1
222,393,131,32,100,1
222,306,143,21,63,1
222,202,146,13,35,1
222,1,153,27,67,1
223,114,113,55,183,1
223,272,138,20,70,1
223,394,131,29,100,1
223,304,146,20,62,1
223,39,151,22,64,1
223,201,146,13,35,1
223,386,141,15,67,1
224,111,110,58,190,1
224,29,148,24,64,1
224,392,131,29,102,1
224,269,138,19,72,1
224,301,147,19,61,1
224,197,145,14,38,1
224,382,141,16,67,1
224,318,147,9,29,1
225,108,110,66,196,1
225,392,132,31,100,1
225,27,150,20,63,1
225,268,139,18,69,1
225,302,147,18,61,1
225,381,144,15,63,1
225,196,146,14,37,1
226,107,110,70,196,1
226,391,134,31,98,1
226,266,141,19,65,1
226,300,144,21,65,1
226,23,152,18,61,1
226,379,146,16,63,1
226,196,148,13,37,1
227,108,114,73,195,1
227,395,134,29,98,1
227,266,142,20,67,1
227,302,151,19,62,1
227,20,155,19,64,1
227,379,151,18,59,1
227,197,151,14,37,1
228,107,114,72,197,1
228,395,137,32,98,1
228,267,141,20,70,1
228,380,151,18,60,1
228,302,149,20,63,1
228,198,150,15,37,1
229,111,114,70,203,1
229,396,135,34,101,1
229,269,141,19,68,1
229,17,157,22,63,1
229,305,148,20,63,1
229,381,151,18,59,1
229,202,149,13,38,1
230,111,113,71,205,1
230,395,131,36,104,1
230,269,139,19,70,1
230,381,145,18,62,1
230,11,152,26,66,1
230,306,146,19,64,1
230,202,146,13,40,1
231,110,112,72,204,1
231,395,131,36,103,1
231,269,138,20,69,1
231,380,145,16,62,1
231,306,144,20,64,1
231,8,149,22,68,1
231,202,146,13,40,1
232,113,112,67,201,1
232,398,130,35,104,1
232,270,139,19,68,1
232,381,145,16,60,1
232,305,145,21,64,1
232,5,154,20,63,1
232,203,147,13,37,1
233,111,110,64,203,1
233,400,130,33,105,1
233,270,139,19,67,1
233,381,145,16,61,1
233,202,147,15,38,1
233,306,146,20,62,1
233,2,148,21,70,1
233,362,148,10,31,1
234,109,112,56,210,1
234,398,129,38,109,1
234,269,138,20,71,1
234,381,145,17,61,1
234,203,149,14,36,1
234,306,147,20,61,1
234,1,149,17,69,1
234,325,148,9,28,1
234,362,147,11,35,1
235,103,113,59,210,1
235,400,132,36,108,1
235,268,139,22,72,1
235,379,147,17,61,1
235,203,149,14,39,1
235,303,147,21,64,1
235,1,155,15,64,1
236,100,113,58,210,1
236,396,131,40,110,1
236,268,142,21,71,1
236,377,148,19,61,1
236,202,148,14,39,1
236,303,150,17,61,1
236,322,150,11,31,1
237,92,112,60,216,1
237,396,132,39,112,1
237,266,141,21,70,1
237,375,148,19,63,1
237,302,149,19,62,1
237,201,149,15,38,1
237,361,152,11,32,1
238,87,111,65,210,1
238,396,131,40,114,1
238,374,148,20,63,1
238,264,143,21,69,1
238,302,149,19,63,1
238,201,149,15,39,1
238,360,151,12,34,1
238,319,150,9,30,1
239,78,113,78,213,1
239,263,145,19,67,1
239,400,133,35,113,1
239,372,150,19,62,1
239,302,150,18,64,1
239,201,150,16,45,1
239,318,151,10,31,1
240,77,119,82,216,1
240,263,147,19,66,1
240,403,133,34,115,1
240,201,152,15,46,1
240,372,150,18,65,1
240,302,151,17,63,1
240,318,154,9,30,1
241,77,118,84,219,1
241,264,144,20,70,1
241,373,150,19,64,1
241,405,136,34,112,1
241,302,150,20,64,1
241,204,154,14,44,1
242,75,123,85,220,1
242,407,134,39,119,1
242,265,144,21,68,1
242,375,151,19,60,1
242,208,150,15,50,1
242,304,149,17,63,1
242,326,155,8,27,1
243,74,123,84,224,1
243,267,144,19,69,1
243,409,132,39,119,1
243,208,149,16,50,1
243,376,150,19,62,1
243,305,151,17,62,1
243,325,152,10,30,1
244,71,125,83,224,1
244,412,130,37,118,1
244,268,141,18,70,1
244,378,148,19,62,1
244,304,148,21,63,1
244,511,129,17,39,1
244,325,149,11,31,1
244,210,147,14,47,1
244,409,131,15,58,1
245,70,125,86,227,1
245,412,128,42,122,1
245,271,141,18,68,1
245,380,146,18,63,1
245,305,150,21,60,1
245,214,147,12,46,1
246,66,127,87,225,1
246,414,128,42,124,1
246,271,141,19,71,1
246,305,152,21,58,1
246,380,146,20,63,1
246,215,149,12,44,1
246,516,130,17,39,1
247,60,126,91,233,1
247,416,129,43,124,1
247,271,143,20,68,1
247,380,149,19,60,1
247,215,151,14,48,1
247,307,151,21,60,1
247,331,151,10,31,1
247,236,153,9,30,1
248,56,130,95,230,1
248,420,129,41,126,1
248,274,143,19,70,1
248,382,149,19,63,1
248,216,148,15,49,1
248,306,152,21,60,1
248,331,152,11,32,1
249,50,128,95,236,1
249,423,130,42,128,1
249,275,142,18,74,1
249,382,150,19,62,1
249,219,148,15,50,1
249,307,152,20,61,1
249,332,151,11,32,1
250,43,126,100,242,1
250,422,128,44,130,1
250,275,142,18,70,1
250,382,150,19,62,1
250,219,147,15,50,1
250,308,154,18,54,1
251,37,123,104,245,1
251,426,126,41,132,1
251,275,144,17,66,1
251,220,144,14,51,1
251,383,146,19,62,1
251,307,153,17,54,1
251,109,144,29,128,1
252,29,117,105,255,1
252,430,123,40,135,1
252,274,139,18,70,1
252,221,143,16,51,1
252,383,145,18,60,1
252,106,143,31,116,1
252,307,151,20,54,1
253,24,116,106,262,1
253,432,124,40,134,1
253,272,141,19,67,1
253,221,144,15,49,1
253,383,144,18,62,1
253,104,141,30,124,1
253,424,127,19,74,1
254,18,116,108,266,1
254,431,123,43,138,1
254,274,138,19,70,1
254,223,144,16,49,1
254,383,144,18,61,1
254,303,151,18,56,1
254,206,146,12,34,1
254,102,145,30,65,1
255,11,113,114,271,1
255,437,121,42,139,1
255,275,136,19,73,1
255,385,143,18,60,1
255,227,143,15,50,1
255,101,143,33,124,1
255,305,151,20,55,1
255,321,153,16,40,1
256,5,110,120,282,1
256,438,118,46,144,1
256,277,135,19,72,1
256,230,142,14,49,1
256,306,147,19,59,1
256,388,141,18,60,1
256,101,140,33,129,1
257,0,110,122,282,1
257,280,130,19,72,1
257,446,114,42,144,1
257,306,143,21,60,1
257,233,137,14,49,1
257,390,138,18,59,1
257,344,140,9,29,1
258,0,104,118,294,1
258,449,112,43,145,1
258,280,129,17,72,1
258,305,141,21,60,1
258,391,135,17,60,1
258,234,134,14,50,1
258,344,138,9,29,1
258,326,144,17,42,1
258,547,119,18,44,1
259,0,97,112,307,1
259,450,111,44,148,1
259,392,133,18,62,1
259,280,127,18,73,1
259,235,134,14,49,1
259,305,139,21,61,1
259,102,128,32,73,1
259,326,145,17,39,1
259,345,137,9,30,1
259,549,116,18,63,1
260,0,97,103,308,1
260,451,110,45,151,1
260,391,134,18,62,1
260,280,127,18,73,1
260,236,135,14,47,1
260,304,137,19,64,1
260,100,125,32,79,1
260,327,144,16,41,1
260,344,138,10,30,1
261,0,96,101,317,1
261,277,129,20,72,1
261,454,112,41,150,1
261,391,137,16,59,1
261,234,134,15,51,1
261,100,126,31,74,1
261,300,132,20,70,1
261,445,114,23,138,1
262,0,107,89,329,1
262,455,112,41,153,1
262,277,129,18,77,1
262,232,136,17,51,1
262,387,138,18,59,1
262,91,129,35,105,1
262,301,138,17,65,1
262,445,109,23,146,1
263,0,122,81,320,1
263,456,112,41,155,1
263,274,130,20,73,1
263,87,127,38,92,1
263,234,137,16,49,1
263,386,137,19,61,1
263,300,140,19,62,1
264,79,125,40,84,1
264,453,108,42,159,1
264,271,128,17,73,1
264,231,134,14,49,1
264,296,138,18,60,1
264,0,119,68,330,1
264,383,133,18,60,1
264,337,136,11,32,1
264,320,146,16,40,1
265,73,123,39,84,1
265,451,107,43,160,1
265,228,133,16,48,1
265,266,128,19,71,1
265,0,282,56,169,1
265,292,136,18,64,1
265,380,132,18,60,1
265,439,110,28,146,1
265,336,135,11,31,1
265,316,145,15,40,1
266,68,120,38,83,1
266,450,106,41,160,1
266,263,128,18,72,1
266,227,134,16,48,1
266,289,135,17,65,1
266,376,133,18,58,1
266,0,326,41,128,1
266,438,109,28,148,1
267,60,122,38,81,1
267,257,129,19,70,1
267,449,105,42,162,1
267,374,132,17,58,1
267,224,134,15,47,1
267,286,134,19,66,1
267,310,143,17,43,1
267,440,109,32,150,1
268,449,103,46,168,1
268,256,127,21,73,1
268,57,119,38,82,1
268,224,135,15,47,1
268,283,130,19,71,1
268,374,132,18,59,1
268,330,135,11,31,1
268,439,108,29,151,1
269,452,101,43,169,1
269,256,126,19,71,1
269,53,123,34,76,1
269,225,132,15,48,1
269,284,129,17,69,1
269,373,131,17,58,1
269,329,134,11,30,1
269,309,141,14,43,1
269,440,108,30,152,1
270,453,99,45,171,1
270,256,122,19,73,1
270,51,122,35,80,1
270,283,128,19,70,1
270,227,129,15,48,1
270,373,128,17,61,1
270,330,131,10,31,1
270,443,107,29,150,1
270,199,131,8,26,1
270,310,140,17,42,1
271,456,97,43,172,1
271,47,119,38,81,1
271,255,122,19,70,1
271,226,127,15,48,1
271,281,129,19,67,1
271,373,126,17,60,1
271,331,129,9,29,1
271,446,104,31,154,1
271,309,138,19,41,1
271,198,129,8,25,1
271,547,106,18,63,1
272,253,120,18,70,1
272,457,93,46,177,1
272,44,118,34,78,1
272,226,126,16,47,1
272,282,128,17,65,1
272,372,127,17,56,1
272,330,125,10,31,1
272,199,126,8,26,1
273,462,90,42,180,1
273,253,121,18,69,1
273,39,117,34,82,1
273,226,125,16,48,1
273,281,126,18,67,1
273,372,123,17,59,1
273,454,94,36,171,1
273,448,100,29,159,1
273,387,122,15,52,1
273,331,126,9,30,1
273,550,101,18,53,1
273,199,125,8,27,1
273,297,132,16,46,1
273,309,135,18,43,1
274,250,121,20,72,1
274,226,128,16,47,1
274,34,119,38,87,1
274,464,89,45,185,1
274,371,124,17,59,1
274,278,127,19,66,1
274,329,124,13,35,1
274,552,101,18,64,1
274,450,99,32,164,1
274,387,125,14,48,1
274,308,135,19,44,1
274,296,131,15,47,1
274,198,126,8,29,1
275,465,90,50,188,1
275,250,122,21,71,1
275,31,119,37,83,1
275,227,128,15,47,1
275,373,125,16,60,1
275,279,129,19,64,1
275,329,127,13,32,1
275,389,127,15,46,1
275,553,104,18,62,1
275,198,128,9,28,1
275,309,136,20,44,1
275,297,131,16,47,1
275,453,100,31,165,1
276,250,123,20,71,1
276,469,89,48,190,1
276,228,128,15,49,1
276,27,121,36,85,1
276,373,125,16,61,1
276,278,129,18,66,1
276,328,127,13,33,1
276,454,101,32,165,1
276,198,128,9,28,1
276,308,136,20,45,1
276,389,127,15,47,1
277,471,87,49,196,1
277,227,126,15,49,1
277,249,120,20,75,1
277,277,125,18,68,1
277,20,118,38,88,1
277,372,124,16,60,1
277,388,124,16,56,1
277,60,125,12,38,1
277,330,125,11,33,1
277,197,125,10,31,1
277,456,100,32,168,1
277,308,132,19,48,1
278,474,84,52,198,1
278,227,124,14,49,1
278,248,118,20,73,1
278,370,123,17,58,1
278,276,123,17,68,1
278,15,117,38,89,1
278,457,96,31,172,1
278,56,125,15,42,1
278,197,125,9,27,1
278,329,124,12,31,1
278,557,100,18,48,1
278,308,134,17,44,1
278,389,123,14,47,1
279,475,83,51,201,1
279,276,122,18,69,1
279,227,124,15,50,1
279,244,119,21,73,1
279,458,93,35,174,1
279,5,117,44,93,1
279,371,124,16,57,1
279,53,125,14,41,1
279,292,128,16,48,1
279,328,123,12,32,1
279,390,124,14,47,1
280,476,82,56,203,1
280,243,121,20,73,1
280,275,123,18,71,1
280,460,92,34,182,1
280,227,126,15,48,1
280,370,124,16,58,1
280,4,118,39,90,1
280,51,127,14,41,1
280,557,99,20,59,1
280,306,135,19,43,1
280,327,126,13,32,1
280,30,123,17,57,1
281,477,83,51,207,1
281,242,122,21,72,1
281,369,127,16,57,1
281,460,95,37,178,1
281,225,128,17,49,1
281,273,127,17,67,1
281,1,121,36,79,1
281,391,127,14,40,1
281,27,124,19,52,1
281,49,130,15,41,1
281,307,138,16,44,1
281,326,128,13,32,1
282,245,127,20,71,1
282,468,97,37,185,1
282,487,84,52,216,1
282,372,131,17,56,1
282,230,131,16,49,1
282,278,130,18,68,1
282,29,130,16,52,1
282,53,134,14,39,1
282,1,122,36,94,1
282,396,130,17,46,1
282,331,131,11,32,1
282,308,141,21,44,1
283,374,130,18,59,1
283,493,84,50,217,1
283,247,127,20,73,1
283,471,97,39,193,1
283,396,130,20,53,1
283,233,132,15,48,1
283,279,132,19,67,1
283,28,130,18,55,1
283,0,126,34,86,1
283,54,133,14,40,1
283,313,143,18,44,1
283,569,103,19,72,1
283,299,140,15,45,1
284,501,83,54,226,1
284,479,95,40,198,1
284,250,126,19,72,1
284,377,129,17,60,1
284,26,129,23,55,1
284,281,130,19,73,1
284,236,133,17,46,1
284,403,129,19,50,1
284,55,133,14,44,1
284,337,130,11,33,1
284,1,126,31,90,1
285,505,78,57,235,1
285,378,127,17,58,1
285,252,125,18,72,1
285,25,127,23,57,1
285,483,93,40,201,1
285,282,127,19,72,1
285,240,130,14,46,1
285,57,131,13,44,1
285,406,128,17,54,1
285,338,128,14,34,1
285,318,139,17,45,1
285,0,125,28,89,1
286,511,80,52,234,1
286,252,125,20,72,1
286,485,92,44,203,1
286,283,129,18,71,1
286,379,126,17,58,1
286,25,127,21,56,1
286,240,130,14,46,1
286,56,132,13,42,1
286,341,129,12,31,1
286,321,138,16,45,1
286,409,128,16,51,1
287,516,78,55,243,1
287,283,126,19,73,1
287,491,91,44,209,1
287,252,125,20,72,1
287,379,124,17,63,1
287,22,125,14,57,1
287,241,131,14,46,1
287,55,130,13,43,1
287,341,127,13,34,1
287,308,138,15,45,1
287,585,100,20,64,1
287,321,137,17,47,1
287,1,125,20,88,1
288,252,126,21,73,1
288,283,129,18,70,1
288,521,79,56,251,1
288,494,92,45,211,1
288,380,130,17,60,1
288,20,126,16,60,1
288,242,132,13,45,1
288,343,132,11,31,1
288,54,132,12,43,1
288,321,141,19,46,1
288,308,139,15,47,1
288,411,131,18,51,1
288,588,103,20,63,1
288,37,137,11,40,1
289,497,97,48,215,1
289,526,86,61,253,1
289,252,126,22,77,1
289,381,134,17,59,1
289,49,132,13,47,1
289,283,133,18,72,1
289,15,129,21,58,1
289,242,136,13,45,1
289,35,140,12,40,1
289,341,136,13,32,1
289,592,111,19,68,1
289,414,134,17,53,1
289,320,144,19,47,1
290,499,97,49,218,1
290,281,133,19,71,1
290,250,129,21,74,1
290,528,78,62,267,1
290,380,136,17,58,1
290,30,140,15,38,1
290,414,133,17,56,1
290,342,137,11,32,1
290,242,136,11,45,1
290,8,128,23,58,1
290,48,132,11,47,1
290,321,144,17,48,1
290,310,143,15,48,1
291,499,98,50,218,1
291,378,134,18,60,1
291,279,133,18,70,1
291,528,83,67,263,1
291,249,130,19,73,1
291,41,131,13,48,1
291,25,135,16,44,1
291,2,128,22,58,1
291,338,136,14,32,1
291,241,136,13,46,1
291,318,145,17,47,1
291,307,143,15,48,1
292,501,95,53,226,1
292,276,129,18,74,1
292,376,132,17,61,1
292,533,79,65,274,1
292,36,128,15,48,1
292,246,127,22,72,1
292,0,123,16,61,1
292,413,134,17,57,1
292,315,142,20,49,1
292,20,132,15,43,1
292,338,133,12,33,1
292,303,142,14,47,1
293,504,96,53,228,1
293,241,126,25,73,1
293,34,128,14,47,1
293,275,134,19,68,1
293,375,134,18,59,1
293,535,80,70,278,1
293,336,134,13,34,1
293,17,132,15,42,1
293,314,143,20,48,1
293,413,131,16,60,1
294,241,130,23,74,1
294,507,96,55,238,1
294,374,136,18,59,1
294,539,82,69,288,1
294,274,132,19,74,1
294,30,130,15,47,1
294,16,133,14,44,1
294,414,135,15,57,1
294,337,137,12,32,1
294,303,145,14,49,1
294,316,144,18,50,1
295,544,80,89,295,1
295,511,98,54,242,1
295,240,132,23,71,1
295,375,141,17,57,1
295,14,140,14,38,1
295,31,133,11,45,1
295,276,136,16,63,1
295,418,137,15,54,1
296,516,98,59,246,1
296,242,132,23,74,1
296,275,136,20,72,1
296,554,80,73,299,1
296,375,140,18,59,1
296,31,134,12,48,1
296,418,136,16,62,1
296,15,139,13,43,1
296,315,149,19,50,1
296,304,148,16,48,1
296,339,141,12,31,1
297,523,97,56,253,1
297,244,132,23,76,1
297,559,78,70,314,1
297,276,138,19,71,1
297,376,140,17,59,1
297,419,138,17,63,1
297,28,136,12,48,1
297,9,139,16,45,1
297,339,141,13,32,1
297,304,150,17,47,1
298,566,78,68,324,1
298,529,97,54,257,1
298,242,134,24,74,1
298,275,140,20,70,1
298,376,140,17,60,1
298,27,137,11,47,1
298,421,139,17,64,1
298,10,142,13,43,1
298,340,142,12,32,1
298,319,153,17,46,1
299,534,87,58,277,1
299,571,76,66,341,1
299,244,138,23,73,1
299,274,141,20,71,1
299,376,142,18,60,1
299,423,139,18,65,1
299,23,139,14,48,1
299,316,153,19,49,1
299,343,145,10,30,1
299,305,151,17,49,1
300,540,95,59,274,1
300,245,138,24,75,1
300,585,74,52,347,1
300,276,143,20,71,1
300,424,141,19,66,1
300,377,145,17,58,1
300,22,141,15,49,1
300,572,84,56,300,1
300,342,147,11,32,1
300,320,154,17,51,1
301,547,96,63,284,1
301,248,141,22,75,1
301,276,146,19,71,1
301,21,145,16,48,1
301,380,148,18,58,1
301,427,143,20,67,1
301,586,71,53,357,1
301,343,149,11,32,1
301,565,89,65,291,1
301,306,158,17,48,1
301,205,148,12,26,1
301,321,157,18,50,1
302,557,98,66,288,1
302,277,150,19,71,1
302,251,146,20,75,1
302,431,146,21,69,1
302,22,150,16,49,1
302,382,151,17,60,1
302,310,160,16,51,1
302,323,162,18,51,1
302,346,155,12,30,1
303,563,96,66,296,1
303,251,149,20,75,1
303,383,154,17,60,1
303,434,151,20,70,1
303,20,151,15,52,1
303,277,153,20,71,1
303,324,165,17,52,1
303,309,164,16,50,1
303,347,157,11,30,1
304,571,92,67,308,1
304,16,151,15,52,1
304,278,153,19,70,1
304,383,153,18,61,1
304,252,150,19,74,1
304,437,151,20,71,1
304,325,167,17,50,1
304,310,163,17,51,1
304,348,156,12,32,1
305,577,92,61,312,1
305,383,152,19,59,1
305,252,147,21,76,1
305,15,151,15,51,1
305,279,154,18,67,1
305,440,150,19,69,1
305,312,161,18,53,1
305,325,162,18,53,1
305,347,155,13,32,1
305,242,151,10,32,1
306,586,86,52,320,1
306,13,151,16,52,1
306,384,153,18,57,1
306,442,146,21,72,1
306,280,153,18,67,1
306,252,148,22,74,1
306,325,163,21,50,1
306,242,151,10,32,1
306,315,161,17,53,1
306,350,156,11,29,1
307,598,84,41,314,1
307,385,150,20,60,1
307,255,147,21,76,1
307,282,150,20,71,1
307,14,153,16,52,1
307,445,143,22,76,1
307,312,159,20,54,1
307,350,154,13,33,1
307,328,161,20,52,1
308,256,147,21,74,1
308,604,98,35,309,1
308,388,150,19,59,1
308,284,154,19,67,1
308,450,145,20,75,1
308,14,153,14,50,1
308,333,165,16,49,1
308,317,163,17,51,1
309,391,149,19,61,1
309,17,155,14,52,1
309,257,144,24,79,1
309,287,153,21,66,1
309,455,142,22,81,1
309,335,162,19,52,1
309,357,153,13,33,1
309,320,162,18,50,1
310,289,150,21,72,1
310,393,148,19,61,1
310,262,148,21,75,1
310,17,155,13,52,1
310,456,142,26,82,1
310,322,162,18,52,1
310,339,164,17,51,1
311,393,150,20,61,1
311,290,151,21,72,1
311,263,148,20,76,1
311,17,155,14,53,1
311,457,143,25,82,1
311,322,159,19,56,1
311,338,164,20,52,1
311,361,153,11,33,1
312,292,153,20,69,1
312,396,149,19,60,1
312,17,156,15,52,1
312,464,140,24,84,1
312,265,148,20,73,1
312,327,158,18,55,1
312,341,161,19,54,1
312,224,156,11,25,1
312,363,152,11,33,1
313,293,152,20,69,1
313,399,148,17,61,1
313,267,149,21,73,1
313,468,140,24,85,1
313,16,156,16,53,1
313,327,158,19,56,1
313,131,150,33,62,1
313,344,162,19,55,1
314,293,152,20,69,1
314,269,148,21,75,1
314,399,149,18,62,1
314,16,157,17,54,1
314,329,161,18,55,1
314,474,140,22,86,1
314,345,166,18,52,1
314,369,153,10,32,1
314,226,156,10,26,1
315,399,152,22,61,1
315,270,149,20,77,1
315,295,153,20,71,1
315,479,143,23,88,1
315,12,157,17,57,1
315,368,156,12,32,1
315,347,169,18,49,1
315,223,157,14,28,1
316,295,154,20,72,1
316,401,154,20,60,1
316,271,150,20,76,1
316,483,140,26,93,1
316,12,160,17,54,1
316,347,169,19,53,1
316,333,166,17,53,1
316,370,158,11,31,1
316,227,158,11,27,1
316,261,155,11,33,1
317,401,151,19,62,1
317,296,154,20,70,1
317,271,150,20,75,1
317,7,156,16,58,1
317,487,138,25,94,1
317,371,155,11,32,1
317,333,163,19,55,1
318,486,137,29,94,1
318,400,150,19,62,1
318,295,153,19,68,1
318,271,148,19,76,1
318,2,155,17,58,1
318,331,161,18,56,1
318,346,166,20,53,1
318,370,154,12,31,1
318,226,156,10,25,1
318,8,155,9,56,1
319,295,151,19,67,1
319,399,147,18,60,1
319,485,135,34,94,1
319,271,146,18,75,1
319,2,150,15,60,1
319,331,157,19,57,1
319,348,160,19,55,1
319,371,150,11,33,1
319,225,152,11,27,1
320,295,147,20,68,1
320,268,143,21,76,1
320,487,132,36,100,1
320,397,144,17,61,1
320,0,151,12,57,1
320,126,143,33,66,1
320,345,158,21,56,1
320,225,151,11,26,1
320,369,150,11,28,1
320,330,157,19,53,1
321,295,145,20,70,1
321,267,142,21,77,1
321,488,129,36,103,1
321,397,144,17,59,1
321,346,159,20,56,1
321,329,155,19,56,1
321,368,149,11,30,1
321,225,151,10,26,1
322,492,132,37,104,1
322,269,143,21,77,1
322,296,148,22,69,1
322,398,147,17,58,1
322,332,158,19,59,1
322,224,149,12,29,1
322,350,163,19,54,1
323,269,142,25,77,1
323,298,149,21,69,1
323,500,131,32,108,1
323,402,148,15,60,1
323,164,172,17,41,1
324,273,145,22,75,1
324,513,135,28,103,1
324,301,148,19,70,1
324,403,147,16,61,1
324,335,156,20,61,1
324,350,162,22,56,1
324,228,152,13,28,1
324,374,152,11,32,1
325,522,133,28,107,1
325,303,149,20,68,1
325,276,143,20,75,1
325,407,144,16,63,1
325,341,159,18,57,1
325,130,145,34,64,1
325,231,151,12,27,1
325,357,162,19,54,1
325,267,149,11,32,1
326,526,135,31,107,1
326,305,149,20,67,1
326,278,144,22,74,1
326,408,142,17,64,1
326,268,145,11,34,1
326,357,162,22,55,1
326,235,148,11,29,1
326,343,155,17,61,1
326,384,150,10,29,1
327,533,135,38,111,1
327,283,142,20,77,1
327,309,147,20,68,1
327,412,148,18,55,1
327,347,157,18,59,1
327,237,145,12,30,1
327,364,163,18,54,1
327,259,139,11,32,1
