1,435,187,76,152,0
1,176,174,73,145,0
1,600,171,35,123,0
2,441,181,78,157,0
2,180,178,69,137,0
2,600,169,35,122,0
2,139,201,59,119,0
3,446,182,78,156,0
3,600,169,35,122,0
3,141,213,54,107,0
3,175,173,74,149,0
4,448,178,82,165,0
4,178,178,68,136,0
4,600,169,35,122,0
4,143,209,58,115,0
5,458,175,90,178,0
5,145,209,57,114,0
5,599,165,37,128,0
5,180,185,64,128,0
6,462,176,90,180,0
6,163,168,75,151,0
7,165,170,74,148,0
7,471,175,90,182,0
7,599,165,37,128,0
7,144,208,59,118,0
8,471,172,94,188,0
8,167,171,74,147,0
8,144,207,59,118,0
8,600,171,35,120,0
9,487,169,94,189,0
9,168,173,74,148,0
9,599,169,36,124,0
9,145,207,60,119,0
10,482,169,91,183,0
10,166,170,76,152,0
10,599,165,37,128,0
11,130,139,95,190,0
11,490,170,90,181,0
11,177,181,68,137,0
11,599,166,37,133,0
12,501,151,109,218,0
12,169,171,74,150,0
12,146,205,60,119,0
12,599,165,37,128,0
13,503,168,98,195,0
13,179,177,71,142,0
13,146,207,61,121,0
13,600,171,35,120,0
14,510,168,99,198,0
14,169,170,75,151,0
14,146,207,59,118,0
15,506,163,104,207,0
15,180,177,72,144,0
15,148,216,57,113,0
16,511,173,99,198,0
16,182,177,71,142,0
16,600,166,35,125,0
17,516,170,104,207,0
17,184,179,71,142,0
18,525,181,96,191,0
18,186,182,70,138,0
18,146,201,66,134,0
19,529,174,98,199,0
19,187,183,68,136,0
20,538,175,90,198,0
20,188,184,69,137,0
21,189,184,69,138,0
21,146,201,66,134,0
21,552,176,78,174,0
22,188,184,68,136,0
23,562,163,70,218,0
23,191,187,66,133,0
23,148,221,57,113,0
24,569,162,63,227,0
24,191,184,68,135,0
24,146,211,62,125,0
25,564,159,67,239,0
25,191,183,69,137,0
25,148,224,57,113,0
26,570,161,62,226,0
26,192,183,67,135,0
26,144,193,72,144,0
27,573,165,59,214,0
27,194,182,67,134,0
28,584,205,50,186,0
28,190,180,70,139,0
29,191,180,70,139,0
29,609,165,28,110,0
30,582,204,51,186,0
30,190,181,70,139,0
31,192,180,70,139,0
31,599,169,36,124,0
32,189,182,69,138,0
32,599,164,36,129,0
33,189,183,69,138,0
33,599,164,36,129,0
34,189,185,70,138,0
34,599,164,36,129,0
35,170,176,78,157,0
35,600,168,35,126,0
35,218,189,54,109,0
36,169,172,82,163,0
36,601,168,34,123,0
37,176,175,78,156,0
37,601,170,34,120,0
38,165,171,84,168,0
38,600,166,35,124,0
38,222,191,55,110,0
39,160,171,85,170,0
39,600,166,35,124,0
39,222,192,56,111,0
40,164,173,83,166,0
40,223,188,56,113,0
40,601,170,34,120,0
41,161,173,86,172,0
41,599,165,37,128,0
41,223,188,56,113,0
42,161,178,85,170,0
42,601,167,34,122,0
42,225,188,58,114,0
43,165,189,79,158,0
43,599,169,37,128,0
43,227,191,56,111,0
44,164,182,82,164,0
44,599,169,36,124,0
44,226,190,57,113,0
45,162,177,86,174,0
45,229,190,56,112,0
45,599,169,36,124,0
46,160,179,89,178,0
46,599,169,36,124,0
46,230,190,57,113,0
47,161,181,91,183,0
47,600,171,35,120,0
47,231,188,57,114,0
48,158,172,95,191,0
48,599,165,37,128,0
48,234,192,57,113,0
49,155,172,97,194,0
49,236,192,55,110,0
49,599,169,36,124,0
50,599,169,36,124,0
50,184,191,74,147,0
50,235,188,58,115,0
51,195,186,74,146,0
51,599,170,36,123,0
52,195,192,71,142,0
52,599,169,36,124,0
52,236,192,57,114,0
53,194,200,70,139,0
53,600,168,35,126,0
53,239,194,54,107,0
54,196,201,67,134,0
54,600,171,35,120,0
55,192,192,74,148,0
55,599,169,36,124,0
56,161,192,87,175,0
56,202,187,70,139,0
56,600,171,35,123,0
57,167,199,85,170,0
57,205,186,66,130,0
57,600,171,35,120,0
57,238,191,59,118,0
58,167,192,87,174,0
58,600,171,35,120,0
58,239,192,60,120,0
59,167,201,84,169,0
59,240,195,58,117,0
59,601,172,34,118,0
60,168,195,88,176,0
60,601,172,34,118,0
60,243,196,58,114,0
61,177,209,78,158,0
61,600,171,35,120,0
61,244,192,61,121,0
62,184,198,82,163,0
62,600,172,35,122,0
62,244,192,61,121,0
63,172,194,91,182,0
63,600,171,35,123,0
64,172,194,90,181,0
64,601,173,34,120,0
64,247,191,61,122,0
65,177,203,85,169,0
65,248,190,63,126,0
65,601,173,34,120,0
66,187,202,80,161,0
66,600,171,35,123,0
66,249,198,59,118,0
67,187,201,81,162,0
67,247,184,66,131,0
67,600,171,35,120,0
68,191,194,81,162,0
68,248,180,68,136,0
68,600,171,35,123,0
69,194,194,80,160,0
69,250,186,66,131,0
69,599,169,36,124,0
70,197,183,85,169,0
70,602,170,34,119,0
70,254,190,64,126,0
71,193,190,83,167,0
71,602,171,34,120,0
72,195,187,84,168,0
72,602,173,34,118,0
73,194,190,83,166,0
73,601,172,34,118,0
74,206,181,83,166,0
74,179,240,70,141,0
74,600,171,35,120,0
75,215,181,82,163,0
75,161,178,104,208,0
75,600,171,35,120,0
75,280,189,57,113,0
76,218,182,79,158,0
76,163,183,102,203,0
76,600,171,35,120,0
76,283,189,57,113,0
77,220,182,78,158,0
77,599,166,37,133,0
77,163,183,102,203,0
77,283,189,57,113,0
78,220,181,81,161,0
78,162,168,109,217,0
78,599,169,36,124,0
79,158,166,113,225,0
79,222,178,80,161,0
79,599,169,36,124,0
79,289,189,57,113,0
80,160,171,110,221,0
80,599,169,37,128,0
80,284,187,62,122,0
80,223,182,81,161,0
81,224,181,84,168,0
81,159,177,107,213,0
81,600,171,35,122,0
81,284,187,61,121,0
82,162,177,110,219,0
82,228,175,85,170,0
82,600,171,35,123,0
83,156,169,119,238,0
83,230,183,82,163,0
83,600,171,35,120,0
84,154,166,121,242,0
84,232,184,82,163,0
84,271,193,67,134,0
84,599,169,36,124,0
85,156,172,121,242,0
85,271,193,69,137,0
85,232,184,82,163,0
85,599,166,37,131,0
86,157,168,122,242,0
86,273,192,70,140,0
86,599,169,37,128,0
87,160,173,120,240,0
87,234,184,82,163,0
87,282,187,69,138,0
87,599,169,37,128,0
88,164,170,118,235,0
88,597,164,38,138,0
88,234,182,83,166,0
88,288,182,69,137,0
89,174,191,104,208,0
89,234,182,85,169,0
89,599,164,36,129,0
90,232,176,90,180,0
90,599,165,37,128,0
91,232,176,90,180,0
91,287,204,63,126,0
91,599,165,37,128,0
92,599,165,37,128,0
92,235,181,85,170,0
93,238,181,82,165,0
93,599,165,37,128,0
94,185,196,110,220,0
94,241,184,81,162,0
94,292,189,72,145,0
94,599,165,37,128,0
95,241,176,90,180,0
95,296,187,73,145,0
95,599,169,36,124,0
96,243,176,88,176,0
96,298,206,64,128,0
96,599,165,37,128,0
97,240,180,91,182,0
97,599,166,37,133,0
97,295,186,74,150,0
98,239,184,90,182,0
98,599,169,37,128,0
99,241,172,95,190,0
99,326,192,62,123,0
99,600,168,35,126,0
100,248,174,90,180,0
100,600,168,35,126,0
101,188,185,115,229,0
101,599,164,36,129,0
101,317,225,55,110,0
101,257,189,86,172,0
102,183,186,122,243,0
102,255,185,90,180,0
102,599,162,37,134,0
102,337,189,64,127,0
103,186,184,123,246,0
103,256,180,92,183,0
103,315,182,78,155,0
103,599,165,37,128,0
104,187,180,128,257,0
104,320,207,66,134,0
104,600,168,35,126,0
105,186,179,136,259,0
105,261,165,102,202,0
105,599,166,37,133,0
105,320,204,67,134,0
106,319,163,89,177,0
106,265,185,86,173,0
106,599,166,37,133,0
107,323,170,85,170,0
107,598,163,38,138,0
107,272,197,81,162,0
107,194,171,136,266,0
108,329,173,82,165,0
108,599,164,37,133,0
108,270,182,89,178,0
109,336,179,80,162,0
109,599,165,37,128,0
110,201,171,136,266,0
110,335,165,90,179,0
110,600,166,35,125,0
111,601,173,34,120,0
111,343,178,80,160,0
112,205,175,134,262,0
112,344,176,82,165,0
112,599,165,36,130,0
113,205,175,134,262,0
113,350,179,80,160,0
113,599,170,36,127,0
114,208,163,140,273,0
114,354,201,73,146,0
114,598,163,38,138,0
115,214,152,146,282,0
115,357,200,74,146,0
115,598,164,38,136,0
116,358,198,74,149,0
116,6,87,49,193,0
116,284,184,83,167,0
116,599,166,37,133,0
117,222,161,141,274,0
117,361,196,78,155,0
117,598,164,38,136,0
118,219,146,149,287,0
118,366,191,80,159,0
118,599,164,37,133,0
118,187,174,56,112,0
119,220,146,150,287,0
119,370,193,79,159,0
119,599,167,37,130,0
119,189,175,56,112,0
120,368,172,90,179,0
120,234,166,139,270,0
120,600,171,35,120,0
120,189,176,56,113,0
121,227,146,150,287,0
121,376,193,79,158,0
121,192,176,57,113,0
121,597,167,38,134,0
122,245,188,131,251,0
122,381,211,73,145,0
122,599,169,37,128,0
122,195,183,56,111,0
123,384,207,74,149,0
123,255,222,114,222,0
123,599,166,37,131,0
123,195,178,58,115,0
124,387,204,78,157,0
124,197,178,58,114,0
124,596,163,39,139,0
125,231,183,104,207,0
125,271,229,116,216,0
125,390,200,78,155,0
126,269,212,123,230,0
126,238,200,95,190,0
126,397,180,80,161,0
126,592,188,42,158,0
126,202,185,53,106,0
127,268,202,127,239,0
127,591,192,43,158,0
127,203,183,54,106,0
128,290,237,111,209,0
128,587,169,47,174,0
128,206,185,54,107,0
129,296,261,100,189,0
129,408,175,93,186,0
129,576,162,57,201,0
129,206,185,53,106,0
130,412,179,90,178,0
130,253,128,166,302,0
130,207,183,54,106,0
131,251,132,160,299,0
131,422,179,78,157,0
131,209,188,53,105,0
132,276,195,131,245,0
132,423,174,82,164,0
132,210,190,54,109,0
133,432,212,74,150,0
133,310,314,74,143,0
133,600,166,35,125,0
133,552,163,53,106,0
133,210,184,55,110,0
134,434,206,78,155,0
134,535,188,73,146,0
134,313,327,67,132,0
134,209,183,55,110,0
134,597,164,38,131,0
135,248,115,168,314,0
135,437,204,78,157,0
135,531,175,79,159,0
135,211,186,54,109,0
135,598,170,38,125,0
136,529,190,73,146,0
136,438,187,87,174,0
136,316,329,66,130,0
137,523,196,70,138,0
137,320,340,62,121,0
137,599,165,37,128,0
138,446,180,95,190,0
138,312,250,106,198,0
138,517,190,69,138,0
138,599,165,37,128,0
138,214,187,53,105,0
139,218,190,52,104,0
139,322,342,61,118,0
139,599,166,37,133,0
140,249,203,102,202,0
140,312,250,106,198,0
140,599,166,37,133,0
141,464,174,98,197,0
141,247,205,102,205,0
141,599,166,37,133,0
142,471,202,89,177,0
142,245,201,107,214,0
142,598,164,38,136,0
143,475,209,90,180,0
143,246,201,106,211,0
143,598,164,38,136,0
144,472,179,107,214,0
144,255,102,179,325,0
144,598,164,38,136,0
145,247,201,106,212,0
145,598,164,38,136,0
145,334,353,54,109,0
146,251,201,106,212,0
146,469,176,79,158,0
146,600,166,35,125,0
147,271,136,159,296,0
147,259,206,103,206,0
147,492,184,96,191,0
147,597,164,38,139,0
148,261,209,102,206,0
148,450,188,66,131,0
148,599,166,36,130,0
149,264,209,102,203,0
149,599,166,37,133,0
149,447,191,64,127,0
150,513,169,110,221,0
150,262,202,106,210,0
150,445,188,64,127,0
150,599,165,37,132,0
151,9,84,74,299,0
151,514,172,110,221,0
151,442,190,61,122,0
151,599,169,36,124,0
151,240,188,54,106,0
152,8,123,65,261,0
152,301,194,130,246,0
152,436,187,64,128,0
152,519,173,107,232,0
152,241,190,54,106,0
153,6,182,52,204,0
153,521,168,106,227,0
153,323,229,111,216,0
153,432,186,63,126,0
153,244,191,53,106,0
154,6,172,51,206,0
154,530,162,98,230,0
154,315,208,120,234,0
154,427,186,65,129,0
155,7,146,58,229,0
155,266,208,102,202,0
155,309,193,128,247,0
155,536,164,93,232,0
155,420,190,59,118,0
156,8,112,68,266,0
156,309,189,130,250,0
156,268,213,97,193,0
156,606,169,30,113,0
157,266,209,99,198,0
157,311,194,127,246,0
157,10,78,77,298,0
158,281,112,170,317,0
158,10,69,80,320,0
158,409,186,58,117,0
158,544,287,59,118,0
159,311,192,130,248,0
159,266,208,102,202,0
159,8,189,68,155,0
159,565,168,66,250,0
160,308,175,138,262,0
160,263,204,104,208,0
160,564,161,67,255,0
160,9,188,74,154,0
160,258,190,54,106,0
161,290,136,155,296,0
161,10,188,82,166,0
161,564,161,67,255,0
162,293,133,158,298,0
162,16,111,126,259,0
163,293,131,159,300,0
163,16,110,130,259,0
164,292,133,159,298,0
165,293,135,158,297,0
165,33,184,92,183,0
166,319,185,133,254,0
166,580,168,54,193,0
166,266,208,102,202,0
166,43,189,85,170,0
166,4,247,28,112,0
167,9,78,70,278,0
167,300,129,158,302,0
167,47,186,86,173,0
167,578,169,55,199,0
168,9,84,69,274,0
168,287,107,171,321,0
168,55,190,86,171,0
168,581,174,52,190,0
168,266,208,102,202,0
169,301,132,157,299,0
169,5,184,40,159,0
169,599,166,36,125,0
169,58,192,82,165,0
170,67,197,72,143,0
170,600,171,35,120,0
170,9,79,72,267,0
170,291,115,167,314,0
171,300,122,162,308,0
171,7,208,53,133,0
171,73,199,75,150,0
171,599,169,36,124,0
172,80,191,78,156,0
172,7,189,59,150,0
172,600,166,35,125,0
172,296,121,162,309,0
173,308,133,157,298,0
173,8,206,62,142,0
173,84,191,73,146,0
173,599,165,37,128,0
174,8,216,65,132,0
174,86,198,82,163,0
174,307,130,159,301,0
174,600,166,35,125,0
175,305,135,154,297,0
175,90,169,95,190,0
175,9,204,72,144,0
176,315,154,148,281,0
176,13,192,73,145,0
176,600,166,35,125,0
176,4,218,29,114,0
177,9,88,73,293,0
177,320,163,142,273,0
177,96,163,96,191,0
177,20,196,68,136,0
177,600,163,35,134,0
178,325,179,135,259,0
178,101,165,95,190,0
178,6,183,52,206,0
178,27,201,64,127,0
178,284,213,88,175,0
179,307,186,122,244,0
179,102,157,100,200,0
179,32,197,66,133,0
179,6,204,50,131,0
180,302,180,124,249,0
180,107,162,91,182,0
180,7,199,56,148,0
180,599,165,37,128,0
180,40,197,64,128,0
181,308,141,154,292,0
181,599,164,37,135,0
181,117,178,78,155,0
181,46,199,65,129,0
181,8,203,62,145,0
182,319,168,141,268,0
182,9,194,71,164,0
182,50,197,65,130,0
182,596,163,39,139,0
182,125,186,71,142,0
183,319,166,142,270,0
183,131,192,67,134,0
183,10,193,78,163,0
183,54,192,66,133,0
183,598,164,38,136,0
184,324,180,135,258,0
184,12,184,92,184,0
184,280,202,103,206,0
184,597,167,38,134,0
184,57,192,66,130,0
184,134,191,67,134,0
185,20,190,79,158,0
185,143,195,66,132,0
185,598,164,38,136,0
185,317,168,141,269,0
185,63,195,64,128,0
186,308,163,140,273,0
186,27,201,78,155,0
186,144,190,70,138,0
186,599,169,37,128,0
186,70,192,63,126,0
187,317,163,142,273,0
187,32,196,82,162,0
187,77,197,62,125,0
187,145,185,75,150,0
187,599,169,37,128,0
187,4,247,28,114,0
188,315,163,142,273,0
188,5,222,38,147,0
188,599,165,37,128,0
188,34,193,81,162,0
188,83,196,62,122,0
188,146,181,79,159,0
189,315,163,143,273,0
189,6,186,45,177,0
189,43,196,74,150,0
189,599,166,37,133,0
189,88,192,58,116,0
190,310,153,147,282,0
190,154,185,79,158,0
190,6,176,46,176,0
190,599,169,36,124,0
191,323,169,140,267,0
191,9,77,71,286,0
191,157,176,78,158,0
191,58,195,75,151,0
191,599,165,37,128,0
191,98,189,61,121,0
192,162,177,76,152,0
192,5,214,37,146,0
192,63,197,72,144,0
192,102,205,61,122,0
192,320,155,147,279,0
192,600,171,35,120,0
193,317,150,150,284,0
193,168,185,72,144,0
193,8,189,66,152,0
193,103,198,66,131,0
193,67,200,76,151,0
193,599,175,36,117,0
194,319,165,143,271,0
194,171,175,79,159,0
194,9,184,73,167,0
194,73,194,72,143,0
194,599,165,37,128,0
194,113,198,57,113,0
195,315,167,142,270,0
195,10,181,79,170,0
195,176,187,72,144,0
195,77,194,72,145,0
195,599,164,36,129,0
196,319,168,142,269,0
196,10,187,80,163,0
196,82,197,74,149,0
196,179,185,69,138,0
196,600,166,35,125,0
197,321,175,138,262,0
197,179,181,74,147,0
197,17,194,77,154,0
197,86,193,72,144,0
197,600,166,35,125,0
197,132,198,55,110,0
198,320,167,143,270,0
198,186,178,70,141,0
198,22,206,75,150,0
198,600,166,35,125,0
199,318,166,143,270,0
199,186,180,72,144,0
199,28,196,77,154,0
199,600,166,35,125,0
200,317,170,141,266,0
200,101,135,106,213,0
200,187,178,74,148,0
200,32,196,74,150,0
200,600,166,35,125,0
201,6,86,51,202,0
201,190,181,73,145,0
201,314,161,146,274,0
201,600,166,35,125,0
201,16,107,126,250,0
202,311,161,146,274,0
202,140,182,72,144,0
202,190,180,74,148,0
202,600,166,35,125,0
202,47,192,74,148,0
203,310,154,149,281,0
203,598,165,38,134,0
203,188,171,82,164,0
203,118,189,76,152,0
203,53,196,67,134,0
204,308,156,146,278,0
204,200,183,70,139,0
204,123,207,69,137,0
204,60,200,67,135,0
204,600,166,35,125,0
205,307,154,150,281,0
205,204,187,64,128,0
205,64,194,72,144,0
205,122,189,76,152,0
205,599,170,36,126,0
206,309,161,145,274,0
206,71,198,66,132,0
206,602,173,34,118,0
206,164,187,59,118,0
206,199,178,77,154,0
206,125,191,74,150,0
207,306,148,150,286,0
207,212,188,63,126,0
207,76,213,66,131,0
207,601,172,34,118,0
208,306,154,148,281,0
208,214,186,66,133,0
208,78,202,72,144,0
208,138,194,69,138,0
208,602,173,34,118,0
209,307,155,145,280,0
209,215,193,66,132,0
209,81,192,68,135,0
209,139,193,72,144,0
209,602,173,34,118,0
210,307,148,148,286,0
210,215,194,67,134,0
210,183,194,62,122,0
210,141,191,74,148,0
210,600,166,35,125,0
210,95,195,57,113,0
211,305,155,144,280,0
211,182,183,66,131,0
211,215,189,69,137,0
211,601,169,34,123,0
212,308,155,147,280,0
212,144,193,72,144,0
212,187,187,62,122,0
212,220,196,65,129,0
212,601,172,34,118,0
213,317,169,143,267,0
213,220,188,69,138,0
213,101,195,72,145,0
213,195,192,55,110,0
214,314,168,146,269,0
214,156,189,76,152,0
214,223,191,68,136,0
214,109,197,69,136,0
215,306,150,152,284,0
215,161,192,71,142,0
215,112,201,66,131,0
215,226,187,70,138,0
216,306,153,149,282,0
216,161,186,74,147,0
216,225,185,70,141,0
217,227,186,69,138,0
217,168,189,71,142,0
217,123,210,62,124,0
217,600,171,35,120,0
217,404,252,54,107,0
218,226,182,70,139,0
218,121,194,69,138,0
218,166,190,75,150,0
218,599,169,36,124,0
219,224,183,68,136,0
219,170,189,77,153,0
219,600,171,35,120,0
220,222,182,68,136,0
220,176,191,72,145,0
220,601,172,34,118,0
221,231,189,62,122,0
221,178,191,74,147,0
221,601,172,34,118,0
222,228,187,63,126,0
222,599,169,36,124,0
222,145,202,62,122,0
223,601,173,34,120,0
223,235,188,61,122,0
223,146,204,59,118,0
224,600,171,35,120,0
224,238,186,59,118,0
225,153,199,62,125,0
225,600,171,35,120,0
225,435,190,73,145,0
226,434,190,74,148,0
226,602,173,34,118,0
226,151,195,66,131,0
227,438,181,74,147,0
227,600,172,35,122,0
228,250,190,62,124,0
228,446,190,69,138,0
228,601,173,34,120,0
229,449,195,70,141,0
229,253,188,64,127,0
229,603,170,33,122,0
229,414,177,54,107,0
230,452,194,70,141,0
230,255,187,62,124,0
230,601,173,34,120,0
230,418,177,54,107,0
231,258,181,66,131,0
231,457,192,71,142,0
231,168,193,70,141,0
231,601,173,34,120,0
231,223,192,54,110,0
232,463,196,73,146,0
232,602,171,34,118,0
232,222,190,57,114,0
233,467,177,85,169,0
233,178,190,64,128,0
233,223,187,59,118,0
233,599,166,36,125,0
233,263,198,58,114,0
234,180,190,62,123,0
234,224,186,64,127,0
234,466,176,84,169,0
234,601,172,34,118,0
234,263,197,58,115,0
234,18,363,58,101,0
235,227,187,66,131,0
235,6,366,44,98,0
235,600,166,35,125,0
235,180,189,63,126,0
236,229,188,70,139,0
236,186,185,58,117,0
236,4,366,29,98,0
236,601,172,34,118,0
237,229,185,70,142,0
237,187,190,59,118,0
237,3,364,26,100,0
237,600,166,35,125,0
238,422,250,116,198,0
238,479,175,89,177,0
238,237,187,69,136,0
238,600,171,35,120,0
238,190,186,60,120,0
239,5,148,41,162,0
239,242,180,72,143,0
239,483,175,96,191,0
239,600,171,35,120,0
239,192,186,57,113,0
240,4,162,32,125,0
240,245,179,71,142,0
240,366,211,108,215,0
240,490,183,86,171,0
240,601,172,34,118,0
240,194,185,60,120,0
241,491,181,88,176,0
241,194,180,63,126,0
241,250,170,74,149,0
241,364,216,112,224,0
241,331,133,66,131,0
241,600,171,35,120,0
242,503,185,86,171,0
242,193,179,66,130,0
242,360,189,130,250,0
242,248,181,70,141,0
242,600,171,35,120,0
243,370,216,117,227,0
243,500,179,98,194,0
243,7,234,53,211,0
243,195,179,65,130,0
243,253,188,69,137,0
243,600,171,35,120,0
243,290,188,58,114,0
244,370,212,119,230,0
244,506,172,106,211,0
244,253,187,70,138,0
244,4,229,34,134,0
244,4,301,31,123,0
244,602,171,34,118,0
244,198,181,64,128,0
245,373,225,113,219,0
245,509,176,102,202,0
245,202,184,62,123,0
245,258,191,66,131,0
245,602,169,34,121,0
245,298,186,57,113,0
246,378,218,115,226,0
246,8,71,63,253,0
246,204,182,62,125,0
246,259,194,63,126,0
246,601,169,34,123,0
247,379,208,122,234,0
247,530,178,82,163,0
247,206,182,64,127,0
247,600,168,35,126,0
247,303,190,58,114,0
247,266,196,59,118,0
247,339,138,65,129,0
248,382,211,121,231,0
248,208,182,62,123,0
248,532,180,82,165,0
248,600,168,35,126,0
248,306,189,57,113,0
248,267,197,60,120,0
249,210,184,61,122,0
249,384,198,125,242,0
249,269,196,62,123,0
249,527,174,101,227,0
250,398,212,112,223,0
250,213,183,62,122,0
250,601,169,34,123,0
250,270,195,62,125,0
251,542,181,87,189,0
251,404,206,107,214,0
251,272,192,67,134,0
251,603,170,33,120,0
251,217,186,59,118,0
252,399,187,131,252,0
252,539,171,90,227,0
252,275,193,67,134,0
252,219,190,57,114,0
253,549,190,81,209,0
253,219,189,59,118,0
253,280,190,66,132,0
253,42,211,61,121,0
253,396,181,139,257,0
254,396,181,139,257,0
254,550,164,80,235,0
254,220,188,61,122,0
254,284,196,63,126,0
254,34,211,63,127,0
255,404,193,131,247,0
255,222,187,60,119,0
255,289,195,64,128,0
256,418,193,130,247,0
256,226,187,62,122,0
256,329,181,62,125,0
257,420,194,130,246,0
257,228,188,60,120,0
257,298,199,62,122,0
258,419,190,136,250,0
258,232,190,59,118,0
258,305,193,63,126,0
258,564,161,67,255,0
259,420,191,136,249,0
259,305,191,64,127,0
259,338,176,62,125,0
259,235,188,62,123,0
260,306,187,68,135,0
260,339,183,59,118,0
260,236,186,62,125,0
261,340,185,58,115,0
261,238,186,62,125,0
262,8,73,68,272,0
262,327,187,62,124,0
263,9,70,71,286,0
263,310,190,66,132,0
263,469,216,55,110,0
263,606,169,30,113,0
263,243,186,59,118,0
264,313,191,65,129,0
264,247,193,57,114,0
265,313,185,69,138,0
265,475,211,58,117,0
266,463,180,139,258,0
266,315,186,70,140,0
266,252,191,57,113,0
267,461,194,134,246,0
267,319,189,67,134,0
267,289,195,59,118,0
268,324,184,70,141,0
268,290,196,60,121,0
268,463,194,137,246,0
269,331,184,71,142,0
269,468,173,145,264,0
270,472,182,140,256,0
270,334,185,71,142,0
271,478,180,141,258,0
271,340,187,66,132,0
271,266,188,59,118,0
272,490,175,134,262,0
272,341,183,68,136,0
272,300,196,60,121,0
273,483,174,139,263,0
273,344,186,66,132,0
273,272,188,58,116,0
274,488,181,135,257,0
274,520,159,62,126,0
274,348,188,63,126,0
274,273,187,58,115,0
275,485,181,138,258,0
275,348,189,64,127,0
275,275,190,57,114,0
276,481,165,142,271,0
276,347,184,67,134,0
276,276,190,58,115,0
277,477,154,145,281,0
277,348,181,68,137,0
277,279,191,57,113,0
278,349,178,70,141,0
278,315,186,60,120,0
278,280,189,58,114,0
278,487,175,136,262,0
279,490,168,134,268,0
279,353,184,66,133,0
279,283,192,56,111,0
279,315,185,59,118,0
280,505,192,120,248,0
280,357,187,66,130,0
280,287,186,61,121,0
280,316,183,63,126,0
281,360,184,67,134,0
281,314,181,62,125,0
281,535,204,64,127,0
282,538,206,59,118,0
282,323,183,58,117,0
282,361,185,66,133,0
283,541,205,65,129,0
283,364,184,66,131,0
284,543,204,66,131,0
284,367,194,62,124,0
285,547,203,64,129,0
285,570,155,62,128,0
285,366,189,66,132,0
285,299,188,57,114,0
286,548,201,71,142,0
286,367,189,65,129,0
286,570,155,62,128,0
286,299,187,59,118,0
287,367,180,70,139,0
287,548,199,72,144,0
287,300,186,59,118,0
288,552,199,74,149,0
288,374,185,66,133,0
288,570,151,62,150,0
289,555,200,74,149,0
289,578,154,55,131,0
289,304,188,58,115,0
290,563,206,69,146,0
291,378,184,66,133,0
291,567,211,65,145,0
292,383,187,66,131,0
293,388,189,65,129,0
293,582,209,51,139,0
293,602,161,34,125,0
294,586,193,48,175,0
294,392,187,65,130,0
294,608,169,29,110,0
295,591,191,44,160,0
295,393,190,64,128,0
296,591,188,43,158,0
296,396,192,63,126,0
296,325,186,55,110,0
297,593,188,42,157,0
297,398,196,62,123,0
297,323,181,58,116,0
298,600,168,35,130,0
298,325,188,55,110,0
298,402,196,61,122,0
299,404,190,63,126,0
299,602,167,34,121,0
299,324,186,56,112,0
300,407,195,62,124,0
300,600,170,35,122,0
300,327,186,56,111,0
