1,295,74,87,272,0
1,0,17,110,452,0
1,131,136,37,128,0
1,179,127,33,131,0
1,288,108,29,132,0
2,0,9,102,452,0
2,296,76,79,266,0
2,125,123,39,141,0
2,176,120,36,142,0
3,0,33,95,441,0
3,122,118,40,147,0
3,297,75,74,261,0
3,175,116,32,151,0
4,295,76,75,267,0
4,0,40,80,433,0
4,117,117,39,148,0
4,170,123,32,145,0
4,346,100,32,182,0
4,286,114,26,136,0
4,554,242,26,79,0
5,291,72,76,275,0
5,114,119,39,150,0
5,163,116,38,158,0
5,0,38,66,411,0
5,282,117,30,142,0
5,556,244,25,76,0
6,286,75,80,277,0
6,110,119,42,156,0
6,162,116,39,159,0
6,0,53,51,260,0
6,256,145,16,55,0
7,289,72,77,282,0
7,107,120,43,157,0
7,161,115,40,159,0
7,0,83,39,256,0
7,259,147,17,54,0
7,238,146,14,55,0
8,106,120,45,163,0
8,284,66,75,285,0
8,160,116,40,162,0
9,104,123,44,165,0
9,287,72,68,274,0
9,160,118,39,167,0
9,340,105,29,180,0
10,102,126,45,167,0
10,291,77,63,287,0
10,157,121,41,170,0
10,339,110,34,180,0
11,295,81,63,285,0
11,110,127,47,174,0
11,165,123,45,175,0
11,345,113,37,180,0
12,114,130,50,172,0
12,297,79,68,291,0
12,174,125,42,178,0
12,349,114,41,183,0
13,297,81,72,285,0
13,124,132,46,174,0
13,181,129,44,180,0
13,356,117,46,185,0
14,298,81,74,294,0
14,128,136,51,180,0
14,187,134,46,179,0
14,364,120,46,189,0
15,300,88,76,289,0
15,131,141,48,183,0
15,190,132,46,187,0
15,368,126,54,185,0
15,538,339,16,36,0
16,132,146,50,185,0
16,303,95,73,292,0
16,370,129,53,185,0
16,193,135,44,188,0
17,132,147,48,193,0
17,305,99,76,293,0
17,196,141,46,190,0
17,373,133,54,184,0
18,129,150,49,198,0
18,312,98,70,314,0
18,377,138,54,181,0
18,196,141,46,197,0
19,125,156,54,197,0
19,315,109,68,305,0
19,379,141,53,185,0
19,198,149,45,195,0
20,315,114,68,304,0
20,121,158,55,202,0
20,379,147,52,190,0
20,195,151,49,204,0
20,587,375,21,48,0
21,115,161,57,202,0
21,315,116,69,293,0
21,380,150,53,191,0
21,191,159,50,203,0
21,588,381,26,58,0
22,108,164,60,210,0
22,312,121,68,294,0
22,188,166,51,204,0
22,379,159,52,186,0
22,587,385,29,61,0
22,519,196,15,22,0
23,97,167,65,224,0
23,309,128,66,299,0
23,377,166,49,188,0
23,182,166,55,213,0
23,586,392,35,72,0
23,519,199,12,25,0
24,87,174,67,225,0
24,307,136,65,299,0
24,176,174,56,214,0
24,372,172,51,190,0
24,587,399,35,71,0
24,516,204,11,25,0
25,78,181,69,227,0
25,301,142,66,303,0
25,167,181,60,223,0
25,369,176,50,194,0
25,513,211,11,21,0
26,67,184,73,232,0
26,160,180,64,233,0
26,299,147,63,298,0
26,366,179,51,193,0
26,511,211,13,25,0
27,58,187,75,242,0
27,297,152,63,300,0
27,157,186,66,233,0
27,365,181,52,192,0
27,510,212,14,25,0
27,594,216,22,41,0
28,54,186,75,270,0
28,156,193,65,239,0
28,292,151,65,299,0
28,364,181,54,195,0
28,508,212,14,25,0
28,592,217,21,41,0
29,48,189,75,264,0
29,152,184,69,263,0
29,361,181,57,196,0
29,287,151,69,296,0
29,508,212,13,25,0
30,37,186,81,275,0
30,148,184,67,264,0
30,362,183,58,191,0
30,284,150,67,296,0
30,508,212,13,24,0
30,265,225,18,60,0
31,33,184,80,288,0
31,146,184,68,271,0
31,275,152,76,298,0
31,361,185,60,193,0
31,506,211,17,25,0
31,339,190,25,139,0
32,28,183,79,293,0
32,144,180,71,281,0
32,275,153,77,298,0
32,361,184,60,194,0
32,341,189,27,138,0
32,511,210,13,26,0
32,603,404,26,73,0
33,21,178,81,299,0
33,364,181,58,195,0
33,145,178,71,285,0
33,276,151,74,302,0
33,343,188,27,139,0
33,512,205,13,26,0
34,15,177,82,299,0
34,146,163,75,298,0
34,369,175,55,197,0
34,279,148,76,308,0
34,344,184,28,141,0
34,516,204,12,26,0
35,7,168,87,307,0
35,144,158,77,306,0
35,279,144,77,304,0
35,371,170,54,198,0
35,516,200,18,26,0
35,345,181,28,145,0
36,140,151,80,323,0
36,0,159,88,320,0
36,281,143,75,297,0
36,373,169,56,185,0
36,517,199,18,25,0
36,347,179,27,144,0
36,253,222,19,56,0
37,136,142,86,333,0
37,0,152,77,324,0
37,280,138,79,284,0
37,372,167,54,189,0
37,516,194,21,30,0
38,283,132,77,285,0
38,129,140,87,335,0
38,0,145,67,330,0
38,374,166,56,190,0
38,517,193,21,30,0
38,251,216,19,58,0
39,118,133,94,344,0
39,373,164,55,194,0
39,285,132,70,294,0
39,0,139,55,340,0
39,519,194,19,30,0
39,272,200,15,63,0
39,250,216,17,59,0
40,107,129,96,349,0
40,369,162,55,195,0
40,288,128,64,298,0
40,515,192,20,28,0
40,0,185,45,214,0
40,342,171,29,143,0
40,267,202,17,67,0
41,94,118,100,360,0
41,284,132,63,291,0
41,366,158,56,201,0
41,337,167,27,146,0
41,264,195,19,77,0
41,244,210,19,63,0
41,516,190,14,25,0
42,79,112,106,362,0
42,280,131,64,290,0
42,363,156,56,201,0
42,331,162,32,147,0
42,262,191,19,81,0
42,511,188,15,25,0
42,239,206,17,62,0
43,61,97,109,378,0
43,272,127,63,291,0
43,358,155,54,199,0
43,324,159,32,146,0
43,562,386,51,92,0
43,255,189,15,74,0
43,157,181,29,130,0
43,235,204,19,60,0
44,42,85,118,392,0
44,350,148,56,202,0
44,261,121,68,292,0
44,146,175,38,138,0
44,227,198,20,65,0
44,319,157,33,144,0
44,246,181,21,89,0
44,504,184,16,25,0
45,23,73,121,401,0
45,252,117,73,289,0
45,347,150,55,194,0
45,315,154,33,144,0
45,140,173,36,135,0
45,558,379,35,99,0
46,10,60,130,418,0
46,245,111,76,288,0
46,344,137,56,200,0
46,136,169,37,138,0
46,310,150,34,147,0
47,239,109,76,288,0
47,0,49,126,430,0
47,339,137,61,201,0
47,133,167,37,146,0
47,306,148,35,149,0
47,496,173,15,26,0
48,233,107,78,296,0
48,1,39,124,438,0
48,338,137,61,201,0
48,127,166,38,142,0
48,304,146,35,151,0
48,495,173,18,25,0
49,230,109,79,295,0
49,0,27,120,443,0
49,338,136,64,202,0
49,302,144,34,151,0
49,126,161,37,155,0
49,616,373,23,79,0
49,552,370,58,105,0
50,230,113,79,292,0
50,339,138,65,202,0
50,0,15,111,451,0
50,304,151,36,145,0
50,125,158,38,155,0
50,500,172,15,28,0
50,585,182,13,37,0
51,235,112,75,292,0
51,343,138,64,198,0
51,2,0,96,475,0
51,303,144,41,155,0
51,124,158,41,158,0
52,244,110,77,286,0
52,349,136,62,203,0
52,135,161,36,153,0
52,1,97,62,373,0
52,312,143,40,152,0
52,513,167,14,29,0
53,250,107,73,284,0
53,359,137,61,199,0
53,319,144,39,148,0
53,142,155,34,161,0
53,520,166,14,26,0
54,363,133,58,200,0
54,254,105,72,281,0
54,140,158,38,158,0
54,321,138,39,153,0
55,365,129,57,203,0
55,256,104,71,284,0
55,141,160,35,158,0
55,325,139,40,152,0
55,566,370,18,91,0
55,529,164,18,27,0
56,260,101,73,286,0
56,367,128,57,198,0
56,327,140,39,146,0
56,138,155,40,162,0
56,535,164,13,26,0
57,260,102,70,290,0
57,372,128,55,203,0
57,137,155,40,162,0
57,328,139,40,144,0
57,535,162,15,26,0
58,263,104,68,283,0
58,373,127,57,204,0
58,135,154,42,163,0
58,332,141,38,141,0
58,428,199,33,85,0
59,262,104,68,283,0
59,375,127,57,205,0
59,333,144,38,139,0
59,132,147,45,172,0
59,547,162,15,26,0
60,375,126,58,209,0
60,260,100,68,281,0
60,330,148,41,136,0
60,130,139,44,184,0
60,546,162,15,25,0
61,375,128,55,209,0
61,253,100,70,282,0
61,125,144,45,182,0
61,326,149,44,136,0
61,544,164,16,27,0
62,372,129,55,208,0
62,250,102,68,281,0
62,316,148,51,139,0
62,122,146,43,179,0
62,543,164,17,28,0
63,239,102,77,283,0
63,367,128,58,211,0
63,315,145,48,140,0
63,542,164,13,29,0
63,116,154,40,178,0
64,234,104,79,282,0
64,364,130,59,207,0
64,315,142,41,146,0
64,108,145,46,191,0
64,542,164,13,27,0
64,220,182,24,71,0
65,232,107,79,283,0
65,364,127,59,210,0
65,314,135,37,152,0
65,107,138,45,205,0
65,541,163,15,28,0
65,337,162,24,97,0
66,234,107,78,285,0
66,363,125,60,210,0
66,103,145,49,196,0
66,313,131,36,156,0
66,541,161,15,31,0
66,337,161,25,98,0
66,217,185,29,74,0
67,239,107,73,279,0
67,362,128,61,210,0
67,102,148,46,202,0
67,312,136,35,155,0
67,542,162,14,31,0
67,337,162,26,94,0
68,362,128,61,212,0
68,245,105,68,283,0
68,96,134,51,221,0
68,312,136,35,155,0
68,215,182,30,82,0
68,337,163,27,98,0
68,590,377,49,100,0
69,243,108,74,273,0
69,364,131,60,215,0
69,94,144,53,213,0
69,311,133,35,161,0
69,545,164,16,30,0
69,338,162,28,98,0
70,248,109,71,273,0
70,367,130,61,218,0
70,93,144,53,214,0
70,313,131,34,165,0
70,343,166,26,94,0
70,219,188,27,79,0
70,547,162,16,32,0
71,252,108,68,281,0
71,371,134,62,212,0
71,92,144,55,219,0
71,317,138,33,155,0
71,454,210,42,129,0
71,344,167,27,93,0
71,552,164,18,31,0
72,254,112,67,278,0
72,375,131,60,213,0
72,92,133,58,237,0
72,319,144,31,156,0
72,347,171,27,94,0
73,377,131,65,207,0
73,91,145,60,225,0
73,260,112,65,286,0
73,322,143,32,155,0
73,350,170,27,93,0
74,88,146,59,228,0
74,260,117,67,277,0
74,383,133,62,207,0
74,324,146,34,153,0
74,353,171,25,94,0
74,470,219,41,125,0
75,260,117,68,267,0
75,82,147,63,233,0
75,387,135,61,213,0
75,325,146,34,155,0
75,354,174,26,91,0
75,572,172,16,27,0
76,387,133,61,217,0
76,259,119,71,270,0
76,77,142,62,250,0
76,326,146,34,156,0
76,353,176,28,91,0
77,259,117,71,268,0
77,389,135,61,219,0
77,69,141,67,253,0
77,327,148,32,153,0
77,354,177,27,91,0
78,257,115,75,271,0
78,389,137,62,218,0
78,63,132,68,271,0
78,355,178,25,89,0
78,327,145,32,157,0
78,218,191,41,89,0
78,480,219,48,130,0
79,384,137,62,219,0
79,255,116,78,272,0
79,52,128,74,280,0
79,481,223,46,128,0
79,350,177,27,89,0
79,322,146,31,151,0
79,572,167,15,35,0
80,383,134,60,223,0
80,41,130,75,282,0
80,254,119,76,273,0
80,322,143,31,158,0
80,347,173,28,95,0
80,569,164,20,37,0
80,214,183,33,99,0
81,30,126,79,292,0
81,379,131,58,222,0
81,253,120,76,271,0
81,210,182,36,99,0
81,346,176,27,86,0
81,319,139,28,165,0
82,373,133,61,220,0
82,19,126,81,305,0
82,252,123,72,269,0
82,343,175,25,91,0
82,316,143,30,158,0
82,564,167,14,33,0
82,240,163,24,114,0
83,8,124,82,318,0
83,370,133,61,218,0
83,258,120,65,272,0
83,235,160,31,123,0
83,202,179,32,104,0
83,338,174,27,93,0
83,314,146,29,153,0
84,366,129,64,220,0
84,1,117,83,337,0
84,259,115,63,266,0
84,231,159,33,127,0
84,199,175,29,108,0
84,312,144,30,157,0
84,334,170,28,97,0
84,463,197,53,150,0
84,558,166,16,31,0
85,366,128,64,220,0
85,259,114,63,264,0
85,0,111,77,347,0
85,225,155,36,132,0
85,558,164,17,32,0
85,311,141,30,161,0
85,193,176,32,110,0
85,465,216,55,130,0
85,334,174,29,88,0
86,364,127,67,220,0
86,261,112,64,268,0
86,0,107,70,357,0
86,222,154,38,135,0
86,190,182,36,104,0
86,559,164,17,31,0
86,312,136,26,171,0
86,334,170,28,89,0
87,362,126,69,222,0
87,262,111,62,274,0
87,0,105,65,368,0
87,222,153,37,135,0
87,311,135,28,170,0
87,188,167,37,125,0
87,560,161,13,32,0
87,334,168,29,91,0
88,364,128,70,226,0
88,263,111,60,279,0
88,0,107,57,367,0
88,221,154,38,136,0
88,186,174,37,118,0
88,560,162,16,32,0
88,333,164,30,99,0
88,313,134,25,169,0
89,366,128,69,230,0
89,264,117,62,276,0
89,222,154,38,137,0
89,0,101,50,378,0
89,185,170,39,122,0
89,562,158,17,33,0
89,335,168,30,94,0
89,311,141,26,159,0
90,371,127,66,223,0
90,0,92,44,384,0
90,265,122,63,268,0
90,221,155,40,139,0
90,184,169,38,129,0
90,338,170,29,91,0
90,567,163,21,28,0
90,471,188,61,161,0
91,377,124,64,224,0
91,267,120,63,267,0
91,221,155,40,142,0
91,0,120,40,353,0
91,183,172,38,127,0
91,570,157,19,34,0
91,475,199,58,157,0
91,341,172,29,89,0
91,312,132,31,171,0
92,384,123,64,224,0
92,270,116,63,260,0
92,222,155,43,144,0
92,185,178,40,121,0
92,0,169,31,302,0
92,345,171,28,94,0
92,577,158,17,33,0
93,385,126,64,224,0
93,271,111,67,268,0
93,227,158,43,140,0
93,186,172,40,130,0
93,0,169,23,297,0
93,348,169,26,93,0
93,581,159,17,33,0
94,389,122,63,230,0
94,271,113,70,264,0
94,225,150,44,154,0
94,186,176,39,126,0
94,583,156,19,34,0
94,346,169,29,84,0
95,389,122,62,231,0
95,271,114,70,267,0
95,222,148,46,154,0
95,182,167,43,134,0
95,344,165,32,90,0
95,585,156,18,33,0
96,392,126,58,230,0
96,271,120,68,266,0
96,221,152,44,153,0
96,180,165,42,138,0
96,344,169,33,89,0
96,585,157,22,35,0
97,271,120,67,271,0
97,388,129,62,229,0
97,221,152,43,156,0
97,175,168,44,140,0
97,346,172,30,91,0
97,586,161,20,34,0
98,267,123,72,262,0
98,386,131,61,233,0
98,172,168,39,145,0
98,215,153,45,159,0
98,584,163,22,35,0
98,344,173,29,91,0
98,21,207,21,69,0
99,382,131,59,233,0
99,271,119,69,266,0
99,164,174,44,142,0
99,209,157,47,162,0
99,580,163,23,36,0
99,342,173,28,94,0
100,379,132,59,234,0
100,272,120,65,261,0
100,205,159,47,165,0
100,160,177,39,143,0
100,340,180,29,92,0
100,578,168,22,35,0
101,373,136,64,232,0
101,267,120,66,262,0
101,196,154,47,170,0
101,150,177,47,149,0
101,573,168,24,36,0
101,334,182,29,88,0
102,372,136,65,232,0
102,270,124,62,263,0
102,144,176,49,153,0
102,191,156,50,175,0
102,335,185,28,91,0
102,571,170,24,36,0
103,368,132,70,239,0
103,271,129,60,266,0
103,139,176,46,153,0
103,186,154,54,178,0
103,572,170,23,35,0
103,333,186,31,90,0
103,250,176,24,105,0
104,369,135,70,231,0
104,272,131,58,265,0
104,133,173,50,163,0
104,181,151,60,184,0
104,333,183,30,88,0
104,251,174,25,106,0
104,575,170,21,34,0
105,368,134,72,237,0
105,266,130,61,268,0
105,175,149,57,186,0
105,128,170,49,167,0
105,332,180,31,93,0
105,251,171,25,115,0
105,578,173,18,33,0
106,369,139,71,233,0
106,265,129,62,264,0
106,172,146,62,195,0
106,124,174,50,164,0
106,246,174,24,112,0
106,332,180,31,93,0
107,372,141,69,234,0
107,265,133,62,263,0
107,119,175,52,174,0
107,167,154,66,218,0
107,247,178,24,111,0
107,332,183,30,92,0
108,374,143,69,228,0
108,263,135,65,259,0
108,165,150,68,222,0
108,118,174,52,178,0
108,580,175,22,35,0
108,247,177,23,114,0
108,333,183,30,93,0
109,380,136,65,241,0
109,266,132,65,264,0
109,165,147,69,207,0
109,118,175,52,178,0
109,339,186,26,90,0
109,474,277,35,98,0
109,586,173,17,35,0
109,249,176,25,111,0
110,385,144,65,229,0
110,267,130,71,270,0
110,116,177,55,183,0
110,168,148,64,213,0
110,342,186,26,91,0
110,252,174,26,119,0
110,590,174,22,37,0
111,268,136,72,262,0
111,389,139,65,246,0
111,113,174,57,188,0
111,169,140,60,219,0
111,251,175,27,124,0
111,596,177,21,36,0
111,342,189,32,92,0
112,393,141,62,239,0
112,110,171,61,193,0
112,277,137,65,263,0
112,169,140,62,219,0
112,253,176,30,123,0
112,347,189,28,87,0
112,601,175,19,39,0
112,483,238,45,149,0
113,397,133,63,251,0
113,281,134,66,260,0
113,167,135,68,233,0
113,113,165,59,200,0
113,254,177,31,124,0
113,485,227,47,162,0
113,347,189,29,84,0
113,608,179,21,36,0
114,399,137,61,246,0
114,156,133,74,239,0
114,108,164,57,204,0
114,282,135,68,262,0
114,251,176,36,126,0
114,611,176,24,40,0
114,349,189,29,86,0
114,483,218,52,169,0
115,399,141,61,244,0
115,287,133,66,255,0
115,103,165,58,212,0
115,156,133,75,242,0
115,251,177,36,127,0
115,610,176,26,43,0
115,217,176,31,111,0
115,488,222,53,166,0
115,350,192,28,86,0
116,288,132,64,258,0
116,399,140,63,249,0
116,148,133,73,254,0
116,94,163,60,218,0
116,249,178,37,130,0
116,214,176,33,119,0
116,614,178,24,41,0
116,484,233,57,164,0
117,396,142,62,247,0
117,288,134,62,267,0
117,137,126,76,273,0
117,80,165,68,224,0
117,243,177,40,136,0
117,209,177,37,124,0
117,613,180,22,42,0
117,487,241,52,162,0
117,348,195,28,86,0
118,392,141,65,249,0
118,129,123,76,279,0
118,287,134,63,264,0
118,71,159,68,240,0
118,236,174,44,139,0
118,203,178,35,123,0
118,611,181,23,42,0
118,343,194,31,102,0
119,387,143,70,246,0
119,120,119,79,290,0
119,286,139,62,258,0
119,61,157,71,240,0
119,238,173,39,140,0
119,199,177,37,133,0
119,613,185,24,39,0
119,340,192,34,106,0
120,385,145,67,245,0
120,110,111,81,305,0
120,283,143,60,256,0
120,48,152,75,257,0
120,231,176,42,139,0
120,190,177,42,142,0
120,613,187,23,41,0
120,343,196,27,98,0
121,382,146,68,249,0
121,278,148,61,249,0
121,31,152,78,267,0
121,96,111,92,313,0
121,227,174,42,148,0
121,187,177,41,144,0
121,338,195,28,99,0
121,611,189,23,41,0
122,377,144,70,251,0
122,90,109,85,327,0
122,275,140,60,254,0
122,18,152,86,272,0
122,177,176,46,150,0
122,222,173,42,151,0
122,607,187,23,41,0
122,333,194,30,105,0
122,469,213,65,180,0
123,374,145,72,254,0
123,268,140,64,252,0
123,75,106,99,356,0
123,6,148,82,286,0
123,171,175,44,159,0
123,216,175,44,154,0
123,606,189,20,41,0
123,470,233,61,163,0
124,372,148,72,255,0
124,263,146,64,248,0
124,68,106,98,349,0
124,167,177,44,159,0
124,211,178,45,158,0
124,0,153,80,302,0
124,603,190,23,42,0
124,313,157,30,167,0
125,371,151,72,258,0
125,262,146,64,251,0
125,55,96,97,374,0
125,162,179,48,168,0
125,209,176,43,165,0
125,0,148,67,312,0
126,371,153,72,252,0
126,260,154,64,247,0
126,43,87,102,386,0
126,202,178,50,167,0
126,156,183,49,171,0
126,0,147,57,332,0
126,312,169,38,164,0
127,374,149,72,256,0
127,262,155,63,253,0
127,32,89,104,384,0
127,155,185,46,174,0
127,201,177,50,168,0
127,0,149,43,330,0
127,316,174,42,161,0
128,16,81,114,391,0
128,262,155,67,249,0
128,378,152,70,242,0
128,153,184,48,177,0
128,197,178,53,173,0
128,608,189,23,42,0
128,322,178,44,155,0
129,383,154,67,248,0
129,4,78,120,396,0
129,267,152,64,256,0
129,195,179,57,177,0
129,151,180,49,182,0
129,610,188,25,41,0
129,330,198,38,140,0
129,482,254,47,157,0
130,385,150,66,260,0
130,0,64,122,404,0
130,272,153,63,253,0
130,149,179,49,187,0
130,197,182,55,172,0
130,333,205,42,135,0
131,388,148,65,264,0
131,0,71,115,407,0
131,147,177,52,192,0
131,273,153,64,246,0
131,197,183,51,174,0
131,326,175,46,169,0
132,390,145,65,264,0
132,140,175,53,198,0
132,278,151,59,246,0
132,195,177,51,182,0
132,0,52,112,422,0
132,332,172,42,169,0
132,263,204,18,89,0
133,391,141,67,265,0
133,136,176,56,196,0
133,278,151,59,247,0
133,192,172,51,186,0
133,0,46,102,406,0
133,335,173,42,169,0
133,261,200,19,94,0
134,132,170,55,205,0
134,391,139,67,270,0
134,189,168,51,190,0
134,280,148,57,253,0
134,335,173,45,169,0
134,261,197,23,97,0
134,0,112,63,345,0
134,1,139,101,323,0
134,241,214,16,50,0
135,392,139,66,267,0
135,126,166,56,206,0
135,279,146,57,253,0
135,186,160,59,198,0
135,260,197,23,96,0
135,331,170,53,173,0
136,118,157,57,217,0
136,389,135,67,266,0
136,177,154,64,205,0
136,277,142,57,247,0
136,334,167,50,171,0
136,256,192,25,95,0
137,385,131,70,260,0
137,108,149,63,227,0
137,176,146,57,217,0
137,276,136,55,250,0
137,254,185,24,98,0
137,334,159,45,182,0
137,234,200,15,56,0
138,98,141,62,230,0
138,383,127,68,260,0
138,168,139,64,220,0
138,266,134,58,249,0
138,324,164,56,174,0
139,379,121,71,261,0
139,163,136,58,226,0
139,85,134,68,240,0
139,263,121,59,246,0
139,330,160,50,175,0
139,310,138,25,180,0
139,245,173,23,97,0
140,379,113,71,264,0
140,78,125,70,243,0
140,156,124,62,237,0
140,259,116,60,243,0
140,324,146,55,180,0
140,242,172,23,90,0
140,614,160,24,47,0
141,72,116,73,255,0
141,379,106,71,269,0
141,150,111,69,247,0
141,257,108,62,245,0
141,326,136,54,189,0
141,241,162,22,102,0
142,146,98,75,256,0
142,64,106,76,267,0
142,381,103,71,266,0
142,257,98,65,250,0
142,325,128,59,191,0
142,241,151,23,104,0
142,221,167,14,58,0
143,56,91,81,284,0
143,381,91,73,270,0
143,258,94,63,248,0
143,144,87,75,263,0
143,332,121,52,201,0
143,240,144,26,110,0
143,309,110,31,176,0
143,221,159,15,63,0
144,141,75,78,276,0
144,51,83,79,289,0
144,389,88,72,268,0
144,258,92,66,246,0
144,325,114,68,205,0
144,239,136,28,110,0
145,138,76,84,281,0
145,46,76,78,297,0
145,395,83,69,267,0
145,325,110,73,211,0
145,264,90,61,243,0
145,241,134,29,109,0
146,41,70,80,305,0
146,133,69,87,290,0
146,402,75,66,264,0
146,343,105,62,215,0
146,268,79,65,247,0
146,243,128,28,112,0
146,473,178,64,160,0
146,319,97,29,154,0
147,26,63,92,330,0
147,132,69,90,302,0
147,409,76,66,259,0
147,276,81,59,238,0
147,350,103,65,220,0
147,248,124,31,122,0
147,479,178,68,173,0
147,322,95,34,171,0
148,17,61,98,341,0
148,129,62,93,324,0
148,417,74,65,274,0
148,355,94,64,235,0
148,280,82,57,242,0
148,251,122,32,123,0
148,327,91,33,184,0
148,489,188,58,159,0
149,123,51,93,340,0
149,15,60,93,363,0
149,424,74,61,278,0
149,361,94,66,235,0
149,286,79,58,243,0
149,255,126,33,117,0
150,126,37,92,358,0
150,426,79,66,274,0
150,4,48,99,389,0
150,363,91,73,249,0
150,291,80,55,245,0
150,257,126,33,112,0
150,335,89,35,192,0
151,119,27,95,371,0
151,428,78,67,280,0
151,0,40,95,403,0
151,366,90,75,258,0
151,292,81,52,243,0
151,259,126,34,117,0
151,336,91,37,190,0
152,105,27,108,378,0
152,431,77,64,287,0
152,371,92,70,259,0
152,0,21,84,424,0
152,291,81,55,242,0
152,335,92,41,190,0
152,260,124,32,119,0
153,90,20,119,411,0
153,373,88,71,273,0
153,432,79,63,286,0
153,290,80,54,244,0
153,0,28,68,426,0
153,336,91,41,194,0
153,259,127,31,113,0
154,79,16,121,441,0
154,285,78,55,245,0
154,373,86,74,289,0
154,433,78,59,286,0
154,334,91,42,195,0
154,259,125,30,123,0
154,0,71,52,376,0
155,65,16,128,432,0
155,282,78,57,245,0
155,371,83,76,300,0
155,434,77,57,284,0
155,332,91,40,193,0
155,255,122,33,125,0
155,0,74,35,225,0
156,52,4,136,469,0
156,277,79,62,245,0
156,373,74,79,310,0
156,438,75,53,274,0
156,333,93,40,191,0
156,254,119,32,126,0
157,39,1,142,473,0
157,373,62,82,336,0
157,275,79,64,244,0
157,439,72,53,286,0
157,333,95,43,188,0
157,253,120,30,127,0
158,18,3,157,457,0
158,371,51,91,367,0
158,275,80,63,244,0
158,440,71,53,278,0
158,332,92,41,192,0
158,251,116,34,129,0
158,513,190,68,169,0
159,7,0,160,473,0
159,375,58,90,369,0
159,275,79,61,244,0
159,331,91,39,194,0
159,444,72,48,282,0
159,247,116,37,126,0
159,508,164,70,195,0
160,0,5,155,463,0
160,277,78,61,241,0
160,378,53,104,395,0
160,330,88,38,194,0
160,244,113,39,130,0
160,448,64,40,301,0
161,381,29,115,434,0
161,0,7,140,467,0
161,276,74,62,238,0
161,240,111,40,136,0
161,329,84,38,190,0
161,512,156,80,205,0
162,388,24,107,447,0
162,276,75,62,235,0
162,1,3,121,472,0
162,238,112,39,136,0
162,328,84,39,187,0
162,509,148,74,213,0
162,187,133,18,66,0
163,394,13,112,461,0
163,276,74,61,235,0
163,237,111,39,138,0
163,327,85,40,188,0
163,0,6,100,459,0
163,508,154,86,199,0
163,185,134,17,64,0
164,399,2,118,469,0
164,237,111,39,140,0
164,277,75,59,239,0
164,327,86,40,188,0
164,514,157,77,204,0
164,0,0,58,300,0
165,406,4,124,468,0
165,279,76,57,241,0
165,240,111,37,145,0
165,329,83,39,193,0
166,416,2,129,475,0
166,283,81,56,242,0
166,238,111,38,148,0
166,332,89,41,190,0
167,423,6,141,462,0
167,283,84,55,243,0
167,236,112,38,150,0
167,332,91,40,194,0
168,432,0,170,480,0
168,280,86,58,246,0
168,234,114,40,151,0
168,333,93,40,197,0
168,425,85,57,266,0
169,277,87,59,238,0
169,232,116,42,155,0
169,438,0,182,478,0
169,331,100,42,188,0
169,419,80,65,280,0
170,436,0,198,480,0
170,276,86,60,240,0
170,329,100,43,188,0
170,230,119,42,156,0
170,415,77,78,298,0
170,180,146,19,70,0
171,414,77,79,300,0
171,274,85,63,239,0
171,226,115,45,163,0
171,330,98,43,187,0
171,447,0,192,478,0
171,180,145,19,73,0
171,173,143,21,74,0
172,414,75,72,297,0
172,270,85,64,240,0
172,222,112,43,165,0
172,329,95,45,187,0
172,464,10,175,469,0
172,263,102,29,188,0
172,170,143,21,74,0
173,409,70,80,304,0
173,266,82,67,243,0
173,220,109,42,167,0
173,328,95,41,190,0
173,489,0,148,438,0
173,166,139,24,78,0
174,403,65,84,309,0
174,213,107,45,169,0
174,265,90,68,231,0
174,327,93,42,192,0
174,257,101,32,190,0
174,519,51,120,353,0
174,163,135,18,73,0
175,398,68,86,299,0
175,265,86,67,238,0
175,325,91,41,196,0
175,209,107,44,172,0
175,251,98,34,176,0
175,158,132,20,78,0
175,578,118,61,330,0
176,394,68,87,302,0
176,266,89,66,234,0
176,205,104,44,177,0
176,325,90,39,197,0
176,248,95,36,193,0
176,153,132,22,80,0
177,392,66,86,305,0
177,268,86,59,234,0
177,199,102,47,180,0
177,322,93,40,193,0
177,241,96,38,190,0
178,388,66,88,311,0
178,191,104,47,179,0
178,268,83,57,232,0
178,235,92,45,195,0
178,320,93,37,192,0
178,147,133,22,75,0
179,383,67,90,313,0
179,266,82,56,237,0
179,183,99,48,184,0
179,229,88,46,201,0
179,315,93,36,196,0
179,141,131,20,79,0
179,119,129,18,43,0
180,379,64,87,316,0
180,172,99,51,184,0
180,220,86,50,205,0
180,261,76,55,241,0
180,309,92,40,193,0
180,132,131,20,78,0
180,149,138,18,76,0
181,377,63,86,323,0
181,210,87,54,208,0
181,257,80,55,243,0
181,160,98,54,189,0
181,305,94,35,191,0
182,373,63,87,321,0
182,198,87,63,213,0
182,149,99,58,198,0
182,254,80,55,245,0
182,300,90,39,195,0
182,119,130,26,85,0
183,374,63,86,307,0
183,252,84,55,242,0
183,141,97,62,201,0
183,194,87,61,215,0
183,299,95,41,190,0
183,117,133,22,84,0
184,373,57,88,313,0
184,196,88,57,215,0
184,143,98,58,207,0
184,252,86,56,244,0
184,299,90,36,189,0
184,116,134,24,83,0
185,373,59,87,311,0
185,191,89,60,221,0
185,141,99,57,210,0
185,251,85,60,238,0
185,300,95,34,180,0
186,375,59,86,317,0
186,192,89,60,227,0
186,252,89,61,233,0
186,138,98,59,213,0
186,300,94,35,189,0
187,376,61,83,320,0
187,190,88,58,229,0
187,135,100,61,219,0
187,255,89,58,236,0
187,301,94,37,197,0
188,378,61,81,329,0
188,187,87,61,235,0
188,131,101,58,223,0
188,256,93,58,235,0
188,304,101,31,189,0
189,378,69,79,321,0
189,184,88,62,238,0
189,129,98,57,229,0
189,261,94,54,237,0
189,305,101,30,196,0
189,245,136,18,89,0
190,379,69,78,328,0
190,180,86,64,248,0
190,126,99,59,238,0
190,261,96,58,237,0
190,246,140,18,86,0
190,307,108,33,175,0
191,376,69,79,329,0
191,179,84,63,256,0
191,123,95,59,246,0
191,262,98,58,234,0
191,245,143,20,87,0
191,308,114,34,177,0
192,373,67,81,331,0
192,173,80,69,264,0
192,118,87,59,253,0
192,261,96,58,233,0
192,306,112,42,181,0
192,244,143,21,87,0
193,370,69,83,328,0
193,113,90,62,249,0
193,170,80,71,272,0
193,263,94,55,238,0
193,307,110,33,184,0
193,241,141,24,91,0
194,367,69,88,325,0
194,168,77,69,285,0
194,107,87,61,258,0
194,263,93,56,233,0
194,240,140,25,92,0
194,305,109,32,191,0
195,365,71,89,321,0
195,161,74,76,288,0
195,261,95,55,232,0
195,99,80,66,272,0
195,239,140,25,93,0
196,363,69,92,330,0
196,161,66,70,296,0
196,93,80,68,269,0
196,258,96,54,235,0
196,305,104,32,195,0
196,235,139,26,99,0
196,516,244,56,157,0
197,359,70,95,330,0
197,158,61,74,308,0
197,82,77,75,281,0
197,257,95,54,235,0
197,302,102,35,194,0
197,234,138,25,95,0
198,355,69,97,340,0
198,72,75,79,287,0
198,154,57,78,311,0
198,255,95,54,239,0
198,300,101,36,197,0
198,233,138,24,93,0
199,354,70,97,343,0
199,149,48,79,322,0
199,53,68,94,301,0
199,254,94,52,235,0
199,297,104,38,195,0
199,230,135,25,96,0
200,42,69,98,303,0
200,354,70,96,344,0
200,140,43,87,330,0
200,249,95,52,228,0
200,294,104,37,197,0
201,357,66,93,348,0
201,39,64,92,319,0
201,133,39,95,338,0
201,246,91,52,230,0
201,294,105,36,193,0
202,129,37,101,355,0
202,360,58,93,354,0
202,240,92,58,232,0
202,29,63,97,339,0
202,292,103,38,196,0
203,124,36,106,367,0
203,21,58,101,349,0
203,363,63,89,335,0
203,239,94,60,231,0
203,292,106,37,193,0
203,325,151,27,95,0
204,119,33,110,385,0
204,16,55,102,350,0
204,364,68,90,336,0
204,243,97,57,230,0
204,293,104,38,190,0
204,328,157,30,89,0
205,120,32,109,403,0
205,368,63,90,344,0
205,13,51,104,360,0
205,244,98,57,233,0
205,295,104,43,191,0
206,5,43,106,376,0
206,371,67,92,347,0
206,115,30,112,418,0
206,249,103,57,229,0
206,299,101,39,196,0
206,218,150,20,84,0
207,375,69,91,344,0
207,111,15,109,437,0
207,0,40,108,386,0
207,250,100,58,231,0
207,300,104,42,194,0
207,219,149,23,87,0
207,339,157,26,90,0
208,0,33,102,404,0
208,106,11,112,443,0
208,378,68,90,356,0
208,251,97,58,225,0
208,301,103,44,196,0
208,218,149,25,89,0
209,382,64,89,361,0
209,96,2,122,466,0
209,0,24,92,436,0
209,251,94,60,232,0
209,303,101,45,194,0
209,217,149,26,86,0
209,244,132,21,104,0
210,80,3,141,463,0
210,379,65,90,360,0
210,249,95,61,230,0
210,302,105,46,189,0
210,0,10,81,440,0
210,216,150,25,86,0
210,244,132,21,107,0
211,378,61,93,355,0
211,73,0,136,474,0
211,248,94,60,228,0
211,302,106,48,186,0
211,0,14,71,427,0
211,215,148,25,93,0
212,53,12,147,458,0
212,375,63,98,360,0
212,245,93,61,235,0
212,301,104,48,193,0
212,214,147,23,90,0
212,0,20,56,415,0
213,369,61,103,349,0
213,35,8,152,460,0
213,245,94,59,238,0
213,302,103,46,192,0
213,210,144,23,96,0
213,0,43,41,272,0
214,18,6,165,463,0
214,368,64,102,346,0
214,240,94,62,239,0
214,298,104,47,190,0
214,207,147,23,99,0
214,181,143,18,80,0
215,3,8,171,462,0
215,366,63,103,347,0
215,234,92,61,238,0
215,298,104,47,191,0
215,203,146,26,98,0
215,177,145,20,80,0
215,341,142,26,105,0
216,364,62,105,353,0
216,0,1,174,467,0
216,228,91,63,236,0
216,296,104,46,189,0
216,204,148,23,97,0
216,173,137,19,90,0
217,0,1,168,470,0
217,364,57,105,363,0
217,228,89,58,229,0
217,297,100,45,193,0
217,170,141,21,84,0
217,201,145,25,100,0
217,274,135,21,99,0
218,0,1,158,478,0
218,369,58,101,364,0
218,225,87,57,240,0
218,299,94,44,198,0
218,170,145,20,80,0
218,272,134,25,97,0
218,198,143,24,97,0
219,1,2,148,474,0
219,367,50,104,365,0
219,222,86,57,233,0
219,300,95,45,195,0
219,196,141,24,99,0
219,271,131,26,101,0
219,170,144,19,79,0
220,368,53,106,354,0
220,0,3,137,476,0
220,220,86,59,238,0
220,303,92,42,202,0
220,193,136,26,103,0
220,269,131,30,105,0
220,168,144,18,81,0
221,373,55,105,355,0
221,221,85,58,237,0
221,0,0,146,479,0
221,300,91,43,203,0
221,169,138,19,85,0
221,194,136,26,104,0
221,270,131,27,102,0
221,335,135,25,104,0
222,377,54,104,358,0
222,222,88,59,238,0
222,304,95,41,201,0
222,273,131,28,106,0
222,0,12,139,458,0
222,195,136,27,101,0
222,170,139,20,85,0
222,336,133,27,106,0
222,0,0,83,475,0
223,383,60,104,355,0
223,227,86,56,228,0
223,306,91,42,204,0
223,277,130,28,106,0
223,198,137,27,104,0
223,174,138,18,86,0
223,343,132,26,105,0
223,0,0,97,471,0
224,389,58,99,365,0
224,229,91,59,227,0
224,310,88,40,208,0
224,199,137,31,111,0
224,281,131,28,105,0
224,179,142,18,81,0
224,1,12,42,416,0
224,344,131,28,109,0
225,392,64,102,365,0
225,312,90,42,207,0
225,232,90,62,245,0
225,202,137,29,112,0
225,284,130,29,106,0
225,347,133,29,108,0
225,181,143,18,79,0
225,561,165,21,17,0
226,395,62,102,374,0
226,238,89,57,229,0
226,316,92,43,199,0
226,201,137,31,110,0
226,289,134,29,104,0
226,355,132,26,110,0
226,185,139,19,83,0
226,569,167,17,16,0
226,375,136,27,114,0
227,402,69,101,375,0
227,321,91,43,195,0
227,244,88,59,270,0
227,293,133,28,106,0
227,573,169,20,16,0
227,204,139,32,111,0
227,358,134,28,107,0
227,191,142,18,81,0
227,382,136,26,113,0
228,404,65,102,367,0
228,324,90,43,197,0
228,248,89,61,226,0
228,210,131,28,120,0
228,297,132,29,104,0
228,241,111,27,142,0
228,360,132,30,112,0
228,194,139,19,81,0
229,406,64,104,368,0
229,255,87,54,228,0
229,331,93,45,195,0
229,213,133,29,119,0
229,197,138,18,85,0
229,303,135,28,100,0
229,367,129,27,114,0
229,242,109,28,143,0
230,406,59,109,361,0
230,335,91,44,195,0
230,263,87,51,226,0
230,213,128,31,123,0
230,244,110,29,142,0
230,308,131,30,104,0
230,374,133,26,107,0
230,202,132,15,84,0
231,410,59,110,367,0
231,338,90,44,196,0
231,265,86,53,216,0
231,246,108,31,146,0
231,213,129,33,124,0
231,311,128,27,104,0
231,374,131,27,110,0
232,410,56,111,366,0
232,340,90,41,198,0
232,265,83,53,221,0
232,243,103,33,148,0
232,211,125,35,127,0
232,313,126,27,104,0
232,375,127,27,111,0
233,406,50,114,373,0
233,339,90,40,196,0
233,263,77,55,223,0
233,241,101,30,148,0
233,208,125,36,126,0
233,313,123,29,103,0
233,373,124,29,112,0
234,406,50,113,376,0
234,259,77,57,234,0
234,337,88,41,203,0
234,236,98,33,153,0
234,205,120,31,130,0
234,309,122,30,104,0
234,373,124,28,115,0
235,402,52,115,383,0
235,258,79,58,221,0
235,336,83,42,201,0
235,200,119,34,132,0
235,230,95,34,156,0
235,309,123,29,104,0
235,372,122,28,114,0
236,400,55,116,386,0
236,256,77,57,229,0
236,228,90,34,164,0
236,333,77,41,212,0
236,200,111,32,142,0
236,308,124,27,100,0
236,372,125,26,113,0
237,401,49,116,387,0
237,255,79,58,222,0
237,225,89,39,167,0
237,330,80,44,205,0
237,193,119,33,135,0
237,368,119,29,120,0
237,306,124,26,100,0
238,402,47,113,372,0
238,255,79,59,227,0
238,221,86,40,172,0
238,330,81,42,196,0
238,368,118,28,119,0
238,187,120,35,135,0
238,308,125,25,97,0
239,402,48,113,366,0
239,257,80,60,223,0
239,218,88,43,172,0
239,330,82,42,199,0
239,367,117,30,123,0
239,184,122,36,137,0
240,403,50,112,367,0
240,257,80,61,222,0
240,180,115,40,148,0
240,216,90,43,171,0
240,329,87,43,194,0
240,366,117,30,124,0
241,404,50,118,377,0
241,261,83,61,221,0
241,216,93,45,173,0
241,331,89,42,195,0
241,181,127,39,142,0
241,367,122,31,121,0
242,406,48,116,381,0
242,263,83,62,223,0
242,216,90,45,179,0
242,180,108,40,163,0
242,331,84,45,201,0
242,369,123,32,119,0
243,412,52,113,388,0
243,271,85,60,227,0
243,218,89,50,186,0
243,337,88,41,198,0
243,372,123,31,123,0
243,182,112,40,162,0
244,413,53,115,403,0
244,278,88,59,220,0
244,219,91,49,190,0
244,341,95,42,203,0
244,182,111,38,169,0
244,378,125,31,127,0
245,412,61,118,395,0
245,280,94,62,226,0
245,219,95,55,188,0
245,182,117,39,164,0
245,380,130,32,126,0
245,341,94,43,203,0
246,414,58,114,396,0
246,286,99,60,220,0
246,219,95,54,189,0
246,179,116,44,168,0
246,380,136,35,121,0
246,339,96,45,204,0
247,412,61,114,388,0
247,289,101,57,221,0
247,217,96,57,195,0
247,177,112,46,180,0
247,381,137,34,124,0
247,339,96,45,207,0
248,413,58,116,387,0
248,289,101,56,222,0
248,210,97,63,197,0
248,339,100,47,198,0
248,172,120,50,175,0
248,381,137,34,125,0
249,412,57,118,388,0
249,290,99,57,219,0
249,209,95,64,201,0
249,342,101,47,199,0
249,171,119,44,178,0
249,380,136,36,129,0
250,410,43,113,407,0
250,204,95,66,208,0
250,290,98,59,222,0
250,338,101,45,199,0
250,167,115,44,190,0
250,378,136,38,130,0
251,411,47,114,407,0
251,288,100,61,222,0
251,204,95,57,209,0
251,339,101,43,199,0
251,162,123,48,188,0
251,379,137,37,128,0
252,412,56,110,412,0
252,285,100,63,217,0
252,197,87,60,212,0
252,153,120,49,186,0
252,338,101,43,198,0
252,379,134,36,128,0
253,411,51,114,414,0
253,285,99,64,220,0
253,194,88,59,217,0
253,145,119,52,189,0
253,379,133,36,128,0
253,337,95,42,206,0
254,410,44,113,416,0
254,187,85,58,221,0
254,139,115,54,195,0
254,285,103,62,213,0
254,378,130,35,132,0
254,334,94,42,210,0
255,410,43,116,405,0
255,179,79,58,234,0
255,129,113,55,200,0
255,285,101,59,216,0
255,374,128,37,133,0
255,331,92,36,212,0
256,410,47,116,387,0
256,170,73,63,245,0
256,282,95,60,217,0
256,121,107,54,212,0
256,370,125,38,135,0
256,333,95,36,204,0
257,409,35,116,399,0
257,163,72,64,246,0
257,113,109,59,210,0
257,283,89,58,217,0
257,368,122,37,133,0
257,331,88,34,208,0
258,411,29,115,402,0
258,157,65,68,255,0
258,106,107,58,214,0
258,286,90,55,213,0
258,369,118,38,135,0
258,330,74,34,221,0
259,409,28,117,397,0
259,99,106,61,226,0
259,155,65,68,264,0
259,282,88,57,215,0
259,367,114,39,138,0
259,328,81,36,208,0
260,412,27,115,413,0
260,149,61,73,273,0
260,92,100,65,238,0
260,285,89,55,212,0
260,370,114,39,139,0
260,329,84,34,205,0
261,416,31,112,411,0
261,88,98,63,241,0
261,146,58,75,279,0
261,288,88,53,212,0
261,368,112,40,137,0
261,331,78,31,213,0
262,416,27,108,411,0
262,144,52,80,289,0
262,80,98,69,243,0
262,292,86,51,216,0
262,370,111,43,139,0
263,416,25,108,415,0
263,143,53,80,292,0
263,78,98,68,249,0
263,293,87,52,213,0
263,376,112,38,140,0
263,335,86,33,208,0
264,415,25,111,422,0
264,141,44,84,307,0
264,74,93,72,260,0
264,296,87,50,214,0
264,379,111,37,140,0
264,335,79,34,215,0
265,418,25,115,416,0
265,141,45,85,312,0
265,296,91,52,213,0
265,72,94,73,271,0
265,381,113,37,140,0
265,339,86,37,216,0
266,419,18,116,431,0
266,132,46,94,327,0
266,297,90,52,216,0
266,67,96,76,277,0
266,382,117,40,138,0
266,342,82,37,217,0
267,126,46,98,331,0
267,422,20,117,431,0
267,298,88,56,215,0
267,64,96,75,285,0
267,385,118,40,137,0
268,421,20,126,432,0
268,125,37,95,356,0
268,54,98,83,296,0
268,300,91,55,214,0
268,386,119,40,140,0
269,422,22,131,437,0
269,112,34,105,364,0
269,302,90,57,216,0
269,44,85,81,317,0
269,384,119,43,142,0
269,341,90,35,200,0
270,423,19,126,445,0
270,32,77,81,332,0
270,107,31,104,369,0
270,302,92,56,213,0
270,384,118,41,143,0
271,426,28,124,441,0
271,95,23,105,379,0
271,17,74,83,335,0
271,300,91,56,215,0
271,378,117,43,145,0
271,192,120,29,121,0
271,544,128,22,68,0
272,83,14,104,395,0
272,425,31,127,438,0
272,298,90,56,210,0
272,4,69,88,340,0
272,376,117,43,141,0
272,191,130,27,105,0
272,543,126,24,70,0
273,430,21,120,446,0
273,73,12,103,409,0
273,298,93,51,210,0
273,375,117,39,144,0
273,0,63,77,354,0
273,190,132,25,105,0
273,337,90,35,197,0
274,429,24,117,432,0
274,48,8,115,426,0
274,295,91,52,210,0
274,370,119,41,145,0
274,186,126,26,111,0
274,0,54,72,375,0
274,337,84,40,201,0
275,430,26,119,433,0
275,30,1,127,449,0
275,292,93,52,209,0
275,366,120,41,148,0
275,181,119,26,124,0
275,544,140,18,60,0
275,330,93,33,198,0
276,6,2,136,460,0
276,430,24,115,438,0
276,286,95,52,211,0
276,359,122,44,149,0
276,177,131,26,110,0
276,328,89,35,205,0
277,428,18,117,454,0
277,1,0,132,480,0
277,285,96,48,211,0
277,350,124,50,149,0
277,173,125,26,118,0
277,324,89,34,198,0
278,428,25,110,437,0
278,0,0,122,477,0
278,283,97,50,211,0
278,352,119,43,162,0
278,172,119,27,126,0
278,322,89,33,212,0
278,534,132,28,69,0
279,432,25,104,440,0
279,0,0,97,480,0
279,280,97,48,213,0
279,169,126,26,120,0
279,321,90,35,215,0
279,352,119,44,168,0
280,434,24,103,451,0
280,278,98,50,213,0
280,171,127,29,122,0
280,356,121,41,164,0
280,0,0,91,477,0
280,320,89,38,212,0
281,275,100,53,209,0
281,434,27,103,449,0
281,3,0,96,470,0
281,174,136,27,111,0
281,323,91,39,202,0
281,362,123,43,164,0
282,274,97,59,214,0
282,440,28,109,448,0
282,178,131,27,119,0
282,362,119,63,172,0
282,328,88,37,212,0
282,0,28,95,451,0
283,439,25,121,453,0
283,278,100,56,213,0
283,378,124,66,169,0
283,181,132,26,121,0
283,327,90,39,215,0
283,363,121,35,151,0
283,0,7,84,455,0
284,441,29,132,450,0
284,282,103,57,212,0
284,184,135,28,116,0
284,385,119,66,180,0
284,369,126,38,153,0
284,333,106,43,197,0
284,568,123,33,89,0
285,445,16,137,460,0
285,388,127,73,178,0
285,290,108,55,205,0
285,188,132,29,123,0
285,336,109,41,197,0
285,371,122,41,158,0
285,578,125,34,94,0
286,446,22,142,457,0
286,291,107,55,209,0
286,397,123,67,181,0
286,192,136,28,120,0
286,377,123,42,161,0
286,339,99,42,213,0
286,584,130,35,84,0
287,439,28,157,447,0
287,294,109,54,205,0
287,341,100,45,205,0
287,381,124,44,162,0
287,416,126,56,181,0
287,193,140,27,117,0
287,592,132,34,84,0
288,450,30,148,449,0
288,297,108,53,208,0
288,195,140,28,117,0
288,384,125,45,161,0
288,345,102,43,205,0
288,429,125,50,186,0
289,449,25,153,449,0
289,297,107,53,207,0
289,346,102,43,203,0
289,195,135,28,124,0
289,385,124,46,162,0
289,445,122,47,193,0
290,460,31,146,443,0
290,296,110,52,205,0
290,343,105,46,202,0
290,385,128,43,160,0
290,194,142,25,118,0
290,450,131,43,189,0
291,479,23,129,451,0
291,297,108,50,207,0
291,341,102,49,204,0
291,449,132,56,191,0
291,385,129,47,161,0
291,191,133,29,127,0
292,482,26,132,446,0
292,293,110,52,209,0
292,340,104,45,202,0
292,382,131,48,160,0
292,191,140,29,124,0
292,453,134,52,189,0
293,485,26,135,449,0
293,289,111,51,210,0
293,381,128,46,165,0
293,337,102,42,207,0
293,449,136,59,185,0
293,186,136,28,129,0
294,287,113,50,204,0
294,488,29,134,444,0
294,381,126,49,170,0
294,450,137,61,187,0
294,334,105,45,207,0
294,184,143,26,124,0
295,485,20,140,459,0
295,282,110,52,210,0
295,381,127,50,168,0
295,330,104,49,208,0
295,180,141,27,126,0
295,460,128,56,196,0
296,484,22,141,455,0
296,278,108,50,205,0
296,382,122,51,176,0
296,329,99,50,218,0
296,179,133,28,135,0
296,477,126,48,199,0
297,493,31,131,448,0
297,272,110,54,205,0
297,330,103,48,215,0
297,386,123,48,175,0
297,179,138,26,133,0
298,497,29,129,447,0
298,269,111,55,205,0
298,327,105,50,217,0
298,385,118,48,184,0
298,177,132,29,139,0
299,503,29,124,445,0
299,269,111,53,210,0
299,330,108,49,213,0
299,387,120,49,184,0
299,178,129,28,147,0
300,505,31,126,444,0
300,270,115,53,209,0
300,390,126,48,176,0
300,330,121,49,197,0
300,178,136,30,142,0
301,506,28,130,451,0
301,273,118,54,206,0
301,398,126,47,184,0
301,332,108,49,214,0
301,179,131,30,149,0
302,510,31,126,446,0
302,278,122,53,205,0
302,406,127,49,182,0
302,181,149,28,136,0
302,339,111,44,215,0
302,377,150,28,111,0
303,511,32,127,445,0
303,281,122,53,208,0
303,342,111,45,209,0
303,183,129,31,156,0
303,416,131,46,185,0
303,405,142,36,169,0
303,379,156,23,108,0
304,518,28,120,450,0
304,287,125,52,209,0
304,347,114,46,206,0
304,191,149,31,138,0
304,420,129,53,187,0
304,414,140,38,170,0
305,525,44,114,431,0
305,291,123,51,204,0
305,350,115,44,210,0
305,192,152,29,135,0
305,426,129,50,195,0
305,390,156,24,103,0
305,412,150,27,137,0
306,532,38,106,441,0
306,293,123,50,208,0
306,432,131,49,192,0
306,193,156,28,134,0
306,353,117,44,210,0
306,419,149,26,135,0
306,395,157,25,102,0
307,295,126,53,201,0
307,542,33,97,441,0
307,351,117,51,211,0
307,435,134,51,193,0
307,194,152,28,142,0
307,422,148,30,143,0
307,396,160,25,103,0
308,296,129,54,203,0
308,549,27,89,448,0
308,195,153,37,141,0
308,350,118,53,216,0
308,440,136,50,202,0
308,424,149,33,151,0
308,396,162,25,103,0
309,296,135,52,198,0
309,554,42,85,437,0
309,348,127,55,209,0
309,196,151,29,147,0
309,443,142,47,196,0
309,424,152,33,156,0
309,397,166,23,99,0
310,294,135,52,200,0
310,193,154,32,143,0
310,556,58,83,421,0
310,351,134,54,202,0
310,439,145,50,192,0
310,423,154,35,154,0
310,397,168,21,91,0
311,290,136,51,197,0
311,342,125,61,211,0
311,559,32,80,447,0
311,191,147,32,155,0
311,439,143,50,195,0
311,421,152,39,161,0
311,554,186,22,54,0
312,283,136,56,200,0
312,563,51,76,428,0
312,186,154,30,150,0
312,434,137,57,203,0
312,339,128,57,209,0
312,418,157,35,148,0
312,371,141,37,178,0
313,282,135,53,198,0
313,565,43,74,429,0
313,183,151,30,152,0
313,335,131,50,202,0
313,438,136,52,209,0
313,416,154,36,157,0
313,372,139,33,190,0
313,554,187,23,35,0
314,562,51,75,420,0
314,276,133,54,205,0
314,435,134,55,213,0
314,179,153,30,152,0
314,336,126,43,209,0
314,411,150,41,159,0
314,368,145,34,187,0
315,545,52,94,427,0
315,274,135,55,198,0
315,177,147,31,165,0
315,435,135,56,212,0
315,330,120,47,217,0
315,413,148,39,171,0
315,367,146,37,187,0
316,272,136,57,198,0
316,564,48,74,417,0
316,174,146,35,162,0
316,435,132,56,212,0
316,332,123,43,213,0
316,363,146,41,186,0
316,410,147,42,168,0
317,270,137,59,200,0
317,569,39,70,431,0
317,439,130,56,223,0
317,174,147,35,168,0
317,366,146,44,184,0
317,330,131,46,207,0
317,411,150,42,168,0
318,272,141,59,200,0
318,573,28,65,448,0
318,172,154,32,162,0
318,441,131,54,222,0
318,368,147,47,186,0
318,330,131,48,210,0
318,416,144,40,179,0
319,274,142,59,195,0
319,572,33,67,443,0
319,170,168,35,149,0
319,368,147,49,190,0
319,444,133,55,224,0
319,331,129,44,214,0
319,417,142,43,183,0
320,279,143,56,197,0
320,569,28,70,444,0
320,174,170,35,149,0
320,371,146,50,193,0
320,332,135,50,211,0
320,453,132,51,226,0
320,417,155,36,167,0
320,426,144,42,188,0
321,284,145,56,195,0
321,176,170,34,152,0
321,377,150,52,189,0
321,564,69,73,409,0
321,457,135,53,229,0
321,336,128,44,221,0
322,288,145,55,199,0
322,175,170,34,156,0
322,378,151,60,192,0
322,339,129,40,223,0
322,567,73,72,389,0
322,459,132,57,237,0
322,432,142,44,196,0
323,294,147,51,194,0
323,179,169,32,158,0
323,379,145,61,205,0
323,569,94,69,371,0
323,469,130,52,238,0
323,340,131,43,218,0
323,432,144,46,199,0
324,294,148,52,197,0
324,178,175,36,153,0
324,382,147,64,206,0
324,343,131,42,217,0
324,469,143,54,226,0
324,566,112,73,339,0
324,438,143,47,204,0
325,178,174,37,155,0
325,296,149,50,201,0
325,383,145,65,213,0
325,343,132,46,217,0
325,473,135,54,236,0
325,440,140,48,209,0
325,578,119,61,319,0
326,295,149,53,198,0
326,177,170,34,159,0
326,479,130,52,244,0
326,382,142,62,222,0
326,343,131,48,218,0
326,442,136,51,217,0
326,275,181,22,92,0
326,578,116,59,255,0
327,295,149,53,194,0
327,176,171,35,163,0
327,380,149,65,218,0
327,482,128,56,247,0
327,443,139,52,216,0
327,273,181,23,93,0
327,343,132,47,223,0
327,462,134,52,232,0
327,581,112,58,253,0
328,291,146,58,202,0
328,173,165,38,172,0
328,376,141,67,232,0
328,341,131,45,222,0
328,483,125,52,258,0
328,444,137,55,222,0
328,593,119,46,297,0
329,170,159,38,180,0
329,286,145,62,200,0
329,375,140,69,233,0
329,486,132,51,250,0
329,439,135,57,230,0
329,340,125,44,230,0
329,601,122,38,346,0
330,284,147,62,193,0
330,373,137,69,241,0
330,168,166,36,174,0
330,439,134,59,235,0
330,487,122,52,258,0
330,339,127,43,230,0
330,598,112,41,362,0
331,283,146,60,202,0
331,163,171,35,166,0
331,372,132,67,248,0
331,439,132,60,238,0
331,487,123,52,261,0
331,339,132,40,222,0
331,602,121,37,352,0
331,261,180,23,99,0
332,280,148,59,195,0
332,156,162,41,176,0
332,368,131,68,256,0
332,433,130,63,245,0
332,484,131,57,254,0
332,605,124,33,355,0
332,333,139,47,213,0
333,281,147,55,196,0
333,363,125,73,266,0
333,153,159,37,185,0
333,429,125,62,253,0
333,483,123,58,262,0
333,330,131,45,223,0
333,598,114,41,359,0
334,280,147,57,195,0
334,362,127,76,274,0
334,148,153,38,190,0
334,481,126,61,255,0
334,429,123,61,251,0
334,327,129,44,223,0
334,587,112,50,367,0
334,250,175,24,103,0
335,145,168,42,174,0
335,279,146,55,193,0
335,481,121,65,261,0
335,360,128,78,280,0
335,427,118,62,255,0
335,327,126,44,230,0
335,599,103,40,376,0
335,248,180,24,99,0
336,142,160,42,188,0
336,279,145,52,190,0
336,482,121,63,265,0
336,362,126,80,296,0
336,426,115,66,269,0
336,325,129,43,224,0
336,600,103,39,375,0
336,247,175,24,106,0
337,280,144,50,194,0
337,361,121,80,305,0
337,485,119,63,268,0
337,429,111,67,284,0
337,139,169,43,179,0
337,325,121,43,225,0
337,595,82,43,393,0
337,246,171,25,112,0
338,280,146,51,191,0
338,434,109,68,296,0
338,138,167,43,184,0
338,362,120,85,310,0
338,487,120,62,262,0
338,323,129,47,216,0
338,592,92,47,376,0
339,279,145,51,193,0
339,438,106,69,307,0
339,137,168,44,185,0
339,363,108,87,332,0
339,490,116,63,268,0
339,326,128,42,220,0
339,586,86,53,375,0
340,278,145,54,198,0
340,442,105,70,313,0
340,368,108,90,331,0
340,136,166,44,188,0
340,495,118,60,266,0
340,327,130,48,220,0
340,581,113,57,301,0
340,246,172,28,108,0
341,369,98,93,345,0
341,282,147,53,198,0
341,137,167,48,187,0
341,450,102,71,331,0
341,330,131,49,217,0
341,504,114,57,273,0
341,578,106,61,258,0
341,247,171,28,117,0
342,373,97,95,363,0
342,284,147,57,199,0
342,458,98,75,345,0
342,138,166,48,192,0
342,508,114,53,276,0
342,251,171,30,119,0
342,333,129,47,227,0
343,375,91,99,385,0
343,462,93,97,343,0
343,288,145,56,199,0
343,140,169,47,183,0
343,338,127,44,222,0
343,578,188,31,39,0
343,254,180,27,107,0
344,379,88,100,387,0
344,473,87,92,351,0
344,293,143,56,195,0
344,255,169,34,118,0
344,345,132,45,223,0
344,145,139,44,216,0
344,602,170,36,216,0
345,379,84,107,386,0
345,476,84,101,351,0
345,301,140,54,198,0
345,146,135,51,217,0
345,347,128,49,226,0
345,258,164,32,137,0
345,259,166,36,181,0
346,374,78,119,394,0
346,484,73,110,373,0
346,303,134,50,194,0
346,147,154,48,203,0
346,260,161,34,164,0
346,358,121,26,37,0
347,487,66,123,381,0
347,146,133,53,217,0
347,372,68,130,400,0
347,304,132,52,195,0
347,260,158,31,119,0
348,493,58,130,413,0
348,143,130,48,222,0
348,370,64,138,402,0
348,261,155,29,128,0
348,300,128,53,195,0
348,351,99,63,299,0
349,370,34,149,441,0
349,142,128,54,220,0
349,499,50,133,428,0
349,261,151,31,129,0
349,305,128,49,190,0
349,290,161,19,101,0
350,505,43,131,436,0
350,377,27,152,446,0
350,140,121,48,223,0
350,261,147,35,132,0
350,306,128,53,189,0
350,351,89,57,311,0
350,289,154,21,101,0
351,505,29,132,450,0
351,380,14,152,456,0
351,136,122,52,224,0
351,258,144,35,136,0
351,307,127,49,187,0
351,349,80,60,340,0
351,286,151,23,105,0
352,390,11,148,462,0
352,511,21,126,449,0
352,342,76,73,340,0
352,132,125,55,219,0
352,257,140,36,138,0
352,307,118,45,191,0
352,286,147,23,111,0
353,392,12,151,458,0
353,520,9,115,459,0
353,130,113,49,228,0
353,336,63,74,358,0
353,256,136,36,141,0
353,310,109,38,196,0
353,284,142,23,112,0
354,400,0,158,474,0
354,127,106,50,230,0
354,532,8,107,462,0
354,319,53,85,375,0
354,256,128,37,144,0
354,287,140,22,102,0
354,309,103,28,192,0
355,310,39,106,407,0
355,406,0,171,471,0
355,125,102,54,230,0
355,554,0,82,474,0
355,257,124,38,142,0
356,410,1,193,463,0
356,306,22,105,434,0
356,122,105,55,227,0
356,568,4,66,452,0
356,254,118,36,147,0
357,420,9,216,460,0
357,295,25,120,443,0
357,122,117,54,213,0
357,253,121,41,143,0
358,426,2,207,470,0
358,117,101,57,229,0
358,291,10,112,459,0
358,256,116,41,145,0
358,409,142,31,87,0
359,278,9,120,456,0
359,431,0,208,479,0
359,114,88,57,249,0
359,256,111,36,155,0
359,410,135,29,92,0
359,366,69,37,243,0
360,256,2,127,471,0
360,420,0,219,471,0
360,113,81,52,254,0
360,369,73,39,236,0
360,413,139,26,89,0
361,439,1,188,478,0
361,246,9,127,462,0
361,109,74,57,262,0
361,365,75,44,219,0
361,434,42,73,408,0
361,412,138,28,88,0
361,440,48,57,263,0
362,230,2,135,471,0
362,434,7,203,468,0
362,108,76,56,260,0
362,427,51,70,297,0
362,358,69,52,237,0
362,430,26,112,373,0
363,211,3,138,468,0
363,101,69,58,267,0
363,416,45,77,312,0
363,419,6,206,473,0
363,358,68,58,223,0
364,386,43,106,310,0
364,185,1,152,470,0
364,94,62,57,273,0
364,357,70,52,215,0
364,316,85,41,195,0
364,506,3,132,461,0
365,375,35,113,320,0
365,150,3,163,463,0
365,90,78,57,256,0
365,308,79,49,200,0
365,354,57,49,231,0
366,373,40,118,318,0
366,104,0,189,475,0
366,303,79,49,196,0
366,351,59,48,230,0
366,84,54,52,282,0
367,62,1,211,478,0
367,363,41,117,320,0
367,300,83,51,191,0
367,262,97,29,144,0
367,349,65,43,217,0
368,353,39,106,321,0
368,26,0,232,478,0
368,235,85,51,181,0
368,292,79,54,183,0
369,0,0,223,480,0
369,344,35,85,318,0
369,213,81,63,192,0
369,287,78,50,188,0
370,4,0,189,465,0
370,203,75,57,201,0
370,326,35,71,327,0
370,277,79,49,196,0
371,198,77,54,195,0
371,0,0,114,374,0
371,267,83,52,190,0
371,307,32,77,337,0
371,601,131,38,55,0
372,184,72,58,204,0
372,2,34,70,323,0
372,284,30,86,339,0
372,258,81,52,192,0
372,360,100,31,139,0
373,250,19,110,356,0
373,174,70,62,217,0
373,0,42,51,314,0
373,351,99,36,139,0
373,250,78,45,187,0
374,220,18,134,359,0
374,162,73,63,216,0
374,345,100,37,140,0
374,0,49,36,317,0
375,209,9,131,368,0
375,152,68,71,225,0
375,339,101,37,144,0
375,577,143,49,45,0
375,328,109,32,138,0
376,210,18,116,366,0
376,140,64,73,231,0
376,344,100,36,141,0
376,292,65,44,210,0
376,326,114,33,139,0
376,578,147,47,41,0
377,133,62,78,250,0
377,200,25,108,363,0
377,345,100,38,140,0
377,285,61,48,240,0
377,329,108,37,145,0
377,579,141,48,49,0
378,127,59,75,253,0
378,192,13,95,421,0
378,325,109,40,150,0
378,342,101,41,147,0
378,285,69,45,239,0
378,580,147,46,42,0
379,122,58,68,252,0
379,160,18,102,384,0
379,322,111,41,152,0
379,346,103,41,145,0
379,284,68,46,243,0
380,153,21,97,380,0
380,123,63,64,267,0
380,236,83,54,201,0
380,323,112,41,155,0
380,350,108,40,140,0
380,283,71,46,235,0
381,131,25,113,392,0
381,236,89,53,198,0
381,285,72,46,234,0
381,119,56,72,285,0
381,326,114,45,159,0
381,356,105,34,153,0
381,342,107,37,154,0
381,594,148,43,55,0
382,124,22,117,400,0
382,359,104,35,161,0
382,286,70,45,231,0
382,236,87,56,201,0
382,328,114,46,162,0
383,103,23,134,396,0
383,238,91,52,199,0
383,365,100,39,165,0
383,331,110,49,163,0
383,286,75,47,236,0
383,603,151,36,52,0
384,86,13,151,410,0
384,237,98,51,191,0
384,333,108,53,166,0
384,286,73,48,236,0
384,363,98,45,169,0
385,74,8,151,423,0
385,284,69,48,228,0
385,239,89,47,194,0
385,330,113,57,171,0
385,366,100,40,171,0
385,211,117,36,152,0
385,613,153,25,51,0
386,58,11,148,428,0
386,281,67,49,232,0
386,240,90,46,190,0
386,329,110,57,173,0
386,364,95,41,183,0
386,207,120,42,149,0
387,44,9,134,417,0
387,325,104,62,181,0
387,367,89,38,190,0
387,239,84,45,196,0
387,276,65,52,229,0
387,202,132,43,135,0
387,130,33,71,385,0
388,40,7,114,418,0
388,322,103,62,184,0
388,274,64,51,222,0
388,364,87,43,188,0
388,233,84,49,193,0
388,127,28,73,348,0
388,202,110,38,161,0
389,30,0,101,438,0
389,319,100,61,185,0
389,115,19,81,358,0
389,271,63,48,231,0
389,361,87,48,186,0
389,229,84,49,198,0
389,198,121,35,140,0
390,8,3,109,443,0
390,102,17,95,386,0
390,317,98,57,193,0
390,264,65,50,225,0
390,359,87,47,194,0
390,224,83,47,199,0
390,188,119,40,154,0
390,345,95,50,191,0
391,92,8,97,404,0
391,0,7,100,448,0
391,357,90,53,196,0
391,262,65,51,230,0
391,316,95,58,201,0
391,223,84,46,197,0
392,77,3,112,429,0
392,357,87,55,203,0
392,262,64,50,232,0
392,315,91,58,208,0
392,225,85,44,197,0
392,0,0,90,458,0
392,178,110,44,165,0
393,66,0,117,437,0
393,314,92,59,213,0
393,262,65,49,228,0
393,357,81,59,212,0
393,227,82,42,202,0
393,0,10,74,434,0
393,206,111,32,161,0
393,177,112,41,159,0
394,60,10,121,435,0
394,314,95,66,218,0
394,264,66,49,229,0
394,357,80,62,213,0
394,229,83,40,199,0
394,201,111,37,169,0
394,0,24,61,441,0
394,175,110,33,165,0
395,50,0,127,453,0
395,314,89,68,225,0
395,265,63,49,233,0
395,362,77,60,219,0
395,228,83,41,199,0
395,194,113,50,169,0
395,0,42,36,433,0
396,45,0,133,464,0
396,322,91,70,230,0
396,367,81,61,215,0
396,270,68,45,233,0
396,201,117,43,172,0
396,231,86,45,205,0
396,177,124,33,155,0
397,32,1,158,472,0
397,329,87,71,237,0
397,276,67,47,237,0
397,239,85,42,204,0
397,201,113,48,176,0
397,378,71,57,229,0
397,176,99,36,178,0
398,19,4,176,467,0
398,334,81,76,250,0
398,388,66,56,248,0
398,283,70,45,236,0
398,202,116,53,176,0
398,244,85,46,205,0
399,2,4,179,462,0
399,337,85,82,255,0
399,393,73,59,255,0
399,288,77,49,236,0
399,247,94,49,199,0
399,202,119,56,180,0
400,0,2,180,464,0
400,398,71,63,268,0
400,338,89,85,263,0
400,248,96,49,201,0
400,209,121,50,183,0
400,291,77,48,238,0
401,4,0,204,471,0
401,340,84,92,279,0
401,403,72,64,286,0
401,294,83,47,234,0
401,252,97,47,203,0
401,209,116,50,193,0
402,1,0,192,480,0
402,342,86,95,294,0
402,411,67,65,290,0
402,299,77,44,247,0
402,259,100,45,201,0
402,211,119,50,195,0
403,0,1,184,478,0
403,343,74,101,312,0
403,419,64,69,297,0
403,259,99,48,204,0
403,212,116,49,199,0
403,301,78,48,247,0
403,173,111,55,167,0
404,349,65,99,328,0
404,424,61,75,309,0
404,0,3,173,476,0
404,213,116,48,203,0
404,301,77,51,236,0
404,262,97,45,200,0
404,170,109,61,158,0
405,0,1,172,476,0
405,353,54,102,346,0
405,427,53,79,323,0
405,209,116,52,207,0
405,303,77,50,236,0
405,263,93,46,211,0
405,168,109,67,212,0
406,360,59,101,345,0
406,433,51,87,334,0
406,303,79,50,232,0
406,210,118,50,207,0
406,264,96,44,196,0
406,165,108,62,220,0
406,15,0,145,459,0
406,116,49,52,321,0
407,363,58,101,359,0
407,87,35,83,351,0
407,435,48,92,357,0
407,208,113,55,212,0
407,303,81,49,226,0
407,262,97,46,197,0
407,163,101,65,231,0
407,3,0,104,448,0
408,73,22,94,369,0
408,369,51,99,388,0
408,204,114,60,218,0
408,158,99,63,236,0
408,443,47,93,360,0
408,303,81,50,227,0
408,260,97,49,199,0
408,351,136,25,112,0
409,371,55,104,402,0
409,65,16,96,386,0
409,202,111,61,222,0
409,150,99,67,240,0
409,444,33,100,405,0
409,259,97,47,199,0
409,302,82,49,223,0
409,351,136,28,113,0
410,57,19,98,411,0
410,376,53,105,417,0
410,144,97,69,245,0
410,203,109,60,225,0
410,254,98,50,198,0
410,445,32,103,416,0
410,303,79,47,232,0
410,353,137,31,113,0
411,48,9,103,431,0
411,381,38,110,428,0
411,201,106,62,232,0
411,454,17,102,415,0
411,254,98,49,193,0
411,302,80,49,231,0
411,140,95,69,260,0
411,352,136,36,114,0
412,41,9,105,459,0
412,385,19,119,456,0
412,465,3,93,433,0
412,133,93,74,260,0
412,251,94,52,198,0
412,201,103,61,238,0
412,302,82,49,230,0
412,353,136,36,113,0
413,29,7,113,469,0
413,385,11,135,466,0
413,199,101,64,248,0
413,250,96,54,195,0
413,474,0,94,479,0
413,301,78,52,225,0
413,132,91,75,267,0
413,353,138,36,111,0
414,375,3,166,476,0
414,18,6,116,471,0
414,197,96,65,261,0
414,249,96,55,194,0
414,124,85,83,280,0
414,302,79,54,225,0
414,492,2,94,466,0
414,356,133,36,112,0
415,371,5,207,472,0
415,7,3,128,466,0
415,250,95,58,199,0
415,124,90,77,279,0
415,196,95,63,273,0
415,304,75,56,234,0
415,357,131,36,119,0
415,504,0,92,398,0
416,368,3,238,474,0
416,124,87,74,298,0
416,0,6,136,469,0
416,194,101,67,271,0
416,252,95,59,198,0
416,313,77,49,229,0
416,363,134,34,115,0
416,524,1,89,246,0
416,498,1,121,446,0
417,366,3,270,466,0
417,122,84,73,311,0
417,0,1,137,478,0
417,193,90,71,292,0
417,314,75,52,232,0
417,252,98,60,196,0
417,368,134,35,117,0
417,546,0,93,237,0
417,544,5,95,390,0
418,382,0,257,470,0
418,119,80,77,320,0
418,192,102,77,285,0
418,252,103,71,198,0
418,316,74,53,234,0
418,2,7,134,456,0
418,369,131,36,126,0
419,409,0,230,474,0
419,120,88,86,326,0
419,189,100,81,288,0
419,1,0,141,475,0
419,266,101,58,199,0
419,325,83,51,227,0
419,376,136,35,120,0
420,117,86,93,335,0
420,456,0,182,468,0
420,0,5,141,471,0
420,191,95,83,301,0
420,328,84,50,224,0
420,271,101,54,196,0
420,380,131,36,127,0
420,459,105,44,148,0
421,2,1,140,475,0
421,185,83,90,314,0
421,464,98,74,289,0
421,275,95,56,201,0
421,332,84,50,225,0
421,119,73,86,362,0
421,384,129,37,128,0
421,516,0,123,469,0
421,249,99,33,165,0
422,470,92,86,314,0
422,1,10,130,469,0
422,190,86,81,329,0
422,277,94,59,196,0
422,334,80,52,222,0
422,118,58,88,374,0
422,388,126,37,130,0
422,562,0,77,480,0
422,250,91,32,163,0
423,479,82,87,323,0
423,192,72,86,345,0
423,106,51,107,382,0
423,337,76,51,228,0
423,280,91,55,199,0
423,0,2,118,457,0
423,395,128,36,123,0
423,252,93,33,167,0
424,486,80,86,344,0
424,101,51,107,384,0
424,191,71,89,355,0
424,337,67,51,228,0
424,281,84,58,202,0
424,1,1,95,470,0
424,397,121,36,126,0
424,246,78,38,174,0
425,496,81,88,348,0
425,91,37,113,406,0
425,188,64,94,371,0
425,279,81,59,205,0
425,335,70,50,226,0
425,392,115,39,133,0
425,245,80,38,175,0
426,503,69,93,395,0
426,184,58,97,382,0
426,83,33,115,426,0
426,279,80,59,200,0
426,334,71,52,222,0
426,393,116,35,128,0
427,506,63,101,411,0
427,76,36,116,436,0
427,177,44,107,400,0
427,276,81,61,198,0
427,330,60,55,226,0
427,391,112,36,134,0
428,511,44,109,435,0
428,61,15,125,464,0
428,169,32,111,427,0
428,272,79,60,201,0
428,327,58,56,229,0
428,389,103,35,141,0
429,157,29,123,438,0
429,512,39,122,440,0
429,43,13,129,463,0
429,268,73,60,204,0
429,327,63,53,221,0
429,384,103,41,143,0
430,148,17,129,460,0
430,513,23,123,456,0
430,325,55,52,229,0
430,383,101,40,138,0
430,266,70,59,201,0
430,20,18,139,456,0
431,142,11,132,461,0
431,529,18,110,461,0
431,325,53,54,231,0
431,0,5,152,474,0
431,381,100,41,138,0
431,266,69,59,197,0
432,137,4,136,469,0
432,540,6,99,473,0
432,0,7,141,471,0
432,325,51,54,232,0
432,263,64,64,201,0
432,383,92,41,146,0
433,124,4,138,466,0
433,0,0,120,474,0
433,266,63,60,205,0
433,555,69,84,410,0
433,330,55,53,225,0
433,386,95,41,141,0
434,111,4,138,466,0
434,266,68,60,201,0
434,576,78,62,393,0
434,329,49,53,227,0
434,390,98,36,141,0
434,4,0,98,469,0
435,83,0,162,476,0
435,263,66,60,205,0
435,330,49,51,230,0
435,387,93,40,151,0
435,0,1,90,471,0
435,581,97,57,269,0
435,211,55,51,167,0
436,62,0,172,472,0
436,263,71,61,204,0
436,330,51,51,233,0
436,206,65,55,213,0
436,388,99,41,147,0
436,0,44,87,420,0
437,44,0,187,477,0
437,267,75,59,204,0
437,0,50,83,428,0
437,202,63,56,217,0
437,331,63,49,219,0
437,395,93,37,154,0
438,11,0,209,470,0
438,270,78,55,202,0
438,201,62,56,219,0
438,332,59,51,223,0
438,397,93,35,156,0
439,189,55,66,233,0
439,0,0,211,469,0
439,329,65,50,219,0
439,270,74,57,206,0
439,399,94,34,155,0
439,513,129,39,87,0
440,185,66,74,224,0
440,327,59,50,225,0
440,267,72,61,200,0
440,399,94,34,153,0
440,7,0,190,471,0
440,397,317,39,77,0
440,516,128,34,88,0
441,174,65,76,230,0
441,266,70,62,202,0
441,325,57,50,226,0
441,397,89,36,158,0
441,2,6,165,473,0
442,167,61,80,235,0
442,262,72,62,201,0
442,396,90,38,159,0
442,323,59,48,220,0
442,0,13,149,463,0
443,156,55,81,245,0
443,394,91,41,159,0
443,261,69,60,205,0
443,316,53,54,224,0
443,0,4,123,470,0
443,218,95,40,149,0
444,142,53,87,249,0
444,258,72,62,203,0
444,392,92,40,157,0
444,313,58,53,217,0
444,213,95,41,167,0
445,128,45,93,264,0
445,248,77,61,202,0
445,387,93,42,163,0
445,303,61,56,219,0
446,113,37,96,281,0
446,379,96,41,162,0
446,238,77,61,203,0
446,296,55,51,227,0
447,101,37,97,290,0
447,232,76,58,208,0
447,373,97,40,164,0
447,289,59,55,227,0
447,168,100,51,177,0
448,88,36,102,298,0
448,367,101,45,164,0
448,223,77,59,204,0
448,287,62,50,227,0
448,160,90,47,188,0
448,586,133,15,21,0
449,366,103,44,164,0
449,221,76,57,212,0
449,76,30,105,320,0
449,281,60,55,233,0
449,155,88,49,199,0
450,366,103,46,164,0
450,220,77,58,210,0
450,71,26,105,336,0
450,283,64,52,236,0
450,153,85,47,216,0
