1,8,129,66,262,0.0876852
1,559,178,72,152,0.0876852
1,396,172,63,126,0.0876852
1,500,45,61,121,0.0876852
2,8,132,64,257,0.0712799
2,558,178,73,151,0.0712799
2,404,186,54,109,0.0712799
2,500,45,61,121,0.0712799
2,69,197,62,124,0.0712799
3,8,147,62,249,0.0712642
3,558,178,73,151,0.0712642
3,395,157,74,147,0.0712642
3,500,45,61,121,0.0712642
3,69,196,62,125,0.0712642
4,8,131,65,261,0.0671887
4,557,180,74,149,0.0671887
4,395,157,74,147,0.0671887
4,500,45,61,121,0.0671887
4,609,152,28,110,0.0671887
4,69,196,62,125,0.0671887
5,8,121,68,270,0.0665441
5,556,181,74,149,0.0665441
5,500,45,61,121,0.0665441
6,8,121,68,272,0.0583813
6,556,184,73,146,0.0583813
6,500,45,61,121,0.0583813
6,606,151,30,113,0.0583813
7,9,114,70,282,0.0639494
7,500,45,61,121,0.0639494
7,609,154,28,109,0.0639494
7,556,186,72,144,0.0639494
8,9,116,70,281,0.0639724
8,555,187,71,142,0.0639724
8,500,45,61,121,0.0639724
8,608,154,29,110,0.0639724
9,555,189,71,142,0.0599893
9,500,45,61,121,0.0599893
9,608,155,29,110,0.0599893
9,9,112,71,285,0.0599893
10,9,103,74,298,0.0660178
10,555,189,70,141,0.0660178
10,608,155,29,110,0.0660178
10,500,45,61,121,0.0660178
11,10,99,77,306,0.0735593
11,555,189,70,142,0.0735593
11,608,155,29,110,0.0735593
11,500,45,61,121,0.0735593
12,10,97,79,312,0.0685618
12,554,187,71,142,0.0685618
12,608,158,29,110,0.0685618
13,10,94,79,316,0.0751894
13,553,189,71,142,0.0751894
14,10,89,82,330,0.0740913
14,551,191,72,144,0.0740913
14,500,45,61,121,0.0740913
15,10,87,84,334,0.0697362
15,550,188,73,146,0.0697362
15,608,188,29,107,0.0697362
15,500,45,61,121,0.0697362
16,11,78,90,338,0.0638057
16,548,187,74,148,0.0638057
16,602,171,34,127,0.0638057
16,500,45,61,121,0.0638057
17,11,86,86,325,0.0675864
17,547,184,76,151,0.0675864
17,594,148,41,156,0.0675864
17,500,45,61,121,0.0675864
18,544,184,74,149,0.0685341
18,12,79,94,334,0.0685341
18,500,45,61,121,0.0685341
18,591,143,43,163,0.0685341
19,12,79,94,331,0.0659182
19,543,184,75,150,0.0659182
19,589,152,46,171,0.0659182
19,500,45,61,121,0.0659182
20,539,180,78,157,0.0725127
20,590,156,45,169,0.0725127
20,13,95,101,313,0.0725127
20,500,45,61,121,0.0725127
21,539,181,78,156,0.0670673
21,13,88,101,321,0.0670673
21,599,199,37,136,0.0670673
21,500,45,61,121,0.0670673
21,425,196,53,106,0.0670673
22,12,97,96,278,0.0708323
22,538,181,77,154,0.0708323
22,592,181,42,155,0.0708323
22,500,45,61,121,0.0708323
23,13,102,104,278,0.0619808
23,582,149,51,185,0.0619808
23,537,181,78,156,0.0619808
23,500,45,61,121,0.0619808
24,14,109,108,282,0.0752723
24,537,183,78,154,0.0752723
24,579,140,54,199,0.0752723
24,425,196,53,106,0.0752723
25,14,108,114,293,0.0682805
25,537,184,76,151,0.0682805
25,582,150,51,186,0.0682805
25,500,45,61,121,0.0682805
25,425,195,54,107,0.0682805
26,14,104,114,295,0.0872463
26,537,184,77,153,0.0872463
26,583,151,50,185,0.0872463
26,425,195,54,107,0.0872463
26,500,45,61,121,0.0872463
27,534,181,78,157,0.0716528
27,581,149,53,191,0.0716528
27,500,45,61,121,0.0716528
27,15,103,118,301,0.0716528
28,533,183,77,153,0.0730442
28,578,141,55,203,0.0730442
28,500,45,61,121,0.0730442
28,15,104,121,298,0.0730442
29,15,129,119,272,0.0674647
29,532,182,78,156,0.0674647
29,573,132,59,212,0.0674647
30,16,108,125,286,0.0630566
30,533,186,75,151,0.0630566
30,571,124,62,222,0.0630566
30,425,196,53,106,0.0630566
30,500,45,61,121,0.0630566
31,533,188,75,150,0.0724248
31,570,124,62,225,0.0724248
31,426,195,53,106,0.0724248
32,533,185,77,153,0.0714683
32,572,127,61,219,0.0714683
32,429,197,53,105,0.0714683
33,17,89,138,314,0.0793329
33,569,121,63,229,0.0793329
33,532,185,78,155,0.0793329
33,429,197,53,105,0.0793329
33,500,45,61,121,0.0793329
34,529,180,80,161,0.0769129
34,569,124,63,225,0.0769129
34,17,85,138,314,0.0769129
34,428,195,54,106,0.0769129
35,582,169,51,179,0.0669501
35,522,162,90,179,0.0669501
35,84,227,62,122,0.0669501
35,429,197,53,105,0.0669501
36,568,120,64,232,0.0736196
36,528,181,81,161,0.0736196
36,429,197,53,105,0.0736196
37,528,184,80,160,0.0734259
37,569,121,63,229,0.0734259
37,428,195,54,106,0.0734259
38,529,185,79,158,0.0696094
38,568,120,64,231,0.0696094
38,428,195,54,106,0.0696094
39,530,189,78,154,0.0708311
39,568,120,64,231,0.0708311
39,429,197,53,105,0.0708311
39,102,235,60,120,0.0708311
40,46,104,132,264,0.0701578
40,530,190,78,154,0.0701578
40,569,123,63,229,0.0701578
40,500,45,61,121,0.0701578
41,52,115,129,258,0.0746117
41,567,119,65,233,0.0746117
41,530,193,76,152,0.0746117
41,431,196,53,106,0.0746117
42,529,192,77,154,0.0742515
42,569,123,63,229,0.0742515
42,55,113,129,258,0.0742515
42,431,196,53,106,0.0742515
43,58,106,134,268,0.0767089
43,566,119,66,237,0.0767089
43,528,189,77,154,0.0767089
43,434,199,52,104,0.0767089
44,55,105,139,278,0.0705005
44,565,122,66,238,0.0705005
44,527,189,78,157,0.0705005
44,431,196,53,106,0.0705005
45,66,111,136,273,0.0889766
45,519,164,93,185,0.0889766
45,566,123,66,234,0.0889766
45,21,225,54,110,0.0889766
46,76,111,126,251,0.0768199
46,518,164,92,184,0.0768199
46,564,119,67,242,0.0768199
46,434,197,53,106,0.0768199
47,78,116,133,265,0.0776667
47,562,115,70,250,0.0776667
47,519,170,88,177,0.0776667
47,433,195,54,107,0.0776667
48,97,164,109,218,0.0669951
48,563,113,69,245,0.0669951
48,518,173,87,174,0.0669951
48,212,211,66,131,0.0669951
48,433,195,54,107,0.0669951
49,96,137,124,247,0.0730841
49,515,164,92,183,0.0730841
49,561,109,70,250,0.0730841
49,433,197,52,104,0.0730841
49,500,45,61,121,0.0730841
50,95,111,136,271,0.0646773
50,513,173,88,177,0.0646773
50,562,111,70,246,0.0646773
50,500,45,61,121,0.0646773
50,21,225,54,110,0.0646773
50,431,196,54,107,0.0646773
51,511,170,92,183,0.0654482
51,94,94,148,295,0.0654482
51,562,111,70,246,0.0654482
51,431,196,53,106,0.0654482
52,507,165,95,190,0.0701008
52,557,106,74,254,0.0701008
52,434,199,52,104,0.0701008
53,555,112,75,250,0.0595477
53,506,166,93,186,0.0595477
53,179,210,83,167,0.0595477
53,102,172,97,194,0.0595477
53,434,195,53,106,0.0595477
54,555,112,75,246,0.0883435
54,506,166,94,187,0.0883435
54,179,214,80,162,0.0883435
54,432,193,54,107,0.0883435
55,521,151,103,206,0.0640102
55,591,226,43,130,0.0640102
55,181,217,82,163,0.0640102
55,434,195,53,106,0.0640102
56,523,153,103,206,0.0640622
56,182,218,79,158,0.0640622
56,16,219,58,115,0.0640622
56,432,193,54,107,0.0640622
57,517,146,107,214,0.061645
57,184,224,71,142,0.061645
57,7,215,58,121,0.061645
57,434,199,52,104,0.061645
58,553,111,78,255,0.0834992
58,499,165,95,191,0.0834992
58,189,234,72,144,0.0834992
58,117,196,52,104,0.0834992
58,432,193,54,107,0.0834992
58,16,220,58,117,0.0834992
59,499,168,94,187,0.0695324
59,555,111,76,258,0.0695324
59,138,92,146,290,0.0695324
59,114,194,58,114,0.0695324
59,431,194,54,109,0.0695324
59,12,221,59,118,0.0695324
60,157,113,130,259,0.0817051
60,515,155,102,204,0.0817051
60,115,194,58,114,0.0817051
60,434,195,53,106,0.0817051
60,13,224,58,116,0.0817051
61,515,158,102,202,0.0555513
61,189,225,76,152,0.0555513
61,115,193,59,118,0.0555513
61,16,221,58,115,0.0555513
61,434,195,54,106,0.0555513
62,177,165,102,203,0.0657623
62,513,162,99,198,0.0657623
62,115,191,61,122,0.0657623
62,16,221,58,115,0.0657623
62,434,195,54,106,0.0657623
63,182,165,102,204,0.0663409
63,547,112,82,256,0.0663409
63,497,185,86,173,0.0663409
63,117,191,61,122,0.0663409
63,500,45,61,121,0.0663409
63,434,195,53,106,0.0663409
64,500,193,82,163,0.0685087
64,119,191,60,121,0.0685087
64,547,112,82,253,0.0685087
64,500,45,61,121,0.0685087
64,8,222,57,114,0.0685087
64,168,111,130,260,0.0685087
64,432,193,54,107,0.0685087
65,179,101,136,272,0.0652754
65,543,112,86,255,0.0652754
65,500,194,82,164,0.0652754
65,119,192,61,122,0.0652754
65,7,203,54,184,0.0652754
65,434,199,52,104,0.0652754
65,14,219,58,115,0.0652754
65,500,45,61,121,0.0652754
66,179,106,134,267,0.0578654
66,500,195,82,162,0.0578654
66,544,111,86,260,0.0578654
66,121,193,60,120,0.0578654
66,500,45,61,121,0.0578654
66,13,219,58,115,0.0578654
66,6,204,51,182,0.0578654
67,189,115,130,259,0.0562632
67,550,125,80,214,0.0562632
67,497,191,84,168,0.0562632
67,500,45,61,121,0.0562632
67,121,194,59,118,0.0562632
67,435,195,53,106,0.0562632
67,17,231,52,104,0.0562632
67,7,203,54,184,0.0562632
68,545,117,85,236,0.0593955
68,195,112,128,256,0.0593955
68,498,192,85,169,0.0593955
68,7,203,54,184,0.0593955
68,500,45,61,121,0.0593955
68,121,191,59,118,0.0593955
68,19,222,57,113,0.0593955
69,543,113,86,238,0.067762
69,203,120,122,242,0.067762
69,499,200,81,161,0.067762
69,500,45,61,121,0.067762
69,123,190,60,119,0.067762
69,20,220,58,114,0.067762
69,7,203,54,184,0.067762
69,432,193,54,107,0.067762
70,210,123,118,235,0.0577867
70,545,116,85,234,0.0577867
70,500,205,78,155,0.0577867
70,500,45,61,121,0.0577867
70,123,192,59,118,0.0577867
70,67,208,55,110,0.0577867
70,434,193,53,106,0.0577867
71,208,116,125,249,0.0588134
71,545,114,84,237,0.0588134
71,501,211,74,150,0.0588134
71,7,203,54,184,0.0588134
71,123,192,59,118,0.0588134
71,68,206,56,111,0.0588134
71,500,45,61,121,0.0588134
71,8,213,62,123,0.0588134
72,213,120,121,241,0.0579764
72,545,117,84,234,0.0579764
72,496,203,80,160,0.0579764
72,123,193,59,118,0.0579764
72,500,45,61,121,0.0579764
72,68,205,58,115,0.0579764
72,8,213,62,123,0.0579764
73,545,119,85,239,0.0588524
73,218,117,121,241,0.0588524
73,493,201,82,162,0.0588524
73,500,45,61,121,0.0588524
73,125,193,58,118,0.0588524
73,68,203,58,115,0.0588524
73,8,210,62,125,0.0588524
73,434,199,52,104,0.0588524
74,546,119,83,241,0.0663247
74,494,202,81,162,0.0663247
74,225,129,118,235,0.0663247
74,125,195,58,116,0.0663247
74,434,199,52,104,0.0663247
74,68,205,58,115,0.0663247
74,13,220,58,116,0.0663247
74,500,45,61,121,0.0663247
75,228,122,121,241,0.0640814
75,558,173,73,192,0.0640814
75,490,193,86,172,0.0640814
75,126,193,61,121,0.0640814
75,500,45,61,121,0.0640814
75,70,206,57,113,0.0640814
75,13,221,58,115,0.0640814
75,434,199,52,104,0.0640814
76,231,115,125,249,0.0567629
76,559,182,72,183,0.0567629
76,492,195,86,173,0.0567629
76,128,191,60,121,0.0567629
76,16,218,60,120,0.0567629
76,434,199,52,104,0.0567629
76,71,206,57,113,0.0567629
76,500,45,61,121,0.0567629
77,539,115,90,245,0.060531
77,492,201,85,170,0.060531
77,7,203,54,184,0.060531
77,128,193,58,116,0.060531
77,434,199,52,104,0.060531
77,14,216,59,118,0.060531
77,500,45,61,121,0.060531
77,73,204,58,115,0.060531
78,538,122,90,237,0.0612104
78,482,166,101,202,0.0612104
78,128,190,60,119,0.0612104
78,500,45,61,121,0.0612104
78,72,202,58,114,0.0612104
78,13,216,60,119,0.0612104
78,7,203,54,184,0.0612104
78,434,199,52,104,0.0612104
79,542,125,87,229,0.0791141
79,481,176,95,190,0.0791141
79,7,201,53,189,0.0791141
79,246,200,79,159,0.0791141
79,574,245,58,130,0.0791141
79,129,190,60,121,0.0791141
79,14,215,61,122,0.0791141
79,434,199,52,104,0.0791141
79,72,201,59,118,0.0791141
79,500,45,61,121,0.0791141
80,538,118,90,240,0.0584156
80,481,190,89,178,0.0584156
80,246,200,79,159,0.0584156
80,567,227,65,150,0.0584156
80,130,189,59,118,0.0584156
80,434,199,52,104,0.0584156
80,16,218,58,116,0.0584156
80,500,45,61,121,0.0584156
80,74,200,61,122,0.0584156
81,539,123,90,239,0.0643307
81,480,190,90,179,0.0643307
81,130,189,59,118,0.0643307
81,568,235,64,146,0.0643307
81,434,199,52,104,0.0643307
81,16,215,59,119,0.0643307
81,75,201,59,118,0.0643307
82,537,116,91,243,0.0635875
82,473,172,101,201,0.0635875
82,570,242,62,138,0.0635875
82,15,206,66,131,0.0635875
82,130,189,59,118,0.0635875
82,500,45,61,121,0.0635875
82,79,204,58,116,0.0635875
82,434,199,52,104,0.0635875
83,533,118,95,254,0.0634639
83,277,126,107,214,0.0634639
83,469,159,107,214,0.0634639
83,130,186,61,122,0.0634639
83,14,221,58,115,0.0634639
83,80,202,59,117,0.0634639
83,434,195,53,106,0.0634639
84,533,111,95,246,0.0574718
84,277,123,107,214,0.0574718
84,464,163,105,210,0.0574718
84,568,238,64,143,0.0574718
84,132,186,60,119,0.0574718
84,82,205,57,113,0.0574718
84,19,221,58,115,0.0574718
85,531,112,97,249,0.06201
85,278,120,114,227,0.06201
85,464,164,104,208,0.06201
85,132,185,64,128,0.06201
85,86,204,58,116,0.06201
85,17,217,62,123,0.06201
86,532,111,96,245,0.0598079
86,277,123,115,230,0.0598079
86,463,164,104,208,0.0598079
86,131,183,69,138,0.0598079
86,20,214,62,123,0.0598079
86,4,9,29,108,0.0598079
86,87,206,56,111,0.0598079
87,531,113,97,247,0.0633063
87,285,125,113,225,0.0633063
87,465,172,102,202,0.0633063
87,7,199,55,191,0.0633063
87,135,185,67,134,0.0633063
87,18,213,62,125,0.0633063
87,89,202,57,114,0.0633063
87,432,195,54,107,0.0633063
88,521,105,106,266,0.0617509
88,293,131,107,214,0.0617509
88,461,172,102,204,0.0617509
88,5,227,37,144,0.0617509
88,137,186,64,127,0.0617509
88,19,218,61,121,0.0617509
88,91,205,56,112,0.0617509
89,539,161,90,214,0.05604
89,293,133,107,214,0.05604
89,459,170,103,206,0.05604
89,6,199,51,190,0.05604
89,137,188,62,124,0.05604
89,17,217,62,123,0.05604
89,91,205,56,112,0.05604
90,594,107,41,156,0.0607562
90,303,149,100,200,0.0607562
90,539,168,90,210,0.0607562
90,455,166,106,210,0.0607562
90,6,201,47,189,0.0607562
90,137,186,64,127,0.0607562
90,17,218,61,122,0.0607562
90,93,207,55,110,0.0607562
91,519,108,108,270,0.058691
91,304,141,103,206,0.058691
91,454,173,103,206,0.058691
91,5,220,37,145,0.058691
91,138,185,65,129,0.058691
91,17,220,60,119,0.058691
91,93,206,55,111,0.058691
92,518,113,109,268,0.0608134
92,308,142,103,206,0.0608134
92,460,189,94,187,0.0608134
92,5,215,39,155,0.0608134
92,138,186,63,126,0.0608134
92,17,217,62,123,0.0608134
92,94,208,56,111,0.0608134
93,310,138,105,209,0.0643871
93,450,170,104,208,0.0643871
93,6,201,47,189,0.0643871
93,517,114,110,269,0.0643871
93,139,186,63,126,0.0643871
93,17,217,62,123,0.0643871
93,96,206,56,111,0.0643871
94,515,113,111,271,0.0585438
94,314,142,101,202,0.0585438
94,455,189,96,193,0.0585438
94,139,184,66,133,0.0585438
94,18,217,61,121,0.0585438
94,6,203,46,184,0.0585438
94,97,208,55,110,0.0585438
95,513,113,113,270,0.0738859
95,314,144,100,199,0.0738859
95,457,197,93,185,0.0738859
95,140,183,65,130,0.0738859
95,97,206,56,112,0.0738859
95,18,218,59,118,0.0738859
96,506,111,119,281,0.0626552
96,319,140,98,195,0.0626552
96,459,208,86,173,0.0626552
96,142,185,63,126,0.0626552
96,98,208,55,110,0.0626552
96,19,216,59,118,0.0626552
96,432,193,54,107,0.0626552
97,507,107,118,280,0.0574393
97,322,141,97,194,0.0574393
97,456,205,88,176,0.0574393
97,141,184,67,134,0.0574393
97,18,217,62,122,0.0574393
97,97,209,56,112,0.0574393
98,504,102,121,278,0.0620588
98,324,139,98,195,0.0620588
98,457,216,85,169,0.0620588
98,144,186,64,129,0.0620588
98,428,191,56,111,0.0620588
98,98,209,55,110,0.0620588
98,18,217,61,121,0.0620588
99,509,117,117,266,0.0589401
99,430,142,122,245,0.0589401
99,333,171,83,166,0.0589401
99,142,185,67,134,0.0589401
99,99,210,55,110,0.0589401
99,19,216,58,117,0.0589401
100,501,102,123,278,0.0636036
100,341,175,81,162,0.0636036
100,143,185,67,134,0.0636036
100,19,218,58,116,0.0636036
100,101,210,54,107,0.0636036
100,213,225,58,117,0.0636036
101,516,149,110,236,0.0572059
101,450,211,87,175,0.0572059
101,341,167,84,168,0.0572059
101,144,184,65,130,0.0572059
101,18,218,61,121,0.0572059
101,100,204,58,115,0.0572059
102,500,106,125,275,0.0558521
102,337,141,94,188,0.0558521
102,445,205,91,182,0.0558521
102,144,183,66,131,0.0558521
102,100,204,58,115,0.0558521
102,20,222,57,114,0.0558521
103,518,162,109,226,0.0603104
103,444,211,89,178,0.0603104
103,344,137,93,185,0.0603104
103,5,211,40,160,0.0603104
103,144,184,66,131,0.0603104
103,18,219,60,120,0.0603104
103,100,204,58,114,0.0603104
104,346,134,92,184,0.0611531
104,517,160,110,227,0.0611531
104,441,208,91,182,0.0611531
104,144,184,65,130,0.0611531
104,17,220,59,118,0.0611531
104,101,205,57,114,0.0611531
105,519,168,108,222,0.0635856
105,349,136,91,182,0.0635856
105,438,203,94,188,0.0635856
105,143,185,67,134,0.0635856
105,348,211,62,124,0.0635856
105,102,205,58,114,0.0635856
105,18,223,58,117,0.0635856
106,358,140,85,170,0.0612924
106,432,193,101,202,0.0612924
106,513,163,112,223,0.0612924
106,144,184,66,131,0.0612924
106,101,204,58,115,0.0612924
106,17,222,58,114,0.0612924
106,349,219,58,116,0.0612924
107,511,160,114,229,0.0623976
107,436,210,93,186,0.0623976
107,364,143,82,163,0.0623976
107,144,186,66,132,0.0623976
107,102,205,57,114,0.0623976
107,349,217,59,117,0.0623976
108,491,103,132,269,0.058234
108,438,221,89,177,0.058234
108,526,214,90,181,0.058234
108,366,143,84,168,0.058234
108,144,185,66,131,0.058234
108,103,206,57,114,0.058234
108,17,222,58,114,0.058234
109,489,101,134,280,0.0606452
109,369,143,83,166,0.0606452
109,435,215,92,184,0.0606452
109,143,187,66,130,0.0606452
109,103,206,57,114,0.0606452
110,487,98,136,274,0.0612837
110,411,155,124,247,0.0612837
110,370,142,85,170,0.0612837
110,144,187,64,128,0.0612837
110,103,207,57,113,0.0612837
110,18,220,58,114,0.0612837
111,370,138,87,174,0.0594921
111,508,176,106,211,0.0594921
111,143,185,66,130,0.0594921
111,104,208,57,113,0.0594921
111,17,219,61,120,0.0594921
111,403,142,132,263,0.0594921
111,504,41,59,118,0.0594921
112,405,168,115,231,0.0673518
112,509,185,102,203,0.0673518
112,141,183,68,136,0.0673518
112,18,218,60,119,0.0673518
112,104,202,60,120,0.0673518
112,504,41,59,118,0.0673518
113,479,103,139,278,0.0641475
113,399,168,118,236,0.0641475
113,141,182,67,134,0.0641475
113,17,217,62,123,0.0641475
114,481,105,138,275,0.0745334
114,393,154,126,254,0.0745334
114,138,180,70,138,0.0745334
114,4,218,36,142,0.0745334
114,18,217,62,122,0.0745334
115,474,98,146,292,0.0717353
115,394,163,122,243,0.0717353
115,138,181,68,135,0.0717353
115,18,215,62,123,0.0717353
115,4,221,31,124,0.0717353
116,394,161,121,242,0.0728825
116,467,92,150,301,0.0728825
116,138,181,67,134,0.0728825
116,18,209,64,128,0.0728825
116,105,201,61,121,0.0728825
117,388,151,126,253,0.0682795
117,467,90,150,301,0.0682795
117,139,181,69,137,0.0682795
117,17,214,62,126,0.0682795
117,104,204,59,118,0.0682795
118,463,86,156,311,0.0786955
118,385,163,122,246,0.0786955
118,138,181,68,136,0.0786955
118,17,216,62,125,0.0786955
118,103,204,59,118,0.0786955
118,309,207,59,118,0.0786955
119,463,85,154,306,0.0621864
119,380,157,127,254,0.0621864
119,138,181,69,137,0.0621864
119,16,218,62,124,0.0621864
119,311,214,54,109,0.0621864
119,103,204,59,118,0.0621864
120,463,85,153,306,0.0674528
120,377,156,127,254,0.0674528
120,103,204,59,118,0.0674528
120,311,214,54,110,0.0674528
120,14,217,62,125,0.0674528
120,137,181,68,136,0.0674528
121,458,77,161,322,0.0687097
121,374,156,128,256,0.0687097
121,136,179,69,138,0.0687097
121,16,216,61,122,0.0687097
121,104,204,60,119,0.0687097
122,455,69,164,334,0.078581
122,372,156,130,259,0.078581
122,135,181,67,134,0.078581
122,105,209,57,114,0.078581
122,11,218,59,119,0.078581
122,7,201,55,186,0.078581
123,456,79,159,318,0.0736807
123,368,144,136,273,0.0736807
123,136,182,67,134,0.0736807
123,7,203,53,184,0.0736807
123,14,221,58,115,0.0736807
123,102,204,61,122,0.0736807
124,454,77,162,325,0.0602356
124,368,144,136,272,0.0602356
124,134,180,68,136,0.0602356
124,6,206,45,174,0.0602356
124,102,207,58,115,0.0602356
124,14,217,62,122,0.0602356
125,455,78,162,324,0.0650648
125,368,150,135,271,0.0650648
125,135,182,66,132,0.0650648
125,6,207,46,170,0.0650648
125,100,208,58,116,0.0650648
126,382,196,111,222,0.0603454
126,454,105,159,318,0.0603454
126,134,180,67,134,0.0603454
126,18,217,61,122,0.0603454
126,100,208,58,116,0.0603454
127,375,186,117,234,0.0673626
127,437,67,180,355,0.0673626
127,134,180,67,134,0.0673626
127,16,218,60,121,0.0673626
127,100,204,59,118,0.0673626
127,212,211,66,131,0.0673626
128,371,194,115,230,0.0705334
128,436,80,174,344,0.0705334
128,136,180,65,130,0.0705334
128,18,226,57,114,0.0705334
128,212,211,66,131,0.0705334
129,382,236,93,186,0.0674923
129,434,76,174,346,0.0674923
129,136,180,62,124,0.0674923
129,96,191,67,134,0.0674923
129,17,222,59,118,0.0674923
129,6,203,46,184,0.0674923
130,346,127,154,304,0.0617177
130,435,83,170,341,0.0617177
130,97,189,68,136,0.0617177
130,137,180,62,123,0.0617177
130,16,215,62,126,0.0617177
131,431,79,169,338,0.0591615
131,348,136,147,295,0.0591615
131,97,189,68,136,0.0591615
131,135,179,65,129,0.0591615
131,18,218,60,120,0.0591615
131,5,211,41,161,0.0591615
132,350,149,141,282,0.0641723
132,134,178,65,130,0.0641723
132,429,81,169,338,0.0641723
132,5,207,42,170,0.0641723
132,97,189,68,136,0.0641723
132,16,214,63,126,0.0641723
133,6,198,49,193,0.0652953
133,367,225,100,201,0.0652953
133,135,178,66,130,0.0652953
133,428,90,170,335,0.0652953
133,96,194,66,133,0.0652953
133,17,215,62,123,0.0652953
134,339,150,142,284,0.0652708
134,427,86,173,339,0.0652708
134,133,178,67,134,0.0652708
134,5,207,41,161,0.0652708
134,97,200,62,125,0.0652708
134,18,215,62,122,0.0652708
134,212,211,66,131,0.0652708
135,334,133,152,298,0.0629163
135,5,199,41,164,0.0629163
135,424,74,177,350,0.0629163
135,132,177,68,135,0.0629163
135,97,199,62,125,0.0629163
135,20,217,60,120,0.0629163
136,8,195,60,218,0.0689646
136,130,174,73,145,0.0689646
136,496,42,66,133,0.0689646
136,21,216,60,120,0.0689646
136,212,211,66,131,0.0689646
136,420,64,182,358,0.0689646
136,329,141,148,292,0.0689646
137,331,141,150,291,0.0692854
137,8,183,61,226,0.0692854
137,131,174,72,144,0.0692854
137,409,54,187,366,0.0692854
138,130,174,73,146,0.0633958
138,330,152,145,282,0.0633958
138,92,184,71,142,0.0633958
138,4,52,29,115,0.0633958
138,407,69,176,352,0.0633958
139,429,149,139,278,0.0705764
139,326,147,148,286,0.0705764
139,130,174,73,146,0.0705764
139,16,217,59,118,0.0705764
139,89,180,74,148,0.0705764
139,489,43,67,134,0.0705764
139,4,52,29,115,0.0705764
140,435,171,130,261,0.0653888
140,9,118,72,286,0.0653888
140,323,134,155,298,0.0653888
140,130,174,73,146,0.0653888
140,90,178,76,152,0.0653888
140,490,42,69,138,0.0653888
141,9,115,75,301,0.0583145
141,314,131,157,300,0.0583145
141,433,178,130,259,0.0583145
141,130,174,74,147,0.0583145
141,90,181,74,150,0.0583145
141,490,42,69,138,0.0583145
142,10,113,76,306,0.0697039
142,310,131,158,300,0.0697039
142,429,175,132,262,0.0697039
142,91,187,72,144,0.0697039
142,130,175,73,146,0.0697039
142,487,42,68,136,0.0697039
143,11,115,88,290,0.0728598
143,303,158,146,277,0.0728598
143,428,186,130,253,0.0728598
143,131,176,72,144,0.0728598
143,90,186,72,145,0.0728598
143,490,42,69,138,0.0728598
144,12,108,94,299,0.066965
144,299,141,155,291,0.066965
144,90,178,76,152,0.066965
144,130,175,74,147,0.066965
144,392,73,182,350,0.066965
145,298,141,155,291,0.0680081
145,11,160,89,246,0.0680081
145,387,61,187,361,0.0680081
145,130,175,74,148,0.0680081
145,90,186,71,142,0.0680081
146,130,174,74,148,0.0669531
146,87,183,74,149,0.0669531
146,391,57,158,315,0.0669531
146,13,123,101,269,0.0669531
146,296,136,158,296,0.0669531
147,393,61,147,294,0.0687677
147,13,129,103,265,0.0687677
147,285,123,163,307,0.0687677
147,88,185,74,149,0.0687677
147,130,175,73,146,0.0687677
148,391,60,151,303,0.0609417
148,13,133,106,271,0.0609417
148,283,124,166,306,0.0609417
148,434,239,101,202,0.0609417
148,131,175,73,146,0.0609417
148,85,182,75,150,0.0609417
149,390,58,153,306,0.0568145
149,14,129,110,278,0.0568145
149,283,121,166,309,0.0568145
149,433,238,98,196,0.0568145
149,130,172,75,151,0.0568145
149,85,182,75,150,0.0568145
150,431,239,98,196,0.0566955
150,130,171,78,155,0.0566955
150,85,183,74,147,0.0566955
150,14,121,112,288,0.0566955
150,283,121,166,309,0.0566955
150,388,65,158,314,0.0566955
151,431,250,91,182,0.062849
151,131,169,76,153,0.062849
151,81,174,79,159,0.062849
151,16,118,126,263,0.062849
151,273,118,171,311,0.062849
152,22,121,122,243,0.0616156
152,132,169,77,153,0.0616156
152,415,192,125,248,0.0616156
152,272,120,169,310,0.0616156
152,382,55,166,330,0.0616156
153,422,229,98,198,0.0689005
153,260,124,170,306,0.0689005
153,131,168,78,156,0.0689005
153,58,144,65,130,0.0689005
154,418,218,102,204,0.05891
154,130,166,82,164,0.05891
154,253,115,177,314,0.05891
154,66,147,62,123,0.05891
155,368,45,178,355,0.0697664
155,131,166,81,162,0.0697664
155,41,126,126,251,0.0697664
156,247,119,178,310,0.0669141
156,40,123,130,260,0.0669141
156,413,216,105,209,0.0669141
156,366,39,180,360,0.0669141
156,130,161,86,171,0.0669141
157,43,125,129,257,0.0619001
157,251,140,167,293,0.0619001
157,361,40,169,338,0.0619001
157,132,165,85,170,0.0619001
157,406,209,115,230,0.0619001
158,52,122,134,268,0.0599404
158,132,161,86,171,0.0599404
158,407,244,102,203,0.0599404
158,453,41,130,259,0.0599404
158,244,128,175,302,0.0599404
158,357,31,179,359,0.0599404
159,56,126,132,264,0.0687227
159,241,131,171,300,0.0687227
159,135,166,82,163,0.0687227
159,473,151,74,149,0.0687227
159,352,31,177,353,0.0687227
159,496,41,66,131,0.0687227
160,57,123,138,275,0.0699004
160,138,168,80,159,0.0699004
160,474,158,72,143,0.0699004
160,4,219,33,131,0.0699004
161,72,125,136,271,0.0564814
161,476,160,71,142,0.0564814
161,142,172,75,150,0.0564814
162,76,132,131,262,0.0614601
162,477,156,73,146,0.0614601
163,81,126,136,272,0.0646294
163,225,132,170,299,0.0646294
163,477,149,76,152,0.0646294
163,4,9,29,108,0.0646294
164,87,125,133,265,0.0610428
164,497,41,65,129,0.0610428
164,480,151,75,150,0.0610428
164,4,216,34,138,0.0610428
165,91,123,133,265,0.0636584
165,485,157,74,146,0.0636584
165,4,219,32,130,0.0636584
166,106,131,125,249,0.0580415
166,489,162,69,137,0.0580415
166,404,201,94,189,0.0580415
166,500,45,61,121,0.0580415
166,6,203,46,184,0.0580415
167,109,132,125,250,0.0669918
167,395,197,104,208,0.0669918
167,493,169,65,130,0.0669918
167,500,45,61,121,0.0669918
167,6,203,46,184,0.0669918
168,106,128,130,258,0.080831
168,396,200,94,187,0.080831
168,10,225,79,159,0.080831
168,493,168,66,133,0.080831
168,6,203,46,184,0.080831
168,500,45,61,121,0.080831
168,448,190,56,111,0.080831
169,104,114,135,270,0.0769898
169,6,209,45,178,0.0769898
169,494,170,66,132,0.0769898
169,447,190,56,112,0.0769898
169,500,45,61,121,0.0769898
170,102,116,134,267,0.0636163
170,495,168,66,133,0.0636163
170,444,188,58,114,0.0636163
170,500,45,61,121,0.0636163
170,4,240,29,117,0.0636163
171,107,137,120,239,0.0656897
171,495,166,67,134,0.0656897
171,440,188,58,117,0.0656897
171,500,45,61,121,0.0656897
172,500,45,61,121,0.0614638
172,498,168,64,128,0.0614638
172,442,186,59,118,0.0614638
172,110,135,120,240,0.0614638
173,499,168,64,128,0.0679697
173,166,151,56,111,0.0679697
173,444,187,58,117,0.0679697
174,502,174,62,124,0.0887903
174,101,177,88,174,0.0887903
174,6,203,46,184,0.0887903
174,445,186,58,117,0.0887903
174,25,231,52,104,0.0887903
175,498,43,63,126,0.0845558
175,502,173,63,126,0.0845558
175,106,183,81,162,0.0845558
175,6,203,46,184,0.0845558
175,446,187,58,116,0.0845558
175,25,231,52,104,0.0845558
175,398,341,62,120,0.0845558
176,504,175,62,124,0.0722462
176,104,183,84,167,0.0722462
176,6,203,46,184,0.0722462
176,447,187,58,116,0.0722462
176,25,231,52,104,0.0722462
176,498,43,64,128,0.0722462
177,505,175,62,124,0.0692574
177,449,186,58,115,0.0692574
177,25,231,52,104,0.0692574
177,106,174,90,179,0.0692574
178,348,189,95,190,0.0712981
178,506,175,62,122,0.0712981
178,106,174,92,184,0.0712981
178,452,185,57,114,0.0712981
178,25,231,52,104,0.0712981
178,4,236,33,130,0.0712981
179,107,174,91,182,0.0840723
179,507,174,62,123,0.0840723
179,452,186,57,114,0.0840723
179,4,227,36,139,0.0840723
179,23,231,54,107,0.0840723
179,337,187,98,196,0.0840723
180,329,185,106,213,0.0821923
180,508,176,61,122,0.0821923
180,4,237,32,126,0.0821923
180,453,185,57,114,0.0821923
180,21,231,54,110,0.0821923
181,500,45,61,121,0.0735862
181,509,173,62,125,0.0735862
181,453,185,58,114,0.0735862
181,19,224,58,115,0.0735862
182,8,179,67,259,0.0795248
182,510,170,64,127,0.0795248
182,453,185,58,116,0.0795248
182,500,45,61,121,0.0795248
183,10,136,78,296,0.0722973
183,511,171,62,125,0.0722973
183,500,45,61,121,0.0722973
183,451,186,58,116,0.0722973
184,204,128,118,237,0.0761199
184,6,111,44,178,0.0761199
184,512,171,63,127,0.0761199
184,453,186,58,116,0.0761199
184,500,45,61,121,0.0761199
185,209,136,114,228,0.0632722
185,511,168,66,130,0.0632722
185,450,187,59,118,0.0632722
185,500,45,61,121,0.0632722
186,512,168,66,130,0.077538
186,452,185,58,118,0.077538
186,227,246,61,121,0.077538
186,242,151,57,113,0.077538
187,512,166,66,131,0.0744939
187,448,187,59,118,0.0744939
188,10,118,78,174,0.070307
188,513,165,66,132,0.070307
188,446,187,58,117,0.070307
189,10,90,83,331,0.0735087
189,157,152,94,188,0.0735087
189,514,165,64,128,0.0735087
189,447,187,59,118,0.0735087
189,500,45,61,121,0.0735087
189,228,244,63,127,0.0735087
190,10,101,79,319,0.0683306
190,149,153,99,198,0.0683306
190,517,168,62,125,0.0683306
190,448,187,59,118,0.0683306
190,227,252,56,112,0.0683306
191,146,163,96,192,0.0673321
191,446,188,59,118,0.0673321
191,500,45,61,121,0.0673321
191,519,172,59,118,0.0673321
191,4,53,28,112,0.0673321
191,227,179,153,259,0.0673321
192,144,166,94,188,0.0677776
192,522,172,58,115,0.0677776
192,449,188,59,118,0.0677776
193,149,164,94,189,0.0725795
193,449,188,60,119,0.0725795
193,500,45,61,121,0.0725795
193,522,172,59,118,0.0725795
194,153,161,95,190,0.0596098
194,450,188,59,118,0.0596098
194,526,173,57,113,0.0596098
194,93,211,66,131,0.0596098
194,284,97,54,107,0.0596098
195,154,166,93,185,0.0751732
195,80,213,76,152,0.0751732
195,526,173,58,115,0.0751732
195,451,190,58,117,0.0751732
196,151,171,92,185,0.061439
196,449,188,61,122,0.061439
196,271,91,54,109,0.061439
196,526,170,57,113,0.061439
197,449,190,60,120,0.0726221
197,152,178,85,170,0.0726221
197,265,88,56,111,0.0726221
197,485,182,54,107,0.0726221
197,526,170,58,115,0.0726221
198,45,85,151,302,0.0660514
198,278,131,109,216,0.0660514
198,451,191,60,120,0.0660514
198,260,87,55,110,0.0660514
198,528,167,58,116,0.0660514
199,47,85,152,305,0.0600481
199,280,153,104,207,0.0600481
199,214,202,114,228,0.0600481
199,531,168,59,118,0.0600481
199,451,190,60,120,0.0600481
200,276,125,118,235,0.0694701
200,530,165,62,122,0.0694701
200,450,189,62,122,0.0694701
200,500,45,61,121,0.0694701
201,84,100,125,250,0.0790618
201,268,110,126,253,0.0790618
201,531,160,64,129,0.0790618
201,453,190,59,118,0.0790618
201,500,45,61,121,0.0790618
202,88,99,119,238,0.0720466
202,257,108,127,254,0.0720466
202,500,45,61,121,0.0720466
202,532,166,62,122,0.0720466
202,454,187,62,122,0.0720466
202,4,320,30,118,0.0720466
203,7,200,55,221,0.0808319
203,533,166,62,122,0.0808319
203,108,118,81,162,0.0808319
203,453,188,62,124,0.0808319
203,500,45,61,121,0.0808319
203,499,180,57,113,0.0808319
204,300,139,107,214,0.0675237
204,5,218,43,174,0.0675237
204,458,189,60,119,0.0675237
204,500,45,61,121,0.0675237
204,537,168,60,119,0.0675237
204,500,182,54,109,0.0675237
204,210,94,56,111,0.0675237
205,305,140,106,210,0.0602373
205,4,233,33,133,0.0602373
205,458,188,61,121,0.0602373
205,539,169,58,116,0.0602373
205,500,180,56,112,0.0602373
205,500,45,61,121,0.0602373
206,309,141,104,206,0.0601199
206,460,189,60,119,0.0601199
206,500,45,61,121,0.0601199
206,539,169,59,118,0.0601199
206,502,181,55,110,0.0601199
206,4,299,28,111,0.0601199
207,7,227,58,218,0.0624183
207,310,142,102,202,0.0624183
207,191,131,108,215,0.0624183
207,459,191,59,118,0.0624183
207,500,45,61,121,0.0624183
207,541,169,61,121,0.0624183
207,503,182,54,109,0.0624183
207,4,51,28,112,0.0624183
208,9,171,72,266,0.0701671
208,313,141,103,206,0.0701671
208,179,128,114,228,0.0701671
208,461,194,58,116,0.0701671
208,506,183,54,106,0.0701671
208,500,45,61,121,0.0701671
208,542,169,61,122,0.0701671
209,313,143,103,206,0.0654454
209,463,192,59,118,0.0654454
209,10,108,83,320,0.0654454
209,72,168,166,269,0.0654454
209,500,45,61,121,0.0654454
209,545,172,58,114,0.0654454
209,509,187,53,105,0.0654454
209,226,245,54,106,0.0654454
210,317,150,98,198,0.0678938
210,11,102,85,325,0.0678938
210,463,191,59,118,0.0678938
210,500,45,61,121,0.0678938
210,545,170,58,116,0.0678938
210,510,188,52,104,0.0678938
210,236,244,54,107,0.0678938
211,316,147,98,197,0.0586351
211,7,124,54,133,0.0586351
211,462,193,59,118,0.0586351
211,500,45,61,121,0.0586351
211,546,172,57,114,0.0586351
211,510,188,52,104,0.0586351
212,318,146,98,196,0.0658037
212,463,193,60,120,0.0658037
212,500,45,61,121,0.0658037
212,546,170,58,115,0.0658037
212,511,185,54,107,0.0658037
213,331,145,94,187,0.0791141
213,65,46,72,145,0.0791141
213,463,191,61,121,0.0791141
213,547,171,58,115,0.0791141
213,510,184,54,110,0.0791141
213,4,125,30,118,0.0791141
214,338,147,96,192,0.0641875
214,548,170,58,116,0.0641875
214,512,184,54,108,0.0641875
214,464,193,59,118,0.0641875
214,309,209,66,133,0.0641875
214,46,43,72,144,0.0641875
214,213,233,78,157,0.0641875
215,337,150,96,192,0.0693385
215,223,131,108,216,0.0693385
215,466,191,60,119,0.0693385
215,210,227,82,164,0.0693385
215,548,170,58,115,0.0693385
215,512,185,54,109,0.0693385
215,500,45,61,121,0.0693385
216,342,150,96,192,0.0558584
216,468,193,59,118,0.0558584
216,314,202,69,137,0.0558584
216,550,174,56,112,0.0558584
216,519,185,53,106,0.0558584
216,155,96,151,303,0.0558584
217,157,103,149,298,0.0630875
217,343,149,96,191,0.0630875
217,469,192,60,119,0.0630875
217,315,198,70,139,0.0630875
217,500,45,61,121,0.0630875
217,550,174,56,112,0.0630875
217,519,184,54,107,0.0630875
218,166,97,152,304,0.0578337
218,341,143,99,198,0.0578337
218,470,192,60,120,0.0578337
218,551,175,57,114,0.0578337
218,518,181,55,110,0.0578337
218,500,45,61,121,0.0578337
218,45,260,92,184,0.0578337
219,161,100,146,291,0.0594548
219,351,146,98,195,0.0594548
219,472,191,61,121,0.0594548
219,317,192,76,152,0.0594548
219,500,45,61,121,0.0594548
219,542,178,57,113,0.0594548
220,168,109,138,274,0.0564344
220,357,148,92,183,0.0564344
220,473,193,59,118,0.0564344
220,552,175,58,115,0.0564344
220,521,183,54,109,0.0564344
220,500,45,61,121,0.0564344
221,186,108,138,277,0.0617767
221,358,147,91,182,0.0617767
221,474,193,59,118,0.0617767
221,326,202,67,134,0.0617767
221,500,45,61,121,0.0617767
221,541,178,56,112,0.0617767
222,363,148,90,179,0.057543
222,329,199,70,138,0.057543
222,474,193,59,118,0.057543
222,500,45,61,121,0.057543
222,7,20,58,227,0.057543
222,194,112,134,270,0.057543
222,545,177,56,111,0.057543
223,216,181,103,206,0.0596511
223,21,111,165,318,0.0596511
223,6,28,47,186,0.0596511
223,364,153,90,180,0.0596511
223,476,194,61,121,0.0596511
223,328,186,75,150,0.0596511
223,500,45,61,121,0.0596511
223,547,177,56,111,0.0596511
224,209,132,123,246,0.0630222
224,348,173,82,163,0.0630222
224,476,193,61,122,0.0630222
224,41,115,156,312,0.0630222
224,551,177,55,111,0.0630222
224,500,45,61,121,0.0630222
225,209,118,126,251,0.0711304
225,8,128,63,254,0.0711304
225,44,111,162,318,0.0711304
225,345,177,81,161,0.0711304
225,500,45,61,121,0.0711304
225,551,173,58,114,0.0711304
225,477,194,61,122,0.0711304
226,60,114,158,315,0.0706904
226,218,115,123,246,0.0706904
226,354,163,88,176,0.0706904
226,5,209,41,161,0.0706904
226,478,194,62,122,0.0706904
226,555,169,58,116,0.0706904
226,500,45,61,121,0.0706904
227,224,122,120,240,0.062647
227,62,115,158,314,0.062647
227,372,152,94,187,0.062647
227,5,210,42,167,0.062647
227,500,45,61,121,0.062647
227,558,171,58,115,0.062647
227,480,195,61,121,0.062647
227,343,194,70,139,0.062647
228,68,114,159,315,0.0693904
228,227,124,122,242,0.0693904
228,373,151,94,189,0.0693904
228,342,193,70,140,0.0693904
228,480,191,62,125,0.0693904
228,5,214,39,155,0.0693904
228,555,175,56,111,0.0693904
228,500,45,61,121,0.0693904
229,375,148,95,190,0.0608078
229,483,191,62,125,0.0608078
229,342,187,74,149,0.0608078
229,73,114,159,315,0.0608078
229,6,200,52,190,0.0608078
229,234,124,125,250,0.0608078
229,500,45,61,121,0.0608078
229,552,179,54,107,0.0608078
230,376,146,98,195,0.0584055
230,486,191,62,123,0.0584055
230,345,190,74,148,0.0584055
230,78,113,154,308,0.0584055
230,235,125,130,259,0.0584055
230,551,179,54,109,0.0584055
230,500,45,61,121,0.0584055
231,240,126,126,253,0.0649737
231,86,116,154,308,0.0649737
231,383,147,97,194,0.0649737
231,485,188,64,128,0.0649737
231,556,178,55,110,0.0649737
231,500,45,61,121,0.0649737
232,385,152,94,188,0.05798
232,485,189,63,126,0.05798
232,90,111,158,318,0.05798
232,243,128,126,251,0.05798
232,559,174,57,113,0.05798
232,18,235,56,111,0.05798
232,500,45,61,121,0.05798
233,95,112,158,315,0.0588338
233,384,146,97,194,0.0588338
233,485,187,65,130,0.0588338
233,500,45,61,121,0.0588338
233,559,175,57,114,0.0588338
233,18,235,56,111,0.0588338
233,284,249,63,126,0.0588338
233,280,123,64,128,0.0588338
233,198,125,118,234,0.0588338
234,99,106,162,322,0.0699244
234,388,156,91,182,0.0699244
234,500,45,61,121,0.0699244
234,284,127,60,119,0.0699244
234,560,174,58,115,0.0699244
234,488,190,63,126,0.0699244
234,18,234,56,112,0.0699244
234,4,225,33,131,0.0699244
235,253,114,130,259,0.0590928
235,109,115,154,308,0.0590928
235,392,154,92,185,0.0590928
235,489,190,62,125,0.0590928
235,14,229,66,133,0.0590928
235,561,170,59,118,0.0590928
235,4,240,29,115,0.0590928
235,500,45,61,121,0.0590928
236,114,119,152,304,0.0600686
236,263,120,127,254,0.0600686
236,393,153,91,182,0.0600686
236,490,192,62,124,0.0600686
236,564,171,58,116,0.0600686
236,18,232,56,111,0.0600686
237,116,118,155,310,0.0690545
237,268,131,120,239,0.0690545
237,220,128,110,220,0.0690545
237,392,150,93,186,0.0690545
237,492,192,62,124,0.0690545
237,565,170,58,117,0.0690545
237,21,231,54,110,0.0690545
237,500,45,61,121,0.0690545
237,4,238,30,117,0.0690545
238,122,119,151,302,0.0626689
238,222,129,110,218,0.0626689
238,394,149,92,184,0.0626689
238,492,193,62,124,0.0626689
238,376,200,60,120,0.0626689
238,271,135,117,234,0.0626689
238,500,45,61,121,0.0626689
238,566,169,59,118,0.0626689
239,224,129,114,226,0.0614302
239,394,151,92,184,0.0614302
239,494,195,61,122,0.0614302
239,377,196,61,121,0.0614302
239,500,45,61,121,0.0614302
239,566,172,58,115,0.0614302
239,18,232,56,111,0.0614302
239,142,125,142,282,0.0614302
240,153,126,139,278,0.0652348
240,252,135,114,226,0.0652348
240,398,153,90,179,0.0652348
240,495,195,61,122,0.0652348
240,377,197,62,123,0.0652348
240,500,45,61,121,0.0652348
240,567,171,58,116,0.0652348
240,19,230,58,114,0.0652348
241,158,122,141,282,0.060566
241,407,160,82,165,0.060566
241,497,193,62,122,0.060566
241,568,173,58,114,0.060566
241,20,231,55,110,0.060566
241,379,215,58,116,0.060566
241,500,45,61,121,0.060566
242,406,162,84,168,0.0566698
242,499,193,62,122,0.0566698
242,570,176,57,114,0.0566698
242,20,231,55,110,0.0566698
242,500,45,61,121,0.0566698
242,164,118,146,293,0.0566698
243,165,123,143,286,0.0656199
243,288,144,108,215,0.0656199
243,407,163,84,168,0.0656199
243,499,192,61,121,0.0656199
243,570,175,58,117,0.0656199
243,20,231,55,110,0.0656199
243,500,45,61,121,0.0656199
244,169,121,146,293,0.0624266
244,400,152,93,186,0.0624266
244,501,193,61,122,0.0624266
244,569,172,59,118,0.0624266
244,293,119,122,245,0.0624266
244,500,45,61,121,0.0624266
244,16,226,58,115,0.0624266
245,171,121,146,291,0.0610741
245,400,152,94,187,0.0610741
245,500,45,61,121,0.0610741
245,572,171,59,118,0.0610741
245,501,193,62,123,0.0610741
245,12,227,57,113,0.0610741
245,299,118,124,247,0.0610741
246,302,128,114,226,0.0641757
246,402,153,89,178,0.0641757
246,187,130,137,274,0.0641757
246,501,191,63,126,0.0641757
246,573,170,59,120,0.0641757
246,500,45,61,121,0.0641757
246,12,227,57,113,0.0641757
247,190,128,136,272,0.0604803
247,305,129,114,227,0.0604803
247,399,156,84,169,0.0604803
247,557,108,74,178,0.0604803
247,501,192,62,125,0.0604803
247,500,45,61,121,0.0604803
247,12,227,57,113,0.0604803
248,400,175,71,143,0.0634896
248,503,190,65,129,0.0634896
248,310,135,109,217,0.0634896
248,555,102,76,184,0.0634896
248,500,45,61,121,0.0634896
248,195,128,136,273,0.0634896
249,211,128,134,269,0.0669403
249,312,134,106,213,0.0669403
249,407,172,77,154,0.0669403
249,503,190,64,128,0.0669403
249,557,108,74,178,0.0669403
249,500,45,61,121,0.0669403
250,215,129,135,270,0.0620486
250,312,136,110,218,0.0620486
250,408,167,80,160,0.0620486
250,504,191,64,127,0.0620486
250,575,164,58,124,0.0620486
250,500,45,61,121,0.0620486
251,222,124,134,268,0.0635803
251,319,132,112,224,0.0635803
251,415,158,86,173,0.0635803
251,576,162,57,126,0.0635803
251,504,189,64,128,0.0635803
252,230,129,133,266,0.0571229
252,324,132,110,221,0.0571229
252,505,188,64,129,0.0571229
252,500,45,61,121,0.0571229
252,581,170,53,118,0.0571229
252,416,156,86,172,0.0571229
253,231,130,131,262,0.0766914
253,325,133,112,223,0.0766914
253,423,164,82,163,0.0766914
253,505,185,66,131,0.0766914
253,581,170,53,118,0.0766914
253,500,45,61,121,0.0766914
254,327,132,112,223,0.0666172
254,247,165,111,222,0.0666172
254,432,164,78,158,0.0666172
254,507,187,66,132,0.0666172
254,582,171,51,118,0.0666172
255,256,173,109,218,0.0671317
255,330,129,111,222,0.0671317
255,432,163,80,159,0.0671317
255,511,188,66,131,0.0671317
255,584,171,50,118,0.0671317
255,500,45,61,121,0.0671317
256,239,130,128,256,0.0639596
256,336,134,106,211,0.0639596
256,432,163,81,162,0.0639596
256,512,194,62,123,0.0639596
256,584,171,50,117,0.0639596
257,433,160,81,162,0.0612124
257,278,128,122,245,0.0612124
257,584,172,50,116,0.0612124
257,500,199,57,113,0.0612124
257,533,201,60,120,0.0612124
258,286,131,120,240,0.0654014
258,437,160,78,155,0.0654014
258,499,192,60,121,0.0654014
258,536,201,60,119,0.0654014
258,584,171,50,117,0.0654014
258,500,45,61,121,0.0654014
259,254,134,122,242,0.0659733
259,346,135,106,211,0.0659733
259,441,165,75,151,0.0659733
259,499,195,58,117,0.0659733
259,536,191,65,130,0.0659733
259,587,171,47,115,0.0659733
259,500,45,61,121,0.0659733
260,251,131,123,246,0.0619332
260,348,132,108,215,0.0619332
260,442,162,76,151,0.0619332
260,500,45,61,121,0.0619332
260,589,172,46,114,0.0619332
260,500,191,60,119,0.0619332
260,537,191,65,129,0.0619332
261,245,162,105,210,0.0738469
261,350,138,105,210,0.0738469
261,446,166,74,147,0.0738469
261,499,191,59,118,0.0738469
261,539,195,63,126,0.0738469
261,314,236,71,142,0.0738469
261,591,172,44,114,0.0738469
261,21,231,54,110,0.0738469
261,500,45,61,121,0.0738469
262,351,140,106,213,0.0650107
262,260,177,97,194,0.0650107
262,446,165,74,149,0.0650107
262,315,239,71,142,0.0650107
262,500,191,59,118,0.0650107
262,542,190,62,124,0.0650107
262,500,45,61,121,0.0650107
262,591,173,44,113,0.0650107
262,4,242,30,118,0.0650107
262,21,231,54,110,0.0650107
263,359,142,104,207,0.0633257
263,259,148,111,222,0.0633257
263,446,161,75,150,0.0633257
263,501,190,60,119,0.0633257
263,544,191,61,121,0.0633257
263,591,173,44,115,0.0633257
263,21,231,54,110,0.0633257
263,500,45,61,121,0.0633257
263,4,240,31,122,0.0633257
264,316,137,114,227,0.0598211
264,448,160,76,152,0.0598211
264,501,191,60,120,0.0598211
264,544,195,60,120,0.0598211
264,593,174,42,112,0.0598211
264,20,233,55,110,0.0598211
264,4,238,31,125,0.0598211
264,259,259,56,111,0.0598211
265,319,136,114,229,0.0636601
265,450,162,73,146,0.0636601
265,501,191,60,120,0.0636601
265,545,196,61,121,0.0636601
265,593,176,42,111,0.0636601
265,15,227,57,114,0.0636601
266,365,132,106,211,0.0597404
266,452,165,72,145,0.0597404
266,500,45,61,121,0.0597404
266,596,176,39,111,0.0597404
266,547,197,60,119,0.0597404
266,501,191,59,118,0.0597404
266,12,224,57,114,0.0597404
266,288,139,120,239,0.0597404
267,365,131,107,214,0.0598404
267,285,143,115,230,0.0598404
267,455,166,71,142,0.0598404
267,502,190,60,120,0.0598404
267,548,200,62,123,0.0598404
267,500,45,61,121,0.0598404
267,13,220,59,118,0.0598404
267,595,178,40,109,0.0598404
268,332,139,110,220,0.0571988
268,457,168,70,141,0.0571988
268,502,189,60,120,0.0571988
268,549,201,61,122,0.0571988
268,500,45,61,121,0.0571988
268,13,219,59,118,0.0571988
268,4,242,30,116,0.0571988
268,597,177,38,107,0.0571988
269,335,141,109,216,0.0607331
269,457,168,70,140,0.0607331
269,502,191,59,118,0.0607331
269,550,201,61,122,0.0607331
269,500,45,61,121,0.0607331
269,12,224,57,114,0.0607331
269,597,176,38,109,0.0607331
269,294,228,66,133,0.0607331
270,344,140,107,214,0.0591291
270,458,169,69,138,0.0591291
270,503,190,60,119,0.0591291
270,552,201,61,122,0.0591291
270,500,45,61,121,0.0591291
270,299,232,64,128,0.0591291
270,596,176,39,110,0.0591291
270,12,224,57,114,0.0591291
271,348,141,102,205,0.0657817
271,458,168,70,141,0.0657817
271,503,190,60,120,0.0657817
271,553,200,62,122,0.0657817
271,12,220,59,118,0.0657817
271,597,176,38,109,0.0657817
272,280,150,103,206,0.0586272
272,364,139,106,212,0.0586272
272,458,169,71,142,0.0586272
272,500,45,61,121,0.0586272
272,599,175,37,109,0.0586272
272,504,189,59,118,0.0586272
272,15,226,56,112,0.0586272
272,561,216,54,107,0.0586272
273,366,138,106,211,0.0662118
273,280,150,103,206,0.0662118
273,460,167,70,140,0.0662118
273,504,191,59,118,0.0662118
273,9,224,58,116,0.0662118
273,599,173,36,110,0.0662118
273,561,220,54,109,0.0662118
274,354,142,101,201,0.078369
274,462,167,67,135,0.078369
274,500,45,61,121,0.078369
274,506,192,58,117,0.078369
274,601,173,34,110,0.078369
274,9,224,58,116,0.078369
275,364,139,100,200,0.0595154
275,602,173,34,111,0.0595154
275,506,191,62,122,0.0595154
275,463,170,69,138,0.0595154
275,13,226,57,114,0.0595154
276,357,141,101,201,0.063788
276,463,169,70,140,0.063788
276,507,191,61,122,0.063788
276,604,174,32,111,0.063788
276,12,227,57,113,0.063788
276,306,255,53,105,0.063788
277,367,135,109,218,0.065338
277,291,142,110,219,0.065338
277,509,191,61,122,0.065338
277,604,172,32,116,0.065338
277,468,170,65,129,0.065338
277,17,228,55,110,0.065338
278,354,135,115,230,0.0658019
278,292,145,112,224,0.0658019
278,510,191,62,122,0.0658019
278,472,169,62,123,0.0658019
278,605,176,31,110,0.0658019
279,341,137,116,231,0.0637931
279,472,170,66,131,0.0637931
279,512,193,61,122,0.0637931
279,607,177,30,110,0.0637931
279,12,227,57,113,0.0637931
279,566,223,53,106,0.0637931
280,296,148,108,216,0.0651688
280,372,181,93,186,0.0651688
280,472,168,68,135,0.0651688
280,513,194,60,119,0.0651688
280,608,175,29,110,0.0651688
281,354,140,113,225,0.0654827
281,473,169,67,134,0.0654827
281,607,177,30,110,0.0654827
281,512,197,58,118,0.0654827
281,565,217,55,110,0.0654827
282,367,168,98,194,0.0634077
282,475,168,67,134,0.0634077
282,608,175,29,110,0.0634077
282,511,198,58,116,0.0634077
282,565,225,54,107,0.0634077
283,376,142,112,224,0.0672392
283,311,157,97,193,0.0672392
283,475,166,70,140,0.0672392
283,608,175,29,110,0.0672392
283,564,224,54,108,0.0672392
284,382,143,112,223,0.0634957
284,317,158,95,190,0.0634957
284,475,169,73,146,0.0634957
284,608,176,29,110,0.0634957
284,562,221,54,107,0.0634957
284,500,45,61,121,0.0634957
285,382,143,111,222,0.0629065
285,324,160,94,187,0.0629065
285,477,169,72,144,0.0629065
285,608,175,29,110,0.0629065
285,561,223,54,109,0.0629065
286,383,144,110,220,0.0618492
286,316,156,93,186,0.0618492
286,477,167,75,150,0.0618492
286,608,175,29,108,0.0618492
286,560,223,56,112,0.0618492
287,392,141,110,220,0.065881
287,332,162,95,190,0.065881
287,480,166,76,152,0.065881
287,288,144,90,178,0.065881
287,500,45,61,121,0.065881
287,609,170,28,107,0.065881
287,560,223,54,109,0.065881
288,395,144,108,215,0.0562291
288,330,163,93,186,0.0562291
288,485,169,69,137,0.0562291
288,556,214,58,118,0.0562291
288,610,175,26,104,0.0562291
289,396,150,106,210,0.0601048
289,335,168,91,182,0.0601048
289,497,41,65,129,0.0601048
289,487,169,68,136,0.0601048
289,555,213,60,119,0.0601048
289,610,177,26,104,0.0601048
290,398,149,107,214,0.0637185
290,336,169,90,181,0.0637185
290,497,41,65,129,0.0637185
290,489,165,70,141,0.0637185
290,554,210,62,122,0.0637185
290,298,199,62,122,0.0637185
291,399,143,110,218,0.0719864
291,338,172,89,178,0.0719864
291,494,172,68,135,0.0719864
291,551,208,63,126,0.0719864
291,298,199,62,122,0.0719864
292,339,168,90,180,0.0577828
292,407,151,103,206,0.0577828
292,498,177,67,135,0.0577828
292,551,208,63,126,0.0577828
293,349,161,89,178,0.0633566
293,409,150,104,208,0.0633566
293,499,179,66,132,0.0633566
293,551,206,63,126,0.0633566
293,299,201,58,115,0.0633566
294,353,160,90,179,0.0549877
294,414,151,102,205,0.0549877
294,500,179,66,133,0.0549877
294,548,197,66,131,0.0549877
294,500,45,61,121,0.0549877
295,394,154,96,191,0.0809224
295,502,180,66,133,0.0809224
295,549,200,64,129,0.0809224
295,500,45,61,121,0.0809224
295,21,231,54,110,0.0809224
296,395,155,94,189,0.0612172
296,503,178,66,134,0.0612172
296,547,198,66,132,0.0612172
296,21,231,54,110,0.0612172
297,365,158,87,174,0.0600578
297,424,156,100,200,0.0600578
297,506,179,66,130,0.0600578
297,549,201,64,128,0.0600578
297,500,45,61,121,0.0600578
297,21,231,54,110,0.0600578
298,428,154,100,199,0.0623674
298,367,157,88,177,0.0623674
298,505,179,66,131,0.0623674
298,545,196,67,134,0.0623674
298,21,231,54,110,0.0623674
298,500,45,61,121,0.0623674
299,405,162,90,181,0.0617622
299,547,198,65,130,0.0617622
299,507,179,66,131,0.0617622
299,500,45,61,121,0.0617622
299,21,231,54,110,0.0617622
300,377,157,89,178,0.0612936
300,438,178,86,173,0.0612936
300,500,45,61,121,0.0612936
300,507,178,67,134,0.0612936
300,550,207,62,124,0.0612936
301,376,158,88,177,0.0578552
301,439,182,84,169,0.0578552
301,509,181,66,131,0.0578552
301,548,200,64,128,0.0578552
302,442,178,83,166,0.0602226
302,372,158,90,180,0.0602226
302,510,182,65,129,0.0602226
302,550,207,62,123,0.0602226
302,213,222,59,118,0.0602226
302,21,231,54,110,0.0602226
303,415,169,86,172,0.0628084
303,511,182,64,127,0.0628084
303,549,199,65,129,0.0628084
303,4,219,34,138,0.0628084
303,23,231,54,107,0.0628084
303,500,45,61,121,0.0628084
303,215,220,62,122,0.0628084
304,371,154,93,185,0.0582149
304,446,179,83,167,0.0582149
304,527,189,64,129,0.0582149
305,370,158,92,184,0.05692
305,451,189,78,157,0.05692
305,529,188,66,132,0.05692
305,21,231,54,110,0.05692
306,451,189,79,158,0.0760924
306,371,158,91,182,0.0760924
306,534,191,65,129,0.0760924
307,373,164,87,174,0.0690661
307,451,183,82,163,0.0690661
307,541,196,64,129,0.0690661
308,376,176,79,159,0.0833723
308,454,186,82,162,0.0833723
308,543,195,65,130,0.0833723
309,447,158,95,191,0.0631049
309,383,168,80,160,0.0631049
309,543,194,66,130,0.0631049
309,606,151,30,113,0.0631049
309,21,231,54,110,0.0631049
310,385,174,78,154,0.0639946
310,446,153,96,191,0.0639946
310,544,199,63,126,0.0639946
310,606,151,30,113,0.0639946
310,21,231,54,110,0.0639946
311,447,154,97,193,0.0567324
311,382,168,83,167,0.0567324
311,546,199,64,127,0.0567324
312,458,172,85,170,0.0595081
312,387,171,82,162,0.0595081
312,546,195,65,130,0.0595081
313,386,170,82,163,0.059427
313,458,172,85,170,0.059427
313,541,187,69,138,0.059427
314,388,167,82,163,0.0597718
314,459,173,86,170,0.0597718
314,539,183,70,141,0.0597718
315,379,167,84,168,0.0601746
315,459,169,86,173,0.0601746
315,424,164,74,149,0.0601746
315,540,184,70,140,0.0601746
316,381,164,86,172,0.0636186
316,457,161,90,179,0.0636186
316,540,187,67,134,0.0636186
316,610,174,26,104,0.0636186
317,382,165,86,171,0.0639423
317,457,161,91,182,0.0639423
317,542,192,67,134,0.0639423
317,500,45,61,121,0.0639423
317,610,174,26,104,0.0639423
318,387,164,86,170,0.0601404
318,459,163,90,181,0.0601404
318,542,189,67,135,0.0601404
319,386,162,87,174,0.0718546
319,459,163,90,181,0.0718546
319,540,184,70,139,0.0718546
320,388,163,86,174,0.0623849
320,461,164,89,178,0.0623849
320,534,169,75,151,0.0623849
321,390,163,86,173,0.062697
321,464,165,87,174,0.062697
321,538,181,71,142,0.062697
322,389,161,87,174,0.0605597
322,463,164,89,178,0.0605597
322,540,189,69,138,0.0605597
323,461,160,91,182,0.0654461
323,391,159,88,176,0.0654461
323,539,190,68,136,0.0654461
324,462,159,90,181,0.0669122
324,390,162,85,170,0.0669122
324,535,169,76,152,0.0669122
325,462,154,92,183,0.0570107
325,388,165,82,164,0.0570107
325,533,172,75,151,0.0570107
326,424,162,85,170,0.0632927
326,528,175,74,149,0.0632927
326,488,231,52,104,0.0632927
327,422,162,85,170,0.0662412
327,527,179,69,138,0.0662412
327,491,230,53,105,0.0662412
328,422,164,84,167,0.0589445
328,528,174,73,145,0.0589445
328,491,230,53,105,0.0589445
329,464,159,90,180,0.0643553
329,410,158,86,173,0.0643553
329,371,176,72,143,0.0643553
329,533,191,66,132,0.0643553
330,467,163,88,175,0.0602355
330,390,168,79,158,0.0602355
330,532,167,78,157,0.0602355
330,12,212,73,144,0.0602355
331,467,164,88,176,0.0800027
331,369,176,73,146,0.0800027
331,410,163,85,170,0.0800027
331,535,184,64,127,0.0800027
331,12,212,73,144,0.0800027
332,367,173,75,150,0.0611172
332,411,168,82,162,0.0611172
332,467,167,86,171,0.0611172
332,532,182,65,130,0.0611172
332,11,215,74,148,0.0611172
333,469,174,82,165,0.0638696
333,370,182,70,142,0.0638696
333,412,169,80,161,0.0638696
333,532,175,69,137,0.0638696
333,11,215,74,148,0.0638696
334,533,173,71,143,0.0622008
334,467,164,86,172,0.0622008
334,412,168,81,162,0.0622008
334,370,184,69,138,0.0622008
334,17,218,66,131,0.0622008
335,465,163,89,178,0.0612103
335,533,176,69,138,0.0612103
335,414,167,82,162,0.0612103
335,368,180,72,145,0.0612103
335,5,213,38,154,0.0612103
335,14,211,71,142,0.0612103
336,467,172,82,162,0.0590898
336,530,173,71,142,0.0590898
336,415,170,80,159,0.0590898
336,366,173,75,150,0.0590898
336,4,224,34,134,0.0590898
336,14,210,70,139,0.0590898
337,523,164,80,159,0.0588542
337,465,162,86,173,0.0588542
337,417,171,79,158,0.0588542
337,367,174,74,150,0.0588542
337,4,221,35,142,0.0588542
337,23,231,54,107,0.0588542
338,465,164,86,170,0.0540242
338,421,172,78,155,0.0540242
338,369,181,72,145,0.0540242
338,525,171,73,145,0.0540242
338,4,221,36,144,0.0540242
338,562,177,59,118,0.0540242
339,366,173,77,153,0.0613807
339,442,171,78,157,0.0613807
339,4,220,35,141,0.0613807
339,536,174,67,134,0.0613807
340,445,171,78,155,0.0575063
340,365,171,78,154,0.0575063
340,541,174,67,135,0.0575063
340,4,224,34,132,0.0575063
341,445,172,75,150,0.06041
341,363,164,81,162,0.06041
341,541,173,70,138,0.06041
341,4,223,34,134,0.06041
342,539,181,67,135,0.0736212
342,443,175,74,148,0.0736212
342,366,178,74,150,0.0736212
342,4,223,34,134,0.0736212
343,531,169,77,154,0.0785832
343,447,175,74,148,0.0785832
343,366,178,74,149,0.0785832
343,4,223,34,134,0.0785832
344,366,181,73,146,0.0586924
344,452,178,71,142,0.0586924
344,531,179,69,137,0.0586924
344,4,219,34,138,0.0586924
344,569,179,57,113,0.0586924
345,454,180,70,138,0.0556707
345,365,180,74,147,0.0556707
345,537,190,68,137,0.0556707
345,4,219,34,138,0.0556707
345,570,182,56,112,0.0556707
346,365,178,76,151,0.0584908
346,454,179,70,139,0.0584908
346,536,193,65,130,0.0584908
346,569,177,58,117,0.0584908
347,363,181,75,150,0.0599219
347,453,177,70,142,0.0599219
347,537,182,71,142,0.0599219
348,538,184,70,141,0.0720304
348,362,178,78,154,0.0720304
348,453,178,70,141,0.0720304
349,363,179,76,152,0.0601278
349,454,177,71,142,0.0601278
349,544,193,66,133,0.0601278
350,362,182,75,150,0.0687141
350,456,177,71,142,0.0687141
350,545,191,65,130,0.0687141
351,362,180,76,152,0.0598339
351,541,178,70,138,0.0598339
351,456,176,72,144,0.0598339
351,16,204,70,140,0.0598339
351,571,174,59,118,0.0598339
352,360,180,75,151,0.0669832
352,545,181,69,137,0.0669832
352,455,173,74,147,0.0669832
353,359,179,77,153,0.0668785
353,552,177,72,143,0.0668785
353,456,175,72,143,0.0668785
353,18,228,54,109,0.0668785
353,525,179,59,117,0.0668785
354,359,178,77,154,0.0681181
354,549,177,71,142,0.0681181
354,459,172,72,144,0.0681181
355,554,176,72,144,0.0620655
355,358,183,75,150,0.0620655
355,458,176,70,139,0.0620655
355,530,179,59,117,0.0620655
355,283,207,54,106,0.0620655
356,358,184,75,150,0.0656359
356,464,176,71,142,0.0656359
356,552,181,72,143,0.0656359
356,283,207,54,106,0.0656359
357,357,186,74,149,0.0647318
357,462,176,72,144,0.0647318
357,549,180,73,146,0.0647318
357,283,207,54,106,0.0647318
357,20,231,52,104,0.0647318
358,357,183,76,151,0.0966045
358,463,176,72,143,0.0966045
358,551,176,74,150,0.0966045
359,357,186,74,149,0.0650848
359,464,174,73,146,0.0650848
359,552,179,73,146,0.0650848
360,354,182,77,154,0.0653135
360,466,173,74,149,0.0653135
360,555,180,73,146,0.0653135
360,8,201,65,238,0.0653135
361,352,179,78,156,0.0668918
361,472,173,73,146,0.0668918
361,556,182,73,146,0.0668918
361,8,196,64,243,0.0668918
362,8,199,65,242,0.0632779
362,353,180,78,155,0.0632779
362,473,172,74,147,0.0632779
362,557,178,74,146,0.0632779
363,354,183,75,150,0.0599984
363,470,172,74,149,0.0599984
363,558,175,73,151,0.0599984
363,4,50,30,116,0.0599984
363,532,177,60,121,0.0599984
364,355,184,76,152,0.069376
364,476,171,74,149,0.069376
364,560,175,71,150,0.069376
365,561,170,70,156,0.0657979
365,354,183,76,153,0.0657979
365,479,173,74,147,0.0657979
365,10,97,81,322,0.0657979
366,11,91,86,334,0.0808729
366,563,181,68,146,0.0808729
366,348,163,86,172,0.0808729
366,480,174,72,144,0.0808729
367,563,178,68,150,0.0650429
367,346,159,87,174,0.0650429
367,483,174,72,144,0.0650429
367,4,52,30,116,0.0650429
367,307,210,55,110,0.0650429
367,11,84,89,341,0.0650429
368,565,175,66,154,0.0837806
368,349,174,82,163,0.0837806
368,484,174,71,143,0.0837806
368,8,187,64,171,0.0837806
368,308,206,58,116,0.0837806
369,14,92,109,334,0.0710504
369,565,172,66,157,0.0710504
369,345,173,84,168,0.0710504
369,487,175,70,139,0.0710504
369,309,208,57,114,0.0710504
370,347,185,79,158,0.0716732
370,566,170,66,158,0.0716732
370,11,182,85,193,0.0716732
370,487,179,67,134,0.0716732
370,307,206,58,115,0.0716732
371,345,184,80,160,0.0738639
371,566,167,66,162,0.0738639
371,486,177,68,135,0.0738639
371,11,200,85,170,0.0738639
371,308,206,58,114,0.0738639
372,341,177,84,168,0.0701012
372,510,179,67,134,0.0701012
372,568,175,64,156,0.0701012
372,471,181,63,126,0.0701012
372,14,124,114,259,0.0701012
373,340,174,86,171,0.0718004
373,16,166,104,208,0.0718004
373,511,178,70,138,0.0718004
373,573,178,60,151,0.0718004
373,472,180,63,126,0.0718004
373,4,223,34,134,0.0718004
373,548,186,54,109,0.0718004
374,16,117,130,259,0.0767263
374,339,171,87,174,0.0767263
374,12,218,93,213,0.0767263
374,474,182,63,126,0.0767263
374,511,178,70,139,0.0767263
374,577,179,56,150,0.0767263
375,25,122,126,254,0.0754943
375,338,175,86,174,0.0754943
375,513,179,68,137,0.0754943
375,474,183,63,126,0.0754943
375,581,194,53,138,0.0754943
376,580,181,54,150,0.0767591
376,337,174,87,175,0.0767591
376,50,192,89,177,0.0767591
376,514,180,66,132,0.0767591
376,473,182,65,130,0.0767591
377,60,179,94,187,0.0737278
377,336,179,85,169,0.0737278
377,476,183,64,128,0.0737278
377,516,179,66,133,0.0737278
377,580,183,54,150,0.0737278
377,25,306,58,114,0.0737278
378,333,174,86,173,0.0751481
378,58,140,112,224,0.0751481
378,477,181,64,127,0.0751481
378,518,179,66,132,0.0751481
379,332,175,86,172,0.0654614
379,476,181,66,131,0.0654614
379,520,180,66,130,0.0654614
379,596,186,39,146,0.0654614
379,500,45,61,121,0.0654614
379,212,211,66,131,0.0654614
380,331,180,84,168,0.0617152
380,529,179,65,130,0.0617152
380,593,169,42,162,0.0617152
380,477,178,65,129,0.0617152
380,55,120,143,286,0.0617152
380,212,211,66,131,0.0617152
381,59,106,153,305,0.0686681
381,331,185,82,164,0.0686681
381,478,179,64,129,0.0686681
381,532,178,64,128,0.0686681
381,603,203,33,124,0.0686681
381,6,209,48,179,0.0686681
382,332,189,81,162,0.0686074
382,476,176,67,134,0.0686074
382,524,176,67,135,0.0686074
382,596,188,39,142,0.0686074
382,149,205,67,134,0.0686074
382,569,180,56,111,0.0686074
383,70,106,148,296,0.0713696
383,332,190,81,162,0.0713696
383,596,186,39,146,0.0713696
383,534,176,65,130,0.0713696
383,476,177,66,133,0.0713696
384,81,113,142,284,0.0737232
384,330,186,82,165,0.0737232
384,596,188,39,143,0.0737232
384,528,174,67,134,0.0737232
384,477,176,68,135,0.0737232
385,324,174,90,181,0.0648452
385,530,174,67,134,0.0648452
385,595,182,40,146,0.0648452
385,480,175,66,131,0.0648452
385,92,111,138,274,0.0648452
386,597,183,38,141,0.0619333
386,323,174,90,181,0.0619333
386,481,176,66,130,0.0619333
386,528,176,68,135,0.0619333
386,103,122,126,251,0.0619333
386,21,225,54,110,0.0619333
387,316,150,101,202,0.0716173
387,109,123,127,254,0.0716173
387,528,171,70,142,0.0716173
387,484,178,66,130,0.0716173
387,601,193,34,127,0.0716173
387,21,225,54,110,0.0716173
388,111,123,130,260,0.069766
388,313,149,103,206,0.069766
388,533,173,69,138,0.069766
388,601,192,34,128,0.069766
388,486,179,65,130,0.069766
389,110,121,133,266,0.0750957
389,310,146,106,212,0.0750957
389,530,173,71,142,0.0750957
389,486,179,66,130,0.0750957
390,113,116,135,270,0.0695273
390,307,140,111,222,0.0695273
390,488,178,65,130,0.0695273
390,532,176,68,136,0.0695273
391,308,139,110,221,0.0702276
391,490,179,65,130,0.0702276
391,534,180,66,132,0.0702276
392,535,177,67,134,0.0739091
392,495,184,61,122,0.0739091
392,307,137,112,223,0.0739091
392,127,118,134,268,0.0739091
392,578,154,55,131,0.0739091
393,133,109,138,276,0.0625529
393,305,138,113,226,0.0625529
393,496,182,61,121,0.0625529
393,536,178,67,134,0.0625529
393,578,154,55,131,0.0625529
394,301,136,116,231,0.0776994
394,144,118,128,255,0.0776994
394,498,180,61,121,0.0776994
394,537,175,70,140,0.0776994
394,578,154,55,131,0.0776994
395,305,168,98,194,0.0657537
395,540,175,70,141,0.0657537
395,500,180,61,122,0.0657537
395,151,129,123,245,0.0657537
395,581,163,53,122,0.0657537
396,303,172,97,194,0.0650858
396,157,130,123,246,0.0650858
396,500,181,59,118,0.0650858
396,543,178,66,133,0.0650858
396,10,227,57,114,0.0650858
396,578,154,55,131,0.0650858
397,297,160,105,209,0.061795
397,162,125,122,244,0.061795
397,546,180,65,129,0.061795
397,502,183,59,118,0.061795
397,500,45,61,121,0.061795
397,10,224,57,114,0.061795
397,578,154,55,131,0.061795
398,168,133,114,228,0.0638861
398,293,144,111,222,0.0638861
398,503,182,60,119,0.0638861
398,547,179,65,129,0.0638861
398,578,154,55,131,0.0638861
399,289,143,115,230,0.0703406
399,173,135,114,226,0.0703406
399,551,178,63,127,0.0703406
399,504,183,59,118,0.0703406
399,500,45,61,121,0.0703406
400,183,150,103,206,0.0534872
400,286,140,117,234,0.0534872
400,552,175,65,130,0.0534872
400,505,183,60,119,0.0534872
400,373,151,69,138,0.0534872
401,280,128,123,246,0.0694967
401,183,135,111,222,0.0694967
401,555,175,64,128,0.0694967
401,507,182,60,119,0.0694967
401,500,45,61,121,0.0694967
402,274,129,122,245,0.0603169
402,191,132,114,227,0.0603169
402,555,176,64,127,0.0603169
402,507,182,59,119,0.0603169
402,9,224,58,116,0.0603169
402,500,45,61,121,0.0603169
403,271,127,124,248,0.0623419
403,208,160,89,178,0.0623419
403,509,181,61,122,0.0623419
403,556,175,64,128,0.0623419
403,500,45,61,121,0.0623419
404,270,129,126,250,0.0628349
404,213,162,88,175,0.0628349
404,510,182,59,118,0.0628349
404,556,177,64,127,0.0628349
404,9,224,58,116,0.0628349
405,271,148,114,229,0.0630013
405,213,136,98,195,0.0630013
405,511,181,60,119,0.0630013
405,556,177,65,130,0.0630013
405,9,224,58,116,0.0630013
406,277,174,102,202,0.063082
406,210,134,106,212,0.063082
406,512,182,60,120,0.063082
406,556,177,66,131,0.063082
406,9,224,58,116,0.063082
407,270,185,96,193,0.058881
407,216,135,98,196,0.058881
407,513,181,61,121,0.058881
407,561,175,65,130,0.058881
408,513,181,62,122,0.0646059
408,561,171,66,131,0.0646059
408,247,114,133,265,0.0646059
409,240,101,143,286,0.0780129
409,563,173,64,128,0.0780129
409,513,180,62,123,0.0780129
409,500,45,61,121,0.0780129
410,241,106,138,276,0.0615241
410,516,179,62,125,0.0615241
410,564,174,64,127,0.0615241
411,239,113,136,271,0.0604906
411,563,173,66,130,0.0604906
411,516,177,64,127,0.0604906
411,12,227,57,113,0.0604906
411,500,45,61,121,0.0604906
412,239,116,137,273,0.0592355
412,563,173,66,130,0.0592355
412,519,179,63,126,0.0592355
412,500,45,61,121,0.0592355
413,234,110,139,278,0.0645126
413,562,172,68,135,0.0645126
413,523,181,60,119,0.0645126
413,500,45,61,121,0.0645126
414,245,155,115,230,0.0603903
414,564,173,67,134,0.0603903
414,523,181,59,118,0.0603903
414,500,45,61,121,0.0603903
415,246,167,109,218,0.0631953
415,567,175,65,130,0.0631953
415,525,181,59,119,0.0631953
415,500,45,61,121,0.0631953
416,247,176,105,210,0.0595934
416,566,174,66,134,0.0595934
416,526,182,59,118,0.0595934
416,500,45,61,121,0.0595934
417,246,184,103,206,0.0671605
417,569,175,63,131,0.0671605
417,529,180,59,118,0.0671605
417,500,45,61,121,0.0671605
417,406,154,66,131,0.0671605
418,243,176,109,217,0.0599348
418,570,175,62,130,0.0599348
418,529,180,59,118,0.0599348
418,12,227,58,115,0.0599348
418,500,45,61,121,0.0599348
418,406,154,66,131,0.0599348
419,223,105,146,293,0.0613272
419,571,174,62,130,0.0613272
419,530,180,58,117,0.0613272
420,234,186,103,207,0.0643525
420,573,173,60,131,0.0643525
420,532,179,60,120,0.0643525
420,15,227,56,112,0.0643525
421,223,176,109,218,0.0760017
421,573,173,59,131,0.0760017
421,536,180,60,120,0.0760017
421,19,230,54,109,0.0760017
421,500,45,61,121,0.0760017
422,575,176,58,128,0.065179
422,203,112,146,293,0.065179
422,539,178,60,119,0.065179
422,18,231,54,108,0.065179
422,500,45,61,121,0.065179
423,198,104,152,304,0.0605505
423,577,175,56,126,0.0605505
423,500,45,61,121,0.0605505
423,538,180,59,118,0.0605505
423,17,235,55,110,0.0605505
424,195,101,154,306,0.0621005
424,578,174,55,126,0.0621005
424,540,179,60,119,0.0621005
424,18,234,54,109,0.0621005
425,579,175,54,124,0.0571433
425,541,180,59,118,0.0571433
425,500,45,61,121,0.0571433
425,4,195,29,113,0.0571433
425,18,232,56,111,0.0571433
425,190,105,153,305,0.0571433
426,186,102,154,307,0.0647302
426,293,163,82,163,0.0647302
426,420,164,62,125,0.0647302
426,581,177,52,122,0.0647302
426,542,181,58,115,0.0647302
426,17,229,55,110,0.0647302
426,500,45,61,121,0.0647302
427,181,98,158,317,0.0593211
427,297,168,78,156,0.0593211
427,581,175,52,125,0.0593211
427,543,181,58,115,0.0593211
427,500,45,61,121,0.0593211
427,424,174,57,113,0.0593211
428,179,111,149,298,0.061209
428,295,150,95,190,0.061209
428,581,176,53,127,0.061209
428,500,45,61,121,0.061209
428,543,179,58,116,0.061209
428,424,174,57,113,0.061209
429,171,98,155,310,0.0560077
429,304,170,79,158,0.0560077
429,581,175,52,128,0.0560077
429,545,178,58,117,0.0560077
429,424,174,57,113,0.0560077
429,20,227,56,112,0.0560077
430,170,118,146,290,0.072379
430,297,147,100,200,0.072379
430,581,176,53,128,0.072379
430,547,180,59,118,0.072379
430,424,174,57,113,0.072379
430,18,235,56,111,0.072379
431,173,146,132,264,0.0617734
431,304,155,93,186,0.0617734
431,581,176,53,129,0.0617734
431,548,181,58,116,0.0617734
431,4,195,29,113,0.0617734
431,18,234,56,112,0.0617734
432,179,175,118,235,0.0649363
432,309,158,90,181,0.0649363
432,581,177,53,129,0.0649363
432,500,45,61,121,0.0649363
432,549,180,58,116,0.0649363
432,4,195,29,113,0.0649363
432,18,234,56,112,0.0649363
433,315,164,85,170,0.065168
433,571,179,62,122,0.065168
433,164,146,135,270,0.065168
433,500,45,61,121,0.065168
434,149,98,158,318,0.0592348
434,318,168,82,164,0.0592348
434,573,179,60,122,0.0592348
434,500,45,61,121,0.0592348
435,139,94,166,332,0.0643387
435,321,155,86,172,0.0643387
435,585,175,49,124,0.0643387
435,4,232,30,123,0.0643387
435,551,181,58,115,0.0643387
435,500,45,61,121,0.0643387
436,157,173,124,248,0.0652173
436,322,156,89,178,0.0652173
436,575,177,58,121,0.0652173
436,500,45,61,121,0.0652173
436,4,233,31,123,0.0652173
437,152,166,127,255,0.0673816
437,325,164,86,170,0.0673816
437,574,177,58,122,0.0673816
437,18,231,54,110,0.0673816
437,500,45,61,121,0.0673816
438,156,188,115,230,0.0610699
438,323,151,91,182,0.0610699
438,574,178,58,122,0.0610699
438,17,231,55,110,0.0610699
439,148,178,122,245,0.0644599
439,328,156,90,179,0.0644599
439,573,179,59,118,0.0644599
439,500,45,61,121,0.0644599
439,14,231,56,111,0.0644599
440,114,87,173,338,0.0646278
440,8,192,61,232,0.0646278
440,338,158,87,174,0.0646278
440,575,178,58,122,0.0646278
441,8,162,68,266,0.0568202
441,338,158,89,178,0.0568202
441,577,177,56,123,0.0568202
441,107,76,181,347,0.0568202
442,341,158,86,173,0.0614435
442,579,178,54,122,0.0614435
442,10,116,78,313,0.0614435
442,102,80,181,344,0.0614435
443,344,156,87,174,0.0560303
443,7,151,55,221,0.0560303
443,593,156,42,150,0.0560303
443,565,179,58,117,0.0560303
443,95,75,177,348,0.0560303
444,91,78,178,346,0.0606927
444,345,157,87,174,0.0606927
444,7,149,55,222,0.0606927
444,573,173,60,123,0.0606927
444,449,183,56,111,0.0606927
445,99,151,141,282,0.0602578
445,352,157,83,166,0.0602578
445,574,170,58,128,0.0602578
445,500,45,61,121,0.0602578
445,449,183,56,111,0.0602578
446,91,162,139,274,0.0693103
446,355,155,83,166,0.0693103
446,581,172,53,126,0.0693103
446,500,45,61,121,0.0693103
446,449,183,56,111,0.0693103
447,581,172,53,125,0.0700504
447,358,155,80,161,0.0700504
447,448,184,56,111,0.0700504
447,82,133,155,298,0.0700504
448,68,98,173,329,0.0668611
448,12,132,95,254,0.0668611
448,362,157,79,158,0.0668611
448,576,168,57,131,0.0668611
448,449,186,54,110,0.0668611
448,500,45,61,121,0.0668611
449,12,124,99,264,0.0585831
449,60,89,179,336,0.0585831
449,363,158,80,160,0.0585831
449,579,167,54,133,0.0585831
449,500,45,61,121,0.0585831
449,449,186,54,107,0.0585831
450,365,159,83,166,0.0595948
450,575,168,58,130,0.0595948
450,500,45,61,121,0.0595948
450,450,186,54,109,0.0595948
450,52,75,187,349,0.0595948
451,51,73,182,350,0.0556759
451,369,163,78,157,0.0556759
451,578,167,55,134,0.0556759
451,500,45,61,121,0.0556759
451,451,184,54,109,0.0556759
452,369,158,82,163,0.0614415
452,575,163,58,138,0.0614415
452,450,184,55,110,0.0614415
452,253,205,62,122,0.0614415
453,375,160,80,161,0.0603014
453,572,166,61,136,0.0603014
453,33,226,118,218,0.0603014
453,451,186,52,105,0.0603014
454,571,166,62,136,0.0610022
454,376,160,82,164,0.0610022
454,33,221,118,222,0.0610022
454,454,183,54,107,0.0610022
455,569,165,63,135,0.0639606
455,500,45,61,121,0.0639606
455,4,152,28,110,0.0639606
455,454,183,55,110,0.0639606
455,382,162,79,158,0.0639606
456,384,161,80,160,0.0633184
456,569,169,63,130,0.0633184
456,456,184,54,107,0.0633184
457,21,163,148,273,0.0581014
457,568,165,64,136,0.0581014
457,388,161,79,158,0.0581014
457,5,211,40,160,0.0581014
457,456,184,54,109,0.0581014
458,390,159,78,155,0.0843854
458,572,172,61,128,0.0843854
458,4,224,34,136,0.0843854
458,461,184,54,109,0.0843854
458,500,45,61,121,0.0843854
459,16,207,127,235,0.0621387
459,392,158,78,156,0.0621387
459,560,171,66,133,0.0621387
459,466,186,54,106,0.0621387
459,500,45,61,121,0.0621387
460,15,216,122,227,0.0670141
460,397,159,75,150,0.0670141
460,560,173,65,130,0.0670141
460,469,187,54,107,0.0670141
461,15,204,122,238,0.0650284
461,400,161,74,146,0.0650284
461,562,171,65,129,0.0650284
461,469,188,54,106,0.0650284
461,500,45,61,121,0.0650284
461,212,211,66,131,0.0650284
462,401,163,73,145,0.0622285
462,569,172,63,126,0.0622285
462,4,198,34,134,0.0622285
462,41,312,76,145,0.0622285
462,469,188,54,106,0.0622285
462,500,45,61,121,0.0622285
462,24,47,63,127,0.0622285
463,407,191,66,133,0.0576799
463,576,175,57,125,0.0576799
463,500,45,61,121,0.0576799
463,474,187,53,105,0.0576799
464,62,143,97,194,0.0590585
464,405,162,74,149,0.0590585
464,572,174,61,126,0.0590585
464,475,188,52,104,0.0590585
464,500,45,61,121,0.0590585
465,62,133,104,208,0.0603629
465,570,173,62,125,0.0603629
465,408,163,74,149,0.0603629
465,477,188,52,104,0.0603629
465,7,42,57,130,0.0603629
465,500,45,61,121,0.0603629
466,57,126,125,250,0.0641427
466,7,44,54,144,0.0641427
466,567,175,63,126,0.0641427
466,411,163,74,150,0.0641427
466,477,188,52,104,0.0641427
466,500,45,61,121,0.0641427
467,58,131,124,247,0.0617619
467,559,175,62,124,0.0617619
467,414,165,73,146,0.0617619
468,70,131,106,213,0.0682053
468,5,29,42,168,0.0682053
468,415,163,74,148,0.0682053
468,577,177,56,120,0.0682053
468,531,183,59,118,0.0682053
468,477,188,52,104,0.0682053
469,75,129,106,212,0.0610102
469,4,33,35,142,0.0610102
469,417,165,73,145,0.0610102
469,531,182,60,119,0.0610102
469,590,176,45,114,0.0610102
469,477,188,52,104,0.0610102
470,10,163,77,273,0.0790552
470,78,126,106,210,0.0790552
470,553,177,60,121,0.0790552
470,423,166,70,140,0.0790552
470,477,187,53,106,0.0790552
470,500,45,61,121,0.0790552
471,83,126,108,216,0.0620183
471,9,167,74,270,0.0620183
471,419,163,79,159,0.0620183
471,500,45,61,121,0.0620183
471,585,167,49,122,0.0620183
471,532,178,62,125,0.0620183
471,477,187,53,106,0.0620183
472,85,130,108,216,0.0587366
472,6,192,51,202,0.0587366
472,425,163,70,140,0.0587366
472,500,45,61,121,0.0587366
472,588,171,46,116,0.0587366
472,532,178,61,122,0.0587366
472,477,187,55,110,0.0587366
473,82,120,135,270,0.0662704
473,5,209,37,145,0.0662704
473,427,165,69,138,0.0662704
473,525,178,62,123,0.0662704
473,477,187,53,106,0.0662704
473,587,175,47,114,0.0662704
473,4,359,30,104,0.0662704
473,500,45,61,121,0.0662704
474,86,116,134,268,0.066378
474,10,179,78,259,0.066378
474,428,163,72,144,0.066378
474,586,170,48,117,0.066378
474,480,189,52,104,0.066378
474,525,180,62,122,0.066378
474,500,45,61,121,0.066378
475,92,124,130,260,0.0691995
475,434,170,69,138,0.0691995
475,500,45,61,121,0.0691995
475,587,169,47,118,0.0691995
475,526,176,63,126,0.0691995
475,212,211,66,131,0.0691995
476,93,124,128,256,0.0642911
476,435,172,67,134,0.0642911
476,525,176,63,126,0.0642911
476,588,169,46,117,0.0642911
476,480,188,52,104,0.0642911
476,500,45,61,121,0.0642911
477,99,126,115,230,0.0582099
477,437,172,66,132,0.0582099
477,520,175,64,128,0.0582099
477,587,168,47,118,0.0582099
477,212,211,66,131,0.0582099
478,104,131,114,227,0.0573886
478,441,170,66,131,0.0573886
478,588,168,46,120,0.0573886
478,518,176,63,126,0.0573886
479,103,128,124,248,0.0618095
479,441,167,70,140,0.0618095
479,588,167,46,122,0.0618095
479,516,176,62,124,0.0618095
480,111,132,118,237,0.06133
480,445,169,70,138,0.06133
480,589,167,46,121,0.06133
480,511,177,60,119,0.06133
481,115,134,114,226,0.0578072
481,447,172,66,132,0.0578072
481,4,218,32,127,0.0578072
481,510,178,59,118,0.0578072
481,590,169,45,117,0.0578072
481,500,45,61,121,0.0578072
482,117,132,115,230,0.0674557
482,8,192,67,248,0.0674557
482,447,173,66,130,0.0674557
482,511,178,58,117,0.0674557
482,589,168,46,118,0.0674557
482,500,45,61,121,0.0674557
482,212,211,66,131,0.0674557
483,124,137,110,221,0.0613577
483,8,196,64,234,0.0613577
483,449,170,69,138,0.0613577
483,508,176,61,122,0.0613577
483,592,170,42,118,0.0613577
483,500,45,61,121,0.0613577
484,125,135,113,225,0.0599886
484,6,201,51,206,0.0599886
484,450,173,67,134,0.0599886
484,510,178,59,119,0.0599886
484,4,50,29,115,0.0599886
484,591,171,43,116,0.0599886
484,500,45,61,121,0.0599886
485,127,130,113,226,0.0626038
485,454,169,66,131,0.0626038
485,504,180,60,120,0.0626038
485,500,45,61,121,0.0626038
485,590,168,45,118,0.0626038
485,13,204,103,234,0.0626038
486,126,127,115,231,0.0571185
486,13,204,103,234,0.0571185
486,456,168,66,133,0.0571185
486,597,174,38,114,0.0571185
486,502,179,60,120,0.0571185
487,129,135,118,236,0.0590241
487,484,175,63,126,0.0590241
487,13,199,106,241,0.0590241
487,594,169,41,116,0.0590241
488,132,137,117,234,0.0615902
488,12,199,96,241,0.0615902
488,460,168,67,135,0.0615902
488,606,180,30,107,0.0615902
488,506,179,60,119,0.0615902
489,135,127,120,240,0.0683256
489,12,211,96,222,0.0683256
489,462,172,66,133,0.0683256
489,504,178,60,119,0.0683256
489,605,176,31,110,0.0683256
490,12,222,94,199,0.0637222
490,484,177,62,124,0.0637222
490,137,124,122,242,0.0637222
490,604,182,32,106,0.0637222
491,13,220,101,213,0.0620251
491,486,179,62,124,0.0620251
491,148,131,108,216,0.0620251
491,604,180,32,109,0.0620251
492,142,126,122,242,0.0608471
492,16,226,101,202,0.0608471
492,490,179,62,125,0.0608471
492,4,219,34,138,0.0608471
492,605,179,31,106,0.0608471
492,578,158,55,122,0.0608471
493,149,133,119,238,0.0606185
493,15,196,118,238,0.0606185
493,469,176,68,136,0.0606185
493,582,164,51,117,0.0606185
493,609,179,28,109,0.0606185
493,506,186,55,110,0.0606185
493,500,45,61,121,0.0606185
494,157,138,106,211,0.0639208
494,471,177,67,134,0.0639208
494,500,45,61,121,0.0639208
494,587,166,47,118,0.0639208
494,511,188,54,107,0.0639208
495,157,138,114,226,0.0576962
495,471,175,69,138,0.0576962
495,13,203,103,235,0.0576962
495,589,167,46,118,0.0576962
495,500,45,61,121,0.0576962
495,509,187,56,111,0.0576962
496,162,141,110,219,0.0631251
496,13,210,102,224,0.0631251
496,471,177,69,138,0.0631251
496,589,167,46,118,0.0631251
497,163,141,110,219,0.0613302
497,13,211,103,223,0.0613302
497,471,168,70,141,0.0613302
497,590,168,45,115,0.0613302
497,509,186,56,111,0.0613302
497,312,207,59,118,0.0613302
498,170,139,107,214,0.0634206
498,13,211,105,224,0.0634206
498,469,171,64,127,0.0634206
498,500,45,61,121,0.0634206
498,592,170,42,115,0.0634206
499,172,140,110,219,0.0560286
499,13,218,106,213,0.0560286
499,598,173,38,112,0.0560286
499,459,184,56,112,0.0560286
499,480,170,69,138,0.0560286
500,174,142,105,210,0.0639402
500,481,172,66,133,0.0639402
500,456,183,58,114,0.0639402
501,176,144,109,217,0.055988
501,482,172,70,141,0.055988
501,452,180,59,118,0.055988
501,21,231,54,110,0.055988
502,177,142,104,207,0.0629686
502,462,178,62,126,0.0629686
502,519,180,54,107,0.0629686
503,178,141,108,215,0.0623425
503,484,172,70,138,0.0623425
503,451,182,59,118,0.0623425
503,520,182,54,107,0.0623425
504,184,145,99,198,0.0612676
504,486,173,69,138,0.0612676
504,521,183,53,106,0.0612676
504,604,182,32,106,0.0612676
504,449,183,58,117,0.0612676
505,185,136,100,199,0.0627356
505,465,181,59,119,0.0627356
505,19,232,54,109,0.0627356
505,145,239,60,120,0.0627356
505,523,181,53,106,0.0627356
506,188,139,102,202,0.0601586
506,139,236,72,143,0.0601586
506,503,177,61,122,0.0601586
506,450,184,57,114,0.0601586
506,606,182,30,104,0.0601586
507,198,171,88,175,0.060231
507,493,172,68,135,0.060231
507,608,185,29,107,0.060231
507,449,184,57,114,0.060231
507,103,96,158,315,0.060231
508,186,165,97,194,0.0678166
508,497,176,64,128,0.0678166
508,446,184,57,114,0.0678166
508,602,172,34,114,0.0678166
509,166,124,124,247,0.0653584
509,443,181,59,118,0.0653584
509,499,179,62,126,0.0653584
509,600,167,35,117,0.0653584
510,170,119,129,257,0.0648915
510,499,174,67,134,0.0648915
510,443,181,60,119,0.0648915
510,600,169,35,113,0.0648915
510,18,223,56,111,0.0648915
511,168,121,126,250,0.0606961
511,443,181,59,118,0.0606961
511,501,170,66,131,0.0606961
511,602,168,34,114,0.0606961
511,19,225,55,110,0.0606961
512,174,121,127,254,0.0581436
512,442,183,58,116,0.0581436
512,509,175,62,125,0.0581436
512,21,227,54,107,0.0581436
512,605,169,31,111,0.0581436
512,6,211,44,178,0.0581436
513,176,120,128,256,0.056383
513,441,181,59,118,0.056383
513,508,178,62,123,0.056383
513,500,45,61,121,0.056383
513,602,167,34,118,0.056383
513,4,239,30,122,0.056383
514,184,126,126,250,0.0587375
514,4,232,34,136,0.0587375
514,440,182,58,114,0.0587375
514,600,166,35,123,0.0587375
514,500,45,61,121,0.0587375
514,572,157,61,125,0.0587375
514,509,179,60,120,0.0587375
515,186,125,127,254,0.0555669
515,5,218,42,171,0.0555669
515,509,180,61,121,0.0555669
515,500,45,61,121,0.0555669
515,604,167,32,114,0.0555669
515,439,182,58,114,0.0555669
516,601,167,34,126,0.0601693
516,181,116,134,268,0.0601693
516,509,180,62,122,0.0601693
516,500,45,61,121,0.0601693
516,440,184,57,113,0.0601693
516,4,239,30,122,0.0601693
516,21,233,54,107,0.0601693
517,188,117,131,262,0.0630947
517,510,181,62,123,0.0630947
517,600,165,35,130,0.0630947
517,500,45,61,121,0.0630947
517,441,185,57,114,0.0630947
517,4,234,35,139,0.0630947
518,195,121,128,255,0.0765613
518,601,167,34,127,0.0765613
518,511,179,62,123,0.0765613
518,441,185,58,114,0.0765613
518,4,238,31,123,0.0765613
518,500,45,61,121,0.0765613
519,199,143,119,238,0.0629759
519,601,167,34,127,0.0629759
519,513,179,62,124,0.0629759
519,500,45,61,121,0.0629759
519,440,184,58,115,0.0629759
519,4,242,30,118,0.0629759
520,201,146,118,237,0.0628342
520,599,166,36,132,0.0628342
520,515,179,62,124,0.0628342
520,500,45,61,121,0.0628342
520,437,186,55,111,0.0628342
521,598,166,38,135,0.0579277
521,516,178,63,126,0.0579277
521,195,123,130,260,0.0579277
521,500,45,61,121,0.0579277
521,434,186,55,110,0.0579277
521,21,227,54,107,0.0579277
522,202,127,126,250,0.0563508
522,598,168,38,136,0.0563508
522,517,178,62,125,0.0563508
522,500,45,61,121,0.0563508
522,432,185,54,109,0.0563508
522,19,223,56,112,0.0563508
522,4,237,31,122,0.0563508
523,222,159,102,205,0.0610954
523,597,166,38,140,0.0610954
523,426,184,56,111,0.0610954
523,500,45,61,121,0.0610954
523,518,175,63,126,0.0610954
524,221,151,107,214,0.0749501
524,596,166,39,142,0.0749501
524,424,185,56,112,0.0749501
524,519,176,62,123,0.0749501
525,229,163,102,204,0.0657197
525,594,164,41,146,0.0657197
525,500,45,61,121,0.0657197
525,422,184,56,112,0.0657197
525,520,176,63,126,0.0657197
