3,417.66353607177734,234.35348510742188,19.37774658203125,54.967575073242188,0.075688123703
11,566.50039672851562,175.67700862884521,55.764389038085938,151.54711246490479,0.0722889900208
12,563.95797729492188,174.29280281066895,54.848861694335938,153.91708374023438,0.0777380466461
13,563.67523193359375,180.8318567276001,54.736099243164062,149.12791728973389,0.0738530158997
18,4.6625447273254395,116.91049575805664,62.309043407440186,285.33811569213867,0.0732879638672
19,3.2160234451293945,116.22596740722656,65.554180145263672,288.20720672607422,0.0720608234406
20,3.4449219703674316,117.39675521850586,68.956992626190186,287.6319694519043,0.0713880062103
21,3.8435149192810059,116.95537090301514,70.689947605133057,287.57496356964111,0.0712080001831
22,2.9203987121582031,116.01127624511719,75.244235992431641,287.95658111572266,0.0726799964905
23,3.1245708465576172,117.81967163085938,74.941368103027344,284.64975357055664,0.0729789733887
24,4.0499067306518555,112.43481159210205,84.439873695373535,287.72227764129639,0.0724310874939
25,3.9734172821044922,109.86425399780273,92.11491584777832,288.07388305664062,0.0722270011902
26,4.6969795227050781,112.00212478637695,87.989368438720703,286.22903823852539,0.0711209774017
27,3.4612321853637695,109.72053050994873,97.635283470153809,286.77547931671143,0.0721499919891
28,2.930607795715332,107.20386028289795,104.87523555755615,284.85184192657471,0.0716168880463
29,2.6197528839111328,104.23121452331543,115.8619499206543,284.91622924804688,0.0731310844421
30,4.9431848526000977,107.40599155426025,108.60867977142334,282.39940166473389,0.0696260929108
31,12.655830383300781,110.15238761901855,106.20233535766602,289.55921173095703,0.071857213974
32,9.721522331237793,109.26801681518555,112.73354053497314,290.20076751708984,0.0707840919495
34,13.39381217956543,118.19828510284424,116.47148132324219,277.13059902191162,0.074392080307
35,14.836478233337402,114.78255271911621,123.53939533233643,280.17974853515625,0.0737900733948
36,20.285859107971191,113.60481262207031,117.97803401947021,280.95273971557617,0.0710411071777
37,10.998072624206543,112.39701747894287,132.18504428863525,283.27553272247314,0.0758891105652
37,447.96710968017578,229.35786724090576,21.780319213867188,63.077988624572754,0.0758891105652
38,33.989677429199219,118.81798267364502,117.22671508789062,279.90293025970459,0.0726270675659
38,447.82604217529297,227.20373153686523,21.675186157226562,65.85205078125,0.0726270675659
39,27.248754501342773,112.24526882171631,131.46200180053711,286.95383548736572,0.072212934494
39,447.72243499755859,227.23631858825684,22.1826171875,65.536537170410156,0.072212934494
40,52.061395645141602,112.29666709899902,110.54350852966309,287.56748199462891,0.0718560218811
40,448.33030700683594,226.76303386688232,21.51580810546875,66.375546455383301,0.0718560218811
41,59.018702507019043,123.36048603057861,107.38611698150635,272.35629558563232,0.0732431411743
42,70.432476997375488,128.96066665649414,96.056513786315918,267.49128341674805,0.0733850002289
43,80.490264892578125,118.60809803009033,102.36572265625,285.38802623748779,0.0728571414948
44,88.127193450927734,120.20101547241211,92.564964294433594,277.70856857299805,0.0720500946045
45,95.282402038574219,119.62529182434082,88.29925537109375,276.61714553833008,0.0760707855225
47,104.66314315795898,111.66182041168213,83.568496704101562,281.67275905609131,0.0751719474792
48,107.17826843261719,122.0757007598877,88.877658843994141,274.88422393798828,0.0719640254974
49,113.54068756103516,122.44890689849854,85.844211578369141,273.62149715423584,0.0716259479523
50,121.43894195556641,132.78476715087891,88.481559753417969,255.43533325195312,0.0719571113586
50,529.6112060546875,158.57500076293945,58.627395629882812,186.97122573852539,0.0719571113586
51,125.41966438293457,136.49961948394775,97.861928939819336,250.56863307952881,0.0714089870453
51,525.94234466552734,159.1347599029541,61.592788696289062,189.04850006103516,0.0714089870453
52,125.02656936645508,131.77013397216797,109.65564727783203,256.68451309204102,0.0726449489594
53,129.86666679382324,137.49672889709473,107.12956428527832,250.15954971313477,0.0748019218445
54,132.16287612915039,133.02768230438232,105.71174621582031,249.61004734039307,0.0754790306091
54,449.31060791015625,228.94208908081055,20.75347900390625,62.615718841552734,0.0754790306091
55,449.57241058349609,228.93846988677979,20.30853271484375,62.481780052185059,0.0803439617157
55,526.00940704345703,159.12202835083008,59.663848876953125,192.08003997802734,0.0803439617157
56,449.56451416015625,228.72752666473389,20.377044677734375,62.712893486022949,0.082554101944
56,525.55976867675781,158.80032062530518,60.733566284179688,193.86132717132568,0.082554101944
57,449.52823638916016,228.5605001449585,20.465011596679688,63.266758918762207,0.0722708702087
58,449.45484161376953,228.59714984893799,20.643234252929688,63.368668556213379,0.0710699558258
59,449.83497619628906,228.96912574768066,20.596466064453125,63.386020660400391,0.0739798545837
60,449.43092346191406,228.5130500793457,20.660934448242188,64.35699462890625,0.0720129013062
61,185.0526237487793,124.31719779968262,80.809860229492188,258.06249618530273,0.072448015213
62,190.11423110961914,119.32494163513184,85.387725830078125,264.80226516723633,0.0710380077362
63,195.18157958984375,118.37398052215576,89.24102783203125,263.32830905914307,0.0720369815826
64,201.27414703369141,120.82825183868408,91.413192749023438,263.09047222137451,0.0799520015717
65,206.23947143554688,116.59852981567383,95.740013122558594,265.16189575195312,0.0734210014343
66,208.42941284179688,117.26072788238525,101.12224578857422,262.56066799163818,0.0743939876556
67,209.06421661376953,119.53548431396484,101.05461120605469,261.53102874755859,0.0810329914093
68,216.95135116577148,122.82480239868164,96.182975769042969,257.66023635864258,0.0751700401306
69,227.58508682250977,127.13421821594238,86.624717712402344,248.51285934448242,0.0722048282623
70,236.49166107177734,125.2672004699707,79.120292663574219,252.05635070800781,0.0717868804932
72,242.27157592773438,129.54370021820068,73.478355407714844,218.39491367340088,0.0727899074554
73,248.34133148193359,126.54364585876465,65.932502746582031,220.3414249420166,0.0717339515686
74,249.66665267944336,124.834885597229,65.40283203125,229.59344387054443,0.079295873642
79,265.74672698974609,167.47344017028809,90.89141845703125,186.14313125610352,0.0802750587463
79,8.5112643241882324,230.97796440124512,20.687355995178223,73.326244354248047,0.0802750587463
80,271.95259094238281,146.54088020324707,82.95989990234375,203.07741165161133,0.0735151767731
81,271.58641815185547,157.5232458114624,83.903236389160156,195.72004795074463,0.0735900402069
82,274.44807052612305,148.10079574584961,81.103305816650391,205.18157958984375,0.0790960788727
82,556.67106628417969,125.05153656005859,74.574432373046875,258.99227142333984,0.0790960788727
82,494.16427612304688,141.84980392456055,63.732070922851562,216.35541915893555,0.0790960788727
83,556.00509643554688,123.66994857788086,74.81781005859375,261.31404876708984,0.077898979187
84,556.29165649414062,126.1419153213501,74.307403564453125,258.10348033905029,0.0757601261139
85,556.12251281738281,127.36879348754883,74.308090209960938,255.56425094604492,0.0788669586182
85,485.55915832519531,151.4560604095459,73.402938842773438,224.60437774658203,0.0788669586182
86,556.86191558837891,125.72035789489746,73.170852661132812,257.07344055175781,0.0747780799866
90,551.29280090332031,117.06979751586914,77.752685546875,268.8288688659668,0.0721142292023
90,315.23599624633789,127.54749298095703,77.213878631591797,218.4895133972168,0.0721142292023
91,549.10549163818359,115.5987024307251,79.675674438476562,268.89102458953857,0.0727579593658
91,318.30287933349609,133.40291976928711,78.290176391601562,215.36602020263672,0.0727579593658
92,548.53893280029297,113.98638725280762,80.01953125,272.27783203125,0.0721662044525
92,322.26169586181641,135.28231143951416,75.30609130859375,212.52006053924561,0.0721662044525
93,546.26625061035156,114.08120155334473,82.148056030273438,270.95741271972656,0.073086977005
94,544.4635009765625,113.58512878417969,84.307937622070312,271.86166763305664,0.0741579532623
95,544.03343200683594,113.99349689483643,84.360275268554688,274.59458827972412,0.0728189945221
96,542.6312255859375,113.90089988708496,85.824050903320312,276.55323028564453,0.0737509727478
98,345.30815124511719,142.16342926025391,65.859451293945312,198.14140319824219,0.0720100402832
98,531.31576538085938,115.3472900390625,77.92724609375,275.32344818115234,0.0720100402832
99,530.83980560302734,111.094651222229,77.865219116210938,281.82548046112061,0.0763189792633
100,529.42970275878906,111.32750988006592,77.206039428710938,281.80485248565674,0.0739870071411
101,528.28994750976562,112.98181056976318,78.538131713867188,282.36406803131104,0.0739018917084
102,529.13627624511719,112.39404201507568,77.678298950195312,284.3853235244751,0.0725500583649
102,359.13749694824219,136.07674598693848,54.617462158203125,193.09988021850586,0.0725500583649
103,527.49774932861328,112.16022491455078,76.879959106445312,286.08518600463867,0.0772399902344
103,361.26197814941406,140.35749435424805,62.945175170898438,185.29083251953125,0.0772399902344
104,525.48965454101562,108.79956722259521,76.050949096679688,289.83408451080322,0.0778858661652
105,525.82061767578125,106.96449279785156,73.62945556640625,296.19243621826172,0.0779418945312
105,368.92299652099609,148.50863456726074,58.846588134765625,187.415771484375,0.0779418945312
106,520.77140808105469,107.19839572906494,75.580291748046875,298.124098777771,0.0750789642334
107,519.40715789794922,107.96728134155273,76.605682373046875,303.54772567749023,0.0717141628265
108,514.07245635986328,107.25664615631104,78.078842163085938,302.05926418304443,0.0732629299164
109,513.69979858398438,105.54897308349609,78.191909790039062,305.28545379638672,0.0757601261139
110,513.54438781738281,106.64706230163574,78.004913330078125,304.37530517578125,0.0745069980621
111,507.97409057617188,106.4110279083252,79.022903442382812,308.65007400512695,0.0711679458618
112,507.68798828125,108.02584648132324,77.648086547851562,307.18706130981445,0.0709710121155
112,437.60902404785156,121.40376091003418,74.682846069335938,286.7431640625,0.0709710121155
113,506.03660583496094,105.8849573135376,73.770217895507812,309.02945995330811,0.0761229991913
113,431.35425567626953,115.44510841369629,75.521621704101562,292.73672103881836,0.0761229991913
114,504.06688690185547,108.22385787963867,74.714889526367188,312.25044250488281,0.0720438957214
114,425.28110504150391,118.10261249542236,77.873916625976562,295.50734996795654,0.0720438957214
115,501.77822113037109,109.20550346374512,79.123611450195312,311.62513732910156,0.0730731487274
115,417.80525207519531,120.67870616912842,85.216751098632812,291.07754230499268,0.0730731487274
116,501.66793823242188,107.46969223022461,79.584197998046875,311.76601409912109,0.0724918842316
116,411.80442810058594,117.05331802368164,89.5245361328125,293.5173225402832,0.0724918842316
117,498.97563934326172,106.03673458099365,80.679779052734375,313.90799045562744,0.0731348991394
117,405.31517028808594,118.32781791687012,93.685379028320312,293.53511810302734,0.0731348991394
118,497.596435546875,105.5496883392334,80.722503662109375,314.64763641357422,0.0729429721832
118,406.00852966308594,119.10285472869873,92.440719604492188,295.60144901275635,0.0729429721832
119,491.69937133789062,95.409207344055176,82.897720336914062,324.61900234222412,0.0690989494324
120,488.42876434326172,97.122559547424316,83.119964599609375,322.57222652435303,0.071900844574
120,399.1778564453125,132.23317623138428,87.141799926757812,283.47574710845947,0.071900844574
121,487.99201965332031,84.360108375549316,82.00531005859375,337.70194530487061,0.0706691741943
121,397.64236450195312,132.43198871612549,87.822341918945312,287.09102153778076,0.0706691741943
122,488.0010986328125,82.66688346862793,80.876998901367188,340.22735595703125,0.0741510391235
122,393.73367309570312,128.25664043426514,88.81744384765625,291.53942584991455,0.0741510391235
123,486.07490539550781,81.829233169555664,82.833633422851562,340.70817947387695,0.0752148628235
123,387.78942108154297,125.94461917877197,89.982833862304688,293.27237606048584,0.0752148628235
124,384.32304382324219,123.74452114105225,91.707000732421875,298.45760822296143,0.0733399391174
124,485.49430847167969,79.363374710083008,82.111968994140625,342.69235610961914,0.0733399391174
125,383.42926025390625,123.84275436401367,90.686492919921875,300.42274475097656,0.0742220878601
125,485.58349609375,81.037502288818359,81.528778076171875,340.29241561889648,0.0742220878601
126,484.69104766845703,74.586639404296875,82.511672973632812,349.06734466552734,0.0726470947266
126,384.93137359619141,121.08412742614746,85.1019287109375,302.6356315612793,0.0726470947266
127,384.26094055175781,118.27371597290039,84.583511352539062,303.6631965637207,0.0744738578796
127,481.34376525878906,73.90019416809082,85.788345336914062,350.67277908325195,0.0744738578796
128,385.19706726074219,118.52116584777832,85.8673095703125,302.82508850097656,0.0718438625336
128,476.05514526367188,74.422760009765625,91.3018798828125,352.72069931030273,0.0718438625336
129,385.17383575439453,116.59967422485352,86.190643310546875,303.87273788452148,0.0723719596863
129,472.27313995361328,76.753320693969727,92.47955322265625,352.67223358154297,0.0723719596863
130,384.38587188720703,116.87818050384521,89.402236938476562,307.78723239898682,0.0740048885345
131,380.10734558105469,113.18610191345215,88.646087646484375,314.76900100708008,0.0737459659576
132,375.98232269287109,116.32528781890869,84.91363525390625,314.82612133026123,0.0782611370087
133,373.71322631835938,117.59277820587158,87.840499877929688,311.18558406829834,0.0772099494934
133,455.39875030517578,92.078361511230469,91.603546142578125,338.31796646118164,0.0772099494934
134,371.19636535644531,121.32591247558594,83.722076416015625,309.7785758972168,0.0808000564575
134,453.57616424560547,87.969202995300293,92.875442504882812,345.80198764801025,0.0808000564575
135,371.86500549316406,119.01802539825439,80.493011474609375,318.21425914764404,0.0770351886749
135,454.25880432128906,86.041688919067383,91.625900268554688,352.10901260375977,0.0770351886749
136,368.69915008544922,114.23121929168701,84.404754638671875,327.55695819854736,0.0814759731293
136,448.98391723632812,82.828316688537598,95.254440307617188,357.87164211273193,0.0814759731293
137,366.91352844238281,108.16813945770264,85.520782470703125,328.75298023223877,0.0738389492035
137,446.07349395751953,76.048450469970703,97.449722290039062,363.06243896484375,0.0738389492035
138,357.39238739013672,103.66310119628906,91.494064331054688,338.8084602355957,0.0746018886566
138,441.6302490234375,70.046281814575195,103.51531982421875,375.16983032226562,0.0746018886566
139,437.96669006347656,65.941886901855469,107.39883422851562,380.86051940917969,0.0741279125214
139,349.94438171386719,98.440217971801758,95.670928955078125,348.82272720336914,0.0741279125214
140,437.66647338867188,68.834095001220703,104.01878356933594,377.52096176147461,0.0731871128082
140,349.11766052246094,97.187848091125488,95.98876953125,349.70817089080811,0.0731871128082
141,432.72010803222656,68.378520011901855,99.172897338867188,378.5007905960083,0.0741109848022
141,343.03554534912109,95.587992668151855,104.77066040039062,357.50059604644775,0.0741109848022
141,106.06841087341309,195.4229736328125,35.996856689453125,130.78107833862305,0.0741109848022
142,431.31126403808594,66.647830009460449,99.680862426757812,388.2511568069458,0.0732970237732
142,339.67132568359375,94.50721263885498,108.43002319335938,360.04038333892822,0.0732970237732
142,101.83567047119141,195.43790817260742,40.183620452880859,130.76677322387695,0.0732970237732
143,429.6441650390625,60.508747100830078,100.11924743652344,397.84372329711914,0.0782849788666
143,2.9247641563415527,137.42490291595459,65.154974460601807,270.06790637969971,0.0782849788666
144,420.80848693847656,59.095644950866699,106.93328857421875,407.00596332550049,0.0792920589447
144,3.6366510391235352,135.2667760848999,65.793948173522949,274.30851459503174,0.0792920589447
144,105.73713302612305,193.99798393249512,36.148395538330078,134.53102111816406,0.0792920589447
145,418.87733459472656,59.173479080200195,107.12005615234375,411.94181442260742,0.0837268829346
145,4.4529867172241211,133.20346355438232,68.070225715637207,277.22412586212158,0.0837268829346
145,106.1988639831543,194.56436634063721,37.361278533935547,132.11118221282959,0.0837268829346
145,324.23862457275391,91.833343505859375,105.48545837402344,366.76580429077148,0.0837268829346
146,416.81034088134766,58.524570465087891,104.42008972167969,415.66680908203125,0.0765860080719
146,6.2018489837646484,125.82145214080811,70.654773712158203,281.66145801544189,0.0765860080719
146,317.87193298339844,92.125997543334961,107.97882080078125,369.00032043457031,0.0765860080719
146,103.74126434326172,193.58632564544678,42.25677490234375,133.20515155792236,0.0765860080719
147,315.81476211547852,100.92709064483643,101.4643669128418,361.16353511810303,0.0816209316254
147,415.54759979248047,57.999544143676758,105.76339721679688,400.8039665222168,0.0816209316254
147,7.1204376220703125,128.82283687591553,73.639373779296875,282.27938175201416,0.0816209316254
147,104.85843658447266,192.08893775939941,39.927024841308594,134.76470947265625,0.0816209316254
148,313.07146072387695,99.048657417297363,99.149913787841797,366.48766994476318,0.0836098194122
148,413.63800048828125,58.019671440124512,106.2890625,416.51297092437744,0.0836098194122
148,5.7981586456298828,130.0136661529541,88.274002075195312,268.73199462890625,0.0836098194122
148,105.89718818664551,189.49211597442627,39.738750457763672,137.80381679534912,0.0836098194122
149,308.38058471679688,103.64161491394043,106.49063110351562,368.26520919799805,0.0763711929321
149,414.44229125976562,58.571376800537109,103.90342712402344,416.78249359130859,0.0763711929321
149,5.917658805847168,130.13633251190186,97.006077766418457,274.23664569854736,0.0763711929321
149,110.54924011230469,188.35244178771973,36.738147735595703,140.21833419799805,0.0763711929321
150,308.77895355224609,96.544475555419922,107.01988220214844,372.51646041870117,0.082545042038
150,14.884576797485352,133.76159191131592,107.57877349853516,276.36724948883057,0.082545042038
150,410.48038482666016,57.3028564453125,105.18760681152344,421.39486312866211,0.082545042038
151,22.115335464477539,145.82589626312256,120.18171310424805,256.5049409866333,0.0771591663361
151,306.25764846801758,103.11336994171143,107.95186996459961,364.85127925872803,0.0771591663361
151,405.29018402099609,55.355901718139648,108.0877685546875,416.53907775878906,0.0771591663361
152,23.72347354888916,155.84039211273193,126.94356441497803,244.87030506134033,0.0743458271027
152,304.97577667236328,97.772512435913086,109.30976867675781,372.58747100830078,0.0743458271027
152,404.96044158935547,50.155792236328125,106.282958984375,414.45213317871094,0.0743458271027
153,30.134358406066895,157.34790802001953,124.11113262176514,245.81823348999023,0.0744609832764
153,295.29603958129883,95.573759078979492,113.8682746887207,380.19487380981445,0.0744609832764
154,35.059247016906738,143.133544921875,120.04613399505615,259.2469596862793,0.0779099464417
154,289.16891098022461,99.898781776428223,115.24480819702148,378.03796291351318,0.0779099464417
155,289.75984573364258,92.01350212097168,110.1557731628418,387.98649787902832,0.0857470035553
155,44.851222038269043,139.07878875732422,105.92026233673096,266.08354568481445,0.0857470035553
156,283.71494293212891,90.076704025268555,111.68983459472656,387.39818572998047,0.0841188430786
156,60.11845588684082,138.90316486358643,84.887561798095703,266.82862758636475,0.0841188430786
156,398.57200622558594,42.176756858825684,107.65785217285156,430.86912631988525,0.0841188430786
157,283.78118515014648,90.218052864074707,111.11772537231445,381.07528209686279,0.0783631801605
157,57.00385570526123,149.37274932861328,86.65773868560791,252.58152008056641,0.0783631801605
157,399.18399810791016,38.99132251739502,105.565185546875,435.40215969085693,0.0783631801605
158,388.64902496337891,33.675599098205566,111.37298583984375,443.84040355682373,0.0795700550079
158,61.160383224487305,153.77925395965576,88.739051818847656,245.78262805938721,0.0795700550079
158,275.87932586669922,91.814131736755371,115.78659057617188,376.46225452423096,0.0795700550079
159,383.08330535888672,37.724518775939941,116.6070556640625,437.35406398773193,0.0888760089874
159,64.905424118041992,147.28086948394775,87.225818634033203,248.86352062225342,0.0888760089874
160,381.50684356689453,30.822772979736328,113.80615234375,447.0490837097168,0.0743291378021
160,61.038417816162109,144.75831985473633,96.615447998046875,251.94231033325195,0.0743291378021
161,374.22508239746094,27.437338829040527,116.98707580566406,451.1562967300415,0.0733790397644
161,59.866318702697754,151.74930095672607,103.01883220672607,244.28659915924072,0.0733790397644
162,369.58442687988281,26.699137687683105,116.19590759277344,450.06882190704346,0.0739781856537
163,364.19483184814453,26.239285469055176,117.79960632324219,453.76071453094482,0.0755879878998
163,254.41980361938477,84.00886058807373,107.99352645874023,381.49233341217041,0.0755879878998
164,362.85781860351562,25.442633628845215,116.96403503417969,454.55736637115479,0.0775389671326
164,251.54926300048828,87.484760284423828,105.30399322509766,381.45755767822266,0.0775389671326
164,111.91162109375,146.40923023223877,87.28790283203125,245.24999141693115,0.0775389671326
165,353.21235656738281,24.08602237701416,124.03465270996094,455.91397762298584,0.0745229721069
165,108.59365463256836,145.11989593505859,100.46764373779297,245.59038162231445,0.0745229721069
165,247.58466720581055,85.592036247253418,108.9927864074707,383.65074634552002,0.0745229721069
166,344.04884338378906,18.58454704284668,131.63925170898438,461.41545295715332,0.0766770839691
166,117.61089324951172,156.98129653930664,99.808769226074219,234.00232315063477,0.0766770839691
166,242.5391960144043,86.682686805725098,108.87563705444336,379.81912136077881,0.0766770839691
167,339.67304229736328,18.029794692993164,134.16297912597656,461.97020530700684,0.0753040313721
167,125.46834945678711,156.69290542602539,93.991584777832031,237.30497360229492,0.0753040313721
167,244.0083122253418,90.520176887512207,106.97317123413086,375.77443599700928,0.0753040313721
168,334.90646362304688,20.11380672454834,136.91642761230469,459.88619327545166,0.0743401050568
169,339.73682403564453,38.12230110168457,136.83509826660156,441.87769889831543,0.0757460594177
169,238.3726692199707,91.702394485473633,102.60442733764648,364.21491622924805,0.0757460594177
171,216.85047149658203,74.16412353515625,111.44069671630859,399.88752365112305,0.0867259502411
174,472.81429290771484,204.49788093566895,18.781509399414062,91.069507598876953,0.0797679424286
175,471.44504547119141,202.96977996826172,21.000289916992188,94.373016357421875,0.0816218852997
176,180.49861907958984,70.759220123291016,124.53361511230469,409.24077987670898,0.0795879364014
176,472.16281890869141,203.88859748840332,21.626358032226562,92.568626403808594,0.0795879364014
177,168.58627319335938,72.844448089599609,134.93183135986328,407.15555191040039,0.0755679607391
178,170.51240921020508,71.545472145080566,122.98183441162109,408.45452785491943,0.0765950679779
179,145.07113456726074,57.48013973236084,150.51739692687988,415.77797412872314,0.0840179920197
179,301.47655487060547,5.4266452789306641,119.073486328125,461.27975463867188,0.0840179920197
180,143.93735885620117,68.768391609191895,148.42525482177734,401.47609233856201,0.0784950256348
180,299.93083953857422,7.8532934188842773,117.62771606445312,455.60186862945557,0.0784950256348
180,473.61534118652344,201.25805854797363,21.267852783203125,100.98970413208008,0.0784950256348
181,124.48298454284668,63.29007625579834,167.32102394104004,411.05459690093994,0.0777320861816
181,292.89337158203125,6.327667236328125,118.87054443359375,468.40850830078125,0.0777320861816
181,474.04106140136719,198.29067707061768,21.793899536132812,102.51055240631104,0.0777320861816
182,289.80937957763672,4.0320253372192383,121.81816101074219,472.81632900238037,0.0782799720764
182,118.33469390869141,50.496940612792969,170.55274963378906,423.18637847900391,0.0782799720764
183,287.94013977050781,5.7310009002685547,120.16456604003906,464.90324020385742,0.0774371623993
183,122.8077507019043,51.728153228759766,176.17210388183594,422.58396148681641,0.0774371623993
183,475.58269500732422,202.31037139892578,22.432861328125,96.252479553222656,0.0774371623993
184,285.28041839599609,0.0,115.85357666015625,470.70965766906738,0.0738780498505
184,91.499595642089844,53.039045333862305,192.93659210205078,426.9609546661377,0.0738780498505
184,474.68574523925781,204.18778896331787,21.833953857421875,96.937651634216309,0.0738780498505
185,286.09439849853516,0.0,120.19149780273438,476.36678695678711,0.0860240459442
185,91.54627799987793,49.236316680908203,178.13817024230957,430.7636833190918,0.0860240459442
185,475.00564575195312,201.19308471679688,22.272720336914062,97.124462127685547,0.0860240459442
185,0.42807579040527344,89.487447738647461,90.823907852172852,342.099609375,0.0860240459442
186,262.30859756469727,5.3105878829956055,138.76005172729492,466.51598453521729,0.0908181667328
186,0.93527793884277344,93.815774917602539,91.250267028808594,336.91709518432617,0.0908181667328
186,81.751565933227539,48.84547233581543,167.03871726989746,424.23740386962891,0.0908181667328
186,474.62055206298828,200.55882453918457,23.362350463867188,95.086555480957031,0.0908181667328
187,258.41140747070312,9.3439435958862305,141.33384704589844,466.43101215362549,0.0748250484467
187,3.8292455673217773,89.937071800231934,86.064362525939941,340.87776660919189,0.0748250484467
187,476.88449859619141,202.86352157592773,22.262954711914062,89.554252624511719,0.0748250484467
188,257.77858734130859,3.5712289810180664,135.67062377929688,473.90340328216553,0.0746669769287
188,4.4941043853759766,105.30678749084473,73.705472946166992,312.83706665039062,0.0746669769287
188,478.16837310791016,202.2081184387207,20.870742797851562,90.877304077148438,0.0746669769287
189,246.50064468383789,2.7132940292358398,147.23608016967773,471.00327014923096,0.0776929855347
189,481.41250610351562,200.15915393829346,21.0345458984375,92.708115577697754,0.0776929855347
190,237.23831176757812,2.7235651016235352,156.53659820556641,471.22428417205811,0.0807349681854
190,481.33598327636719,199.65798854827881,20.967483520507812,95.147080421447754,0.0807349681854
191,229.99298095703125,1.0344743728637695,155.52021026611328,473.99890422821045,0.0763099193573
191,481.92668914794922,201.35295867919922,21.989822387695312,92.871723175048828,0.0763099193573
191,15.891242027282715,51.779565811157227,152.67443180084229,406.91728591918945,0.0763099193573
192,226.64695739746094,0.51934719085693359,148.97594451904297,476.584153175354,0.0788588523865
192,482.94593811035156,200.48309326171875,21.309280395507812,93.773918151855469,0.0788588523865
192,17.495594024658203,42.766127586364746,146.19407653808594,415.76498508453369,0.0788588523865
193,222.26165771484375,3.069605827331543,144.73167419433594,476.84404850006104,0.0760269165039
193,481.70394897460938,199.89418029785156,22.009658813476562,98.146419525146484,0.0760269165039
193,7.7636003494262695,35.948352813720703,149.96682643890381,415.80133438110352,0.0760269165039
193,166.04391098022461,168.98406028747559,55.934944152832031,183.28296661376953,0.0760269165039
194,484.47059631347656,202.31529235839844,19.43267822265625,93.232498168945312,0.0817558765411
194,1.4288997650146484,35.902833938598633,144.114990234375,430.63201904296875,0.0817558765411
194,211.28105163574219,3.3106899261474609,147.64190673828125,476.68931007385254,0.0817558765411
195,483.23474884033203,200.17407417297363,20.383987426757812,94.436130523681641,0.0843567848206
195,207.85068511962891,0.0,149.94461059570312,480.0,0.0843567848206
195,0.092597007751464844,38.716135025024414,144.79795932769775,433.13272476196289,0.0843567848206
196,483.00102233886719,200.33377647399902,20.512924194335938,95.321102142333984,0.0909781455994
196,547.72880554199219,183.85125160217285,28.73046875,100.90078353881836,0.0909781455994
196,0.0,39.725875854492188,151.74747467041016,421.52446746826172,0.0909781455994
197,483.69686126708984,199.36893939971924,19.933624267578125,94.617705345153809,0.0802221298218
197,61.471719741821289,70.600805282592773,95.137100219726562,351.16968154907227,0.0802221298218
198,90.057201385498047,111.16837978363037,87.273578643798828,305.22100925445557,0.0764830112457
198,481.71943664550781,202.23574161529541,21.89117431640625,92.957854270935059,0.0764830112457
199,90.993137359619141,114.26512241363525,98.548679351806641,307.75475978851318,0.0756759643555
199,479.19723510742188,201.85605525970459,22.87689208984375,92.262253761291504,0.0756759643555
199,71.237010955810547,101.72553062438965,78.925514221191406,325.44124603271484,0.0756759643555
200,66.978759765625,110.71889877319336,76.586837768554688,315.79570770263672,0.0799651145935
200,90.561485290527344,112.12017059326172,94.657306671142578,313.92946243286133,0.0799651145935
200,481.62086486816406,201.51007175445557,20.87493896484375,94.176449775695801,0.0799651145935
200,548.26671600341797,179.0793514251709,26.43157958984375,106.95716857910156,0.0799651145935
201,65.483016967773438,108.5442066192627,72.660980224609375,311.94437026977539,0.0838248729706
201,128.56950759887695,20.814056396484375,194.35285568237305,449.50956344604492,0.0838248729706
201,549.47681427001953,180.05998134613037,25.5291748046875,102.14668750762939,0.0838248729706
201,482.11780548095703,205.6406307220459,21.018142700195312,92.572059631347656,0.0838248729706
202,123.29046249389648,15.690622329711914,202.94313430786133,457.0176887512207,0.0776691436768
202,66.996841430664062,115.66463470458984,66.246185302734375,304.90591049194336,0.0776691436768
202,482.36991882324219,204.65659618377686,20.973892211914062,92.577366828918457,0.0776691436768
202,548.9434814453125,182.12207794189453,27.037429809570312,102.15093612670898,0.0776691436768
203,118.63640785217285,9.1267490386962891,196.92694664001465,463.54362487792969,0.0778369903564
203,551.83376312255859,183.19087028503418,24.1668701171875,96.452465057373047,0.0778369903564
203,482.78007507324219,206.27155780792236,20.780868530273438,92.823300361633301,0.0778369903564
203,62.578048706054688,124.55855369567871,75.636558532714844,282.25399017333984,0.0778369903564
204,96.539392471313477,13.527345657348633,216.99202537536621,460.95279693603516,0.0759599208832
204,484.15515899658203,205.20057678222656,20.552825927734375,94.410037994384766,0.0759599208832
205,84.632024765014648,13.405909538269043,222.80617713928223,461.09955310821533,0.0771720409393
205,483.64097595214844,209.34847354888916,20.347976684570312,89.206051826477051,0.0771720409393
206,80.996131896972656,4.3872213363647461,217.95928955078125,470.24824619293213,0.0745239257812
206,484.60689544677734,207.59336471557617,21.113662719726562,92.628250122070312,0.0745239257812
207,78.582487106323242,0.0,214.03866767883301,480.0,0.0742371082306
207,483.43074798583984,206.21194839477539,24.198150634765625,95.629978179931641,0.0742371082306
208,69.045772552490234,0.0,202.41348266601562,480.0,0.0731990337372
208,483.41773986816406,203.70261669158936,24.489974975585938,99.309096336364746,0.0731990337372
209,52.680473327636719,9.5065212249755859,194.49323654174805,469.63153839111328,0.0743789672852
209,482.87551879882812,205.54810523986816,25.616073608398438,98.453922271728516,0.0743789672852
210,48.207063674926758,15.34855842590332,167.72017478942871,461.51006698608398,0.0740830898285
210,483.71593475341797,203.25303554534912,24.218902587890625,102.11226940155029,0.0740830898285
211,214.85481262207031,156.56438827514648,80.018692016601562,222.42158889770508,0.0783579349518
211,482.00923919677734,205.97821712493896,23.377685546875,97.862362861633301,0.0783579349518
211,21.992826461791992,0.0,164.66343879699707,473.43423843383789,0.0783579349518
212,185.41755676269531,122.75150299072266,94.616813659667969,279.60136413574219,0.0806341171265
212,482.08675384521484,205.54883480072021,23.066787719726562,97.138409614562988,0.0806341171265
213,183.49872589111328,118.78932952880859,98.819046020507812,277.75205612182617,0.0741090774536
213,4.1923999786376953,1.8061208724975586,167.11470603942871,478.19387912750244,0.0741090774536
214,173.98946762084961,143.99991989135742,104.20284271240234,250.13872146606445,0.0820291042328
214,482.19882965087891,205.6596565246582,26.060104370117188,94.666557312011719,0.0820291042328
215,161.50417327880859,132.61716842651367,116.14051818847656,261.55803680419922,0.080600976944
216,175.50100326538086,124.31003093719482,102.70698547363281,277.83993244171143,0.0736300945282
216,542.14511871337891,188.38299751281738,25.135498046875,95.981111526489258,0.0736300945282
216,367.32326507568359,158.56520175933838,57.73101806640625,184.06106472015381,0.0736300945282
217,176.9780158996582,132.09550380706787,100.62091827392578,266.74517154693604,0.072881937027
217,542.92755126953125,186.58019542694092,23.372344970703125,98.265538215637207,0.072881937027
218,2.6922702789306641,6.7163515090942383,143.12595367431641,462.36735820770264,0.07981300354
218,541.96060180664062,185.90842723846436,24.487991333007812,101.74774646759033,0.07981300354
218,190.78033447265625,120.95440864562988,84.886054992675781,281.05928421020508,0.07981300354
219,36.579279899597168,67.715663909912109,115.08427143096924,374.56918716430664,0.0740900039673
219,7.8340864181518555,11.192092895507812,127.33475208282471,438.71297836303711,0.0740900039673
220,48.749017715454102,150.48258304595947,119.6375560760498,285.21327495574951,0.072468996048
221,42.311530113220215,59.08113956451416,138.99637699127197,367.15137004852295,0.0761060714722
222,48.784904479980469,130.17584323883057,135.10963439941406,300.98105907440186,0.0771350860596
223,51.665225028991699,138.45103740692139,126.30295276641846,292.78791904449463,0.072988986969
224,49.043912887573242,143.58932018280029,114.03252601623535,283.21081638336182,0.082170009613
224,86.546173095703125,147.38156318664551,108.27945709228516,269.89734649658203,0.082170009613
224,391.19537353515625,152.60204315185547,48.28369140625,188.38079452514648,0.082170009613
225,54.42622184753418,142.55102634429932,104.93682861328125,287.84095287322998,0.0776867866516
225,391.47254943847656,153.93110275268555,47.472991943359375,186.2211799621582,0.0776867866516
226,61.109304428100586,141.40039443969727,115.99732398986816,283.05072784423828,0.0786960124969
226,390.67886352539062,154.28821563720703,51.146163940429688,183.71561050415039,0.0786960124969
227,393.23356628417969,157.06106185913086,54.627838134765625,180.49278259277344,0.0805449485779
227,63.535928726196289,142.33982563018799,115.78612327575684,284.41642284393311,0.0805449485779
228,396.10748291015625,158.66067409515381,50.628890991210938,179.42080020904541,0.0738220214844
228,91.490287780761719,141.35491847991943,101.72018051147461,279.91766452789307,0.0738220214844
229,78.920912742614746,138.64201068878174,115.5143404006958,275.78116893768311,0.07532787323
229,397.28668212890625,158.45566749572754,49.980926513671875,181.33678436279297,0.07532787323
230,93.594036102294922,133.60097408294678,108.74668121337891,284.88525867462158,0.0763959884644
230,400.43567657470703,159.71307277679443,46.481781005859375,179.06500339508057,0.0763959884644
231,117.32368469238281,136.68132305145264,94.090843200683594,283.25195789337158,0.0878880023956
231,403.04019927978516,161.27019882202148,47.07366943359375,174.05805587768555,0.0878880023956
232,128.39654922485352,141.29756927490234,83.5394287109375,281.37262344360352,0.0811190605164
232,404.38205718994141,161.99483871459961,46.84326171875,171.91909790039062,0.0811190605164
233,136.73318862915039,144.11521911621094,84.190673828125,278.84284973144531,0.0810611248016
233,401.69864654541016,161.81210517883301,49.396133422851562,167.99755096435547,0.0810611248016
234,140.48608779907227,144.09293174743652,81.620445251464844,274.13349151611328,0.0752880573273
234,402.84767150878906,162.39232063293457,51.247711181640625,168.01145553588867,0.0752880573273
235,403.03676605224609,162.32946395874023,54.722900390625,168.04487228393555,0.0790889263153
236,407.12062835693359,164.25613403320312,53.503799438476562,167.4254035949707,0.0784378051758
237,404.35665130615234,162.53232479095459,58.107147216796875,170.16853809356689,0.073851108551
239,585.44258117675781,184.96520519256592,25.662689208984375,91.769242286682129,0.0737509727478
240,148.47209930419922,147.73889064788818,106.90784454345703,256.19337558746338,0.0729579925537
241,172.26648330688477,151.76537990570068,95.684356689453125,251.29404544830322,0.0736339092255
241,424.07138824462891,165.20404815673828,49.282913208007812,162.27624893188477,0.0736339092255
242,176.49393081665039,157.91038513183594,97.267112731933594,238.59220504760742,0.0735619068146
242,421.73637390136719,164.50910568237305,52.44598388671875,161.62038803100586,0.0735619068146
243,181.73809051513672,157.20133781433105,98.950042724609375,238.22364807128906,0.0727179050446
243,419.11640167236328,165.67757606506348,55.555801391601562,162.89960861206055,0.0727179050446
244,196.71649932861328,149.85603332519531,107.45204925537109,247.03657150268555,0.075611114502
244,423.59508514404297,165.87967872619629,53.4381103515625,161.93944931030273,0.075611114502
245,208.99023056030273,151.24543190002441,111.39345169067383,241.88215255737305,0.0732169151306
245,428.71082305908203,165.93113422393799,44.988174438476562,160.0973653793335,0.0732169151306
246,432.65361785888672,164.54738616943359,48.6688232421875,159.74515914916992,0.075092792511
246,217.86628723144531,153.57467651367188,99.286651611328125,236.7015266418457,0.075092792511
247,432.75753021240234,161.94199562072754,49.703216552734375,162.82321929931641,0.0756661891937
248,438.97064208984375,161.47387504577637,43.077774047851562,162.17914581298828,0.0806629657745
249,438.30375671386719,161.5689754486084,43.97979736328125,162.36225128173828,0.0733890533447
250,439.11350250244141,162.47483253479004,45.08148193359375,160.32205581665039,0.0735228061676
251,439.47113037109375,163.32120895385742,44.108657836914062,156.91595077514648,0.0771789550781
252,442.81509399414062,164.90063667297363,39.666824340820312,154.97337341308594,0.0836520195007
253,219.36630249023438,149.05928134918213,65.762748718261719,243.31485271453857,0.0767488479614
253,443.77498626708984,165.94509601593018,38.730621337890625,154.04263973236084,0.0767488479614
253,353.4527587890625,135.16492366790771,68.798904418945312,224.90746021270752,0.0767488479614
254,443.18550109863281,166.75841331481934,42.796096801757812,152.92774200439453,0.0718259811401
254,293.72610092163086,153.93550872802734,54.639720916748047,228.96200180053711,0.0718259811401
254,230.41067123413086,147.41532325744629,54.869613647460938,249.72564697265625,0.0718259811401
255,298.07594299316406,151.14452362060547,55.623779296875,234.50878143310547,0.0734751224518
255,445.45581817626953,167.64212608337402,41.729660034179688,150.11083602905273,0.0734751224518
256,298.58467102050781,150.09783267974854,58.43505859375,242.41918087005615,0.0784368515015
258,292.86397933959961,149.28691864013672,70.066814422607422,239.55745697021484,0.0794589519501
261,266.74461364746094,154.70635414123535,43.481864929199219,229.88691329956055,0.0732879638672
262,469.70050811767578,172.31081485748291,36.259384155273438,141.21158123016357,0.0805978775024
262,269.30585861206055,153.87471199035645,49.88800048828125,228.89070510864258,0.0805978775024
263,469.35417175292969,171.65760040283203,37.16278076171875,143.56447219848633,0.0728478431702
263,271.33672714233398,153.97233009338379,50.501194000244141,222.30863571166992,0.0728478431702
264,467.48184204101562,171.99982166290283,42.356033325195312,144.6004056930542,0.0735769271851
265,468.57666015625,171.17074012756348,41.239471435546875,146.57077789306641,0.0745229721069
265,335.5804443359375,152.1156120300293,50.726547241210938,219.61978912353516,0.0745229721069
266,467.57030487060547,170.23876190185547,42.259597778320312,148.31605911254883,0.0746541023254
266,337.41050720214844,154.85701560974121,51.913681030273438,216.93059921264648,0.0746541023254
266,286.70543670654297,155.52505016326904,55.070533752441406,220.83513736724854,0.0746541023254
266,6.377183198928833,231.50130271911621,23.002694845199585,71.089897155761719,0.0746541023254
267,470.86235046386719,168.23726177215576,41.072998046875,149.32833194732666,0.0732669830322
268,471.67579650878906,170.92629432678223,39.354095458984375,145.06032943725586,0.0729038715363
268,294.27484512329102,152.72016048431396,46.148967742919922,223.78199100494385,0.0729038715363
268,398.25691223144531,153.32751274108887,53.037490844726562,192.09159851074219,0.0729038715363
269,470.72582244873047,173.10024261474609,41.269378662109375,141.51512145996094,0.07497215271
269,401.37969970703125,154.59803581237793,54.871826171875,191.81076049804688,0.07497215271
270,471.5924072265625,174.44867134094238,40.450592041015625,139.77636337280273,0.0710468292236
272,356.93477630615234,154.29868698120117,63.4515380859375,213.321533203125,0.0724391937256
273,355.96256256103516,153.94718170166016,66.819534301757812,213.64574432373047,0.074609041214
273,428.04664611816406,160.76119422912598,46.372833251953125,162.73675918579102,0.074609041214
274,423.51776123046875,156.99251174926758,51.56768798828125,171.40411376953125,0.0735850334167
274,363.58318328857422,156.27619743347168,55.651473999023438,202.04349517822266,0.0735850334167
275,431.27895355224609,157.1552038192749,44.534835815429688,169.19018268585205,0.0770530700684
276,431.23146057128906,158.68050098419189,43.853302001953125,165.55013179779053,0.0731639862061
277,429.65114593505859,156.40904903411865,46.326675415039062,170.01867771148682,0.0767090320587
278,433.55255126953125,157.60073661804199,42.912673950195312,179.12996292114258,0.0766818523407
279,435.77598571777344,158.75411510467529,43.73992919921875,180.810227394104,0.0944910049438
279,331.37283325195312,157.52317428588867,44.526596069335938,192.29467391967773,0.0944910049438
280,438.49361419677734,161.02950096130371,42.338485717773438,172.8892707824707,0.0756011009216
280,331.33598327636719,161.09367370605469,47.698822021484375,191.69111251831055,0.0756011009216
280,394.18212890625,156.95410251617432,58.482894897460938,193.92844676971436,0.0756011009216
281,439.41604614257812,161.02043151855469,41.74407958984375,167.91303634643555,0.0857331752777
281,335.11550903320312,160.13583183288574,46.380081176757812,190.94066619873047,0.0857331752777
281,395.53939819335938,158.98713111877441,63.602294921875,193.7248420715332,0.0857331752777
282,337.17845916748047,159.77474212646484,48.59710693359375,195.39882659912109,0.0772070884705
282,436.58489227294922,159.30745124816895,44.005661010742188,180.02328872680664,0.0772070884705
282,400.13259887695312,158.06722640991211,61.060791015625,200.11957168579102,0.0772070884705
283,440.24383544921875,158.52241516113281,42.735748291015625,184.26321029663086,0.0729441642761
283,342.97565460205078,162.28649139404297,45.344696044921875,188.24712753295898,0.0729441642761
283,506.30031585693359,172.41814613342285,43.930130004882812,139.65677261352539,0.0729441642761
284,444.0386962890625,156.91254615783691,37.567367553710938,188.65945816040039,0.0764510631561
285,444.06051635742188,157.01848983764648,40.05279541015625,186.52027130126953,0.0734760761261
286,436.61624908447266,158.30954074859619,43.012466430664062,184.28319454193115,0.0812561511993
287,430.79402923583984,156.56214237213135,51.28814697265625,186.817946434021,0.0745739936829
287,356.80973052978516,157.98840522766113,50.152359008789062,185.66459655761719,0.0745739936829
288,432.364501953125,157.73311614990234,49.565887451171875,184.23894882202148,0.0761840343475
288,504.18594360351562,172.36112594604492,38.445816040039062,134.89016532897949,0.0761840343475
288,359.75364685058594,160.86825370788574,47.778549194335938,179.67933654785156,0.0761840343475
289,430.59772491455078,156.87151908874512,56.334228515625,187.67498016357422,0.074089050293
289,504.10728454589844,168.73186111450195,41.572647094726562,142.55630493164062,0.074089050293
289,363.47515106201172,159.31642055511475,46.130905151367188,183.11169147491455,0.074089050293
290,431.99378967285156,156.53746604919434,56.088638305664062,189.04729843139648,0.0751078128815
290,507.3681640625,170.12618064880371,40.882568359375,142.18334197998047,0.0751078128815
290,364.72415924072266,158.91955375671387,51.879043579101562,185.98983764648438,0.0751078128815
291,429.81742858886719,157.1156644821167,60.470352172851562,188.12277317047119,0.0771019458771
291,505.11688232421875,171.08053207397461,42.857742309570312,139.92679595947266,0.0771019458771
291,366.07254028320312,159.91101264953613,50.482177734375,183.70765686035156,0.0771019458771
292,425.90106964111328,159.37474250793457,69.371337890625,189.15115356445312,0.0769951343536
292,366.20918273925781,160.25961399078369,52.71270751953125,185.8514928817749,0.0769951343536
292,508.22849273681641,173.28975677490234,40.583953857421875,137.8289794921875,0.0769951343536
293,432.76809692382812,161.23538017272949,60.082015991210938,182.48130798339844,0.0740668773651
293,368.99852752685547,160.52563190460205,51.042938232421875,184.34630870819092,0.0740668773651
294,435.67203521728516,160.60605525970459,61.77825927734375,183.52184772491455,0.0737929344177
294,370.30792236328125,160.71550369262695,49.498977661132812,180.40014266967773,0.0737929344177
294,514.11979675292969,171.38520240783691,38.71429443359375,140.91768264770508,0.0737929344177
295,371.22314453125,161.18144989013672,47.537384033203125,179.52404022216797,0.0740880966187
295,439.87876892089844,161.72032356262207,57.453842163085938,182.30283737182617,0.0740880966187
296,370.91060638427734,162.32171058654785,45.2899169921875,177.00021743774414,0.0733621120453
296,441.98467254638672,163.15250873565674,55.095748901367188,179.11464214324951,0.0733621120453
297,407.18574523925781,162.53942012786865,35.686264038085938,165.1023530960083,0.0723490715027
300,452.98171997070312,160.1729679107666,58.08502197265625,184.22658920288086,0.0733668804169
301,454.17636871337891,159.33317184448242,56.333847045898438,182.79150009155273,0.072909116745
301,409.25312042236328,163.30367088317871,38.875732421875,166.4410400390625,0.072909116745
302,457.25360870361328,158.46244812011719,53.645858764648438,181.30228042602539,0.0722889900208
303,462.06188201904297,161.1613655090332,52.26837158203125,175.58137893676758,0.0743660926819
303,409.39533233642578,160.68666458129883,39.592056274414062,172.5593376159668,0.0743660926819
304,461.86355590820312,159.37199592590332,54.681167602539062,181.63839340209961,0.0706460475922
305,463.67877960205078,159.06606674194336,51.91131591796875,180.37651062011719,0.0717971324921
305,405.67916870117188,159.30942535400391,42.872390747070312,175.00871658325195,0.0717971324921
306,465.07713317871094,160.11142730712891,54.66217041015625,179.80813980102539,0.0725340843201
306,404.61738586425781,158.22917461395264,43.521041870117188,174.93065357208252,0.0725340843201
307,466.31702423095703,161.07007026672363,54.083938598632812,179.11474227905273,0.0729839801788
308,466.46190643310547,161.32145404815674,54.284896850585938,177.14602947235107,0.0728299617767
309,468.5064697265625,161.27121448516846,54.768447875976562,177.11936473846436,0.0742421150208
310,470.61935424804688,161.79293632507324,54.38232421875,174.14943695068359,0.0726869106293
311,397.94967651367188,160.85474967956543,45.535964965820312,170.03677368164062,0.0748410224915
311,472.62325286865234,162.52806186676025,53.331375122070312,172.72986888885498,0.0748410224915
312,398.5968017578125,164.4684362411499,45.605392456054688,164.28089618682861,0.0751750469208
312,472.78846740722656,162.80370712280273,51.412277221679688,171.23416900634766,0.0751750469208
313,471.98554992675781,163.03562164306641,52.3681640625,171.48147583007812,0.0770881175995
313,399.82955932617188,164.12077903747559,44.654769897460938,166.35555267333984,0.0770881175995
314,401.49299621582031,166.41225814819336,52.40478515625,162.70528793334961,0.0745189189911
314,471.90086364746094,164.53011989593506,52.90771484375,168.58158588409424,0.0745189189911
315,401.23317718505859,166.49102210998535,54.368667602539062,165.08657455444336,0.0727181434631
315,474.59774017333984,164.7040843963623,53.373336791992188,169.01784896850586,0.0727181434631
316,402.60532379150391,164.10524368286133,54.2303466796875,169.99826431274414,0.0732460021973
316,474.81426239013672,166.14983081817627,52.726898193359375,168.30443859100342,0.0732460021973
317,401.04389190673828,163.69297027587891,54.471893310546875,170.00072479248047,0.0768852233887
317,475.62198638916016,166.27681732177734,51.742172241210938,166.24826431274414,0.0768852233887
318,399.49478149414062,165.72356700897217,55.672836303710938,167.6090669631958,0.0797810554504
318,475.17601013183594,164.0185546875,54.150238037109375,170.94028472900391,0.0797810554504
319,402.55619049072266,166.20912551879883,52.74566650390625,164.14449691772461,0.0711889266968
319,477.22049713134766,163.77602577209473,50.682144165039062,167.70801544189453,0.0711889266968
319,439.00867462158203,168.00029754638672,37.168731689453125,151.98543548583984,0.0711889266968
320,405.17158508300781,167.81982421875,49.36248779296875,161.64390563964844,0.0771698951721
321,403.88343811035156,166.51053428649902,51.442794799804688,163.61429214477539,0.0714979171753
322,405.34538269042969,166.27617359161377,49.239578247070312,161.0762357711792,0.0720868110657
323,405.83347320556641,168.40490341186523,49.287490844726562,155.79139709472656,0.0768661499023
324,407.04330444335938,170.21444320678711,45.7806396484375,152.70549774169922,0.0823240280151
325,408.07064056396484,170.25522708892822,43.211746215820312,148.75089168548584,0.0772459506989
326,405.23582458496094,170.81831932067871,44.896316528320312,148.14342498779297,0.0725090503693
327,408.59172821044922,171.23042106628418,38.8140869140625,146.11782073974609,0.0724000930786
328,412.36045837402344,171.70695304870605,37.541656494140625,147.33232498168945,0.0729539394379
328,381.05026245117188,172.35208511352539,38.132705688476562,144.84237670898438,0.0729539394379
328,438.32778930664062,171.51809692382812,36.542282104492188,148.66264343261719,0.0729539394379
329,438.76884460449219,170.14328956604004,35.344085693359375,150.70472717285156,0.0811409950256
329,415.58902740478516,171.85049057006836,35.353164672851562,146.45679473876953,0.0811409950256
330,378.50872039794922,172.66376495361328,41.57318115234375,143.63565444946289,0.0809910297394
330,438.12427520751953,171.60274028778076,35.886764526367188,149.66278553009033,0.0809910297394
331,379.76345062255859,173.17940711975098,42.63916015625,143.41815948486328,0.0727059841156
331,501.87911987304688,187.87639617919922,43.489532470703125,139.07844543457031,0.0727059841156
331,438.03462982177734,172.03687191009521,35.889739990234375,147.59335041046143,0.0727059841156
332,433.00724029541016,172.88210391998291,41.746826171875,146.75967693328857,0.0795168876648
333,433.20785522460938,173.1745719909668,41.376266479492188,146.17744445800781,0.0764880180359
334,438.54526519775391,173.11360359191895,36.922073364257812,146.72567367553711,0.0726809501648
335,441.35570526123047,173.65413665771484,35.089111328125,143.64664077758789,0.0697419643402
336,438.748779296875,173.76462936401367,37.981719970703125,145.19519805908203,0.0722579956055
337,440.68229675292969,175.11577606201172,37.288818359375,143.87746810913086,0.0725350379944
338,441.63364410400391,174.73783493041992,36.630706787109375,145.02948760986328,0.0721788406372
339,441.25129699707031,174.85568046569824,38.089141845703125,144.27045822143555,0.0729520320892
340,443.62155914306641,175.72853565216064,38.7164306640625,143.64539623260498,0.0729079246521
341,445.16609191894531,175.04927158355713,38.217620849609375,145.19504070281982,0.0723669528961
342,446.20380401611328,174.44094657897949,39.919586181640625,146.46074295043945,0.071681022644
343,445.19828796386719,174.3643856048584,41.151657104492188,145.93145370483398,0.0803430080414
344,446.79779052734375,174.03305053710938,40.858154296875,146.98093414306641,0.0824148654938
344,379.31015014648438,164.83986854553223,40.969467163085938,159.73691940307617,0.0824148654938
345,447.70427703857422,175.18537044525146,39.748764038085938,146.28546237945557,0.0756270885468
346,448.91590118408203,174.31205749511719,36.82342529296875,146.07524871826172,0.0793590545654
346,377.31594085693359,165.22948265075684,43.221817016601562,161.29720687866211,0.0793590545654
354,371.86656951904297,162.93502807617188,46.509017944335938,172.19947814941406,0.0721840858459
355,372.0953369140625,159.29394721984863,42.833786010742188,175.36691665649414,0.0728399753571
357,506.21086120605469,176.57724380493164,36.083831787109375,135.38904190063477,0.072566986084
357,473.50654602050781,179.74589824676514,35.415573120117188,136.447434425354,0.072566986084
358,509.14199829101562,176.52342796325684,34.119644165039062,134.69478607177734,0.0791909694672
359,473.98921966552734,179.84753608703613,36.691665649414062,136.73915863037109,0.0777411460876
359,508.66619110107422,176.94302558898926,35.499420166015625,135.35333633422852,0.0777411460876
360,510.11062622070312,176.28574848175049,35.316238403320312,136.30841732025146,0.072466135025
360,477.14946746826172,179.14169311523438,34.11041259765625,133.81147384643555,0.072466135025
361,508.46969604492188,175.40810108184814,37.064590454101562,135.89334011077881,0.0798101425171
362,509.34803009033203,177.25693702697754,36.628189086914062,135.03410339355469,0.0922858715057
363,508.36021423339844,175.37630081176758,38.848419189453125,138.31563949584961,0.0771961212158
364,506.51103973388672,175.7219409942627,41.392364501953125,139.65780258178711,0.0779838562012
365,505.53306579589844,175.80629825592041,42.249832153320312,139.5456075668335,0.0719909667969
365,366.14456176757812,159.99489784240723,51.46514892578125,179.67058181762695,0.0719909667969
366,509.42302703857422,173.746018409729,41.094207763671875,138.6146879196167,0.0733580589294
367,512.83103942871094,175.15156745910645,37.863922119140625,136.31383895874023,0.0727510452271
368,513.36540222167969,176.32349967956543,40.410537719726562,135.44643402099609,0.0750801563263
368,6.1812806129455566,113.57128143310547,66.557223796844482,306.17654800415039,0.0750801563263
369,362.98065185546875,159.06821250915527,54.221267700195312,181.01720809936523,0.0733840465546
369,513.53725433349609,177.23321914672852,37.19970703125,135.03238677978516,0.0733840465546
369,9.7585439682006836,108.58853816986084,68.292369842529297,317.74868488311768,0.0733840465546
370,361.71588897705078,158.29051494598389,59.966506958007812,183.81750583648682,0.0814249515533
370,515.32024383544922,179.66104030609131,38.93585205078125,133.39500904083252,0.0814249515533
371,360.00995635986328,159.34012413024902,60.82733154296875,182.88259506225586,0.0738649368286
371,518.13556671142578,181.70741558074951,38.053436279296875,131.33152484893799,0.0738649368286
372,360.06561279296875,158.06565284729004,60.329666137695312,183.70576858520508,0.0729129314423
372,30.531516075134277,120.96829891204834,79.531311988830566,295.94128131866455,0.0729129314423
373,357.36480712890625,159.89175796508789,58.721847534179688,179.94924545288086,0.0833249092102
373,31.918084621429443,126.42026424407959,76.897413730621338,295.99941730499268,0.0833249092102
374,27.813568115234375,129.70281600952148,92.312126159667969,290.71420669555664,0.0741238594055
374,355.20797729492188,161.72567367553711,55.734024047851562,180.24621963500977,0.0741238594055
376,45.635800361633301,134.36320781707764,86.031813621520996,281.86447620391846,0.0773160457611
377,349.73766326904297,160.81323623657227,58.612442016601562,184.99094009399414,0.0804400444031
377,536.70909881591797,178.14564228057861,40.262298583984375,127.99977779388428,0.0804400444031
378,348.07106018066406,161.77857398986816,58.071060180664062,184.11855697631836,0.0768241882324
378,538.09032440185547,175.82699775695801,37.268600463867188,129.78166580200195,0.0768241882324
379,537.66593933105469,175.39202213287354,37.632827758789062,129.96861934661865,0.0732700824738
379,346.14856719970703,158.95794868469238,58.192520141601562,187.10906982421875,0.0732700824738
380,539.10377502441406,174.75285530090332,37.685317993164062,132.06642150878906,0.0716238021851
381,539.50363159179688,175.57592868804932,38.182373046875,130.32189846038818,0.0719380378723
382,539.7418212890625,175.75807571411133,36.962890625,129.49522018432617,0.0725889205933
383,539.22904968261719,177.18400955200195,38.197097778320312,128.53603363037109,0.0717351436615
384,541.67831420898438,175.66530704498291,36.584243774414062,128.82249355316162,0.0714778900146
385,543.81706237792969,174.72714900970459,35.297698974609375,128.92975330352783,0.0729541778564
386,129.69425201416016,137.5246524810791,74.288330078125,267.39023208618164,0.0779819488525
386,546.65050506591797,175.77395439147949,35.22369384765625,127.97043800354004,0.0779819488525
387,132.6771354675293,140.72553634643555,78.180961608886719,258.61272811889648,0.0740702152252
387,547.40219116210938,174.38002109527588,36.040115356445312,129.28855419158936,0.0740702152252
388,132.00855255126953,144.28964138031006,92.703208923339844,252.70252704620361,0.0726900100708
389,137.27573394775391,146.35173797607422,90.272903442382812,250.20606994628906,0.0734400749207
390,549.17381286621094,178.96546840667725,40.059356689453125,126.93619251251221,0.0717778205872
393,508.55587005615234,177.53249645233154,33.321762084960938,126.50692462921143,0.0733821392059
400,516.41044616699219,177.21293449401855,35.206375122070312,126.04757308959961,0.0717148780823
401,517.50576019287109,177.81955718994141,38.057022094726562,124.38497543334961,0.0726799964905
410,576.03172302246094,176.36521339416504,39.34906005859375,122.4700927734375,0.0722849369049
418,255.61832427978516,125.05115032196045,77.017440795898438,272.80081272125244,0.0721471309662
419,255.02374649047852,121.86259746551514,81.217174530029297,272.86970615386963,0.0732588768005
420,247.25522994995117,131.20945930480957,86.256618499755859,262.16875076293945,0.0733330249786
421,242.41697311401367,130.54995059967041,88.062076568603516,266.64157390594482,0.0726089477539
422,234.85147476196289,135.45055389404297,87.605571746826172,259.66793060302734,0.0729219913483
423,223.61686706542969,127.94683456420898,97.801551818847656,269.41543579101562,0.0787260532379
424,220.17738342285156,126.3900089263916,99.951400756835938,274.61580276489258,0.0736639499664
425,218.03005218505859,122.96645164489746,98.011932373046875,280.13174057006836,0.0736830234528
426,218.07382583618164,120.53486824035645,92.734565734863281,283.63964080810547,0.0719640254974
426,317.77322769165039,159.05170440673828,36.382579803466797,165.01029968261719,0.0719640254974
427,216.0798454284668,118.228440284729,91.724281311035156,290.6409215927124,0.0725109577179
428,206.13399505615234,113.02667140960693,90.57525634765625,296.02447986602783,0.078861951828
429,204.28657531738281,111.5557336807251,87.789268493652344,298.80330562591553,0.0742008686066
429,322.45899200439453,159.23356533050537,45.761489868164062,176.4794397354126,0.0742008686066
430,201.26066207885742,107.28579998016357,83.221817016601562,303.9420747756958,0.0726997852325
430,330.5780029296875,156.93220138549805,40.80902099609375,178.57326507568359,0.0726997852325
431,197.43959426879883,107.14190483093262,81.031150817871094,308.79266738891602,0.0731551647186
431,331.40201568603516,156.72597885131836,40.3607177734375,182.59237289428711,0.0731551647186
432,193.834228515625,107.15094566345215,81.798744201660156,315.30126571655273,0.0728259086609
432,334.78618621826172,156.89706802368164,42.457809448242188,182.05112457275391,0.0728259086609
433,190.0169563293457,107.26213932037354,81.074180603027344,316.41124248504639,0.0787019729614
434,187.37388610839844,110.56597709655762,81.223297119140625,312.91219711303711,0.0773849487305
435,180.9014892578125,114.84133243560791,79.855995178222656,308.83416652679443,0.0736260414124
436,176.18471145629883,108.42162609100342,83.632698059082031,321.28187656402588,0.0725028514862
436,347.33428955078125,158.69173049926758,40.717620849609375,178.38495254516602,0.0725028514862
437,177.39673614501953,113.28532218933105,81.601486206054688,318.74073028564453,0.0721130371094
438,173.52062225341797,111.92619323730469,84.666900634765625,323.41815948486328,0.073882818222
439,170.81548690795898,109.50850009918213,85.084190368652344,332.95556545257568,0.072282075882
440,161.28398895263672,103.19393634796143,90.693244934082031,345.15038967132568,0.0709438323975
441,154.48759078979492,100.00425338745117,92.395782470703125,344.39895629882812,0.0723931789398
442,152.17880249023438,95.179166793823242,91.81976318359375,349.00651931762695,0.071631193161
443,3.9069914817810059,125.69425106048584,67.304480075836182,280.68562030792236,0.0712127685547
444,136.96980476379395,101.16062164306641,97.488241195678711,339.65606689453125,0.0719919204712
444,0.97659111022949219,126.36717796325684,81.145343780517578,282.86092758178711,0.0719919204712
445,125.19584655761719,102.84255981445312,99.4281005859375,340.44937133789062,0.0719640254974
445,1.3836908340454102,127.0378589630127,78.750224113464355,279.28642272949219,0.0719640254974
446,120.76004981994629,95.401782989501953,97.49842643737793,351.16144180297852,0.0725789070129
446,1.7332601547241211,127.46672630310059,76.61625862121582,276.50671005249023,0.0725789070129
447,113.35237503051758,93.917555809020996,99.023208618164062,353.4197473526001,0.073194026947
447,1.6972970962524414,128.59861850738525,79.009108543395996,278.02192211151123,0.073194026947
448,91.328144073486328,97.694692611694336,119.36735153198242,354.11767959594727,0.0721869468689
448,3.7420129776000977,130.87889671325684,73.608627319335938,274.7947883605957,0.0721869468689
449,82.071065902709961,98.252520561218262,129.94767189025879,351.98156833648682,0.0725948810577
449,5.846858024597168,130.10496139526367,78.330025672912598,274.03667449951172,0.0725948810577
450,78.48475456237793,98.019218444824219,128.87333869934082,349.49054718017578,0.0750749111176
450,8.5406160354614258,126.18428707122803,78.469557762145996,283.78136157989502,0.0750749111176
450,470.82427978515625,201.32823944091797,23.908004760742188,83.016242980957031,0.0750749111176
451,74.502224922180176,92.904167175292969,124.93152141571045,357.04536437988281,0.0750410556793
451,6.2235927581787109,123.89499664306641,91.222257614135742,280.92206954956055,0.0750410556793
451,472.86251068115234,200.93038558959961,22.968521118164062,83.004684448242188,0.0750410556793
452,75.055818557739258,89.754295349121094,131.14108085632324,352.84337997436523,0.0716750621796
452,7.5974941253662109,125.72407722473145,84.218120574951172,278.87775421142578,0.0716750621796
452,472.63572692871094,201.1430025100708,23.606185913085938,82.504935264587402,0.0716750621796
452,387.07355499267578,162.58860111236572,51.528701782226562,159.47938442230225,0.0716750621796
453,477.78892517089844,202.37640380859375,20.328140258789062,81.610450744628906,0.0875151157379
453,47.496209144592285,96.527438163757324,133.97149562835693,361.55020236968994,0.0875151157379
453,390.28717041015625,161.07453346252441,49.716949462890625,155.76496124267578,0.0875151157379
454,51.229739189147949,91.619138717651367,128.09799671173096,366.42019271850586,0.0768508911133
454,479.59102630615234,199.2896032333374,20.8343505859375,84.65430736541748,0.0768508911133
454,399.70108032226562,163.02037239074707,40.45654296875,153.71598243713379,0.0768508911133
455,37.217082977294922,65.788722038269043,131.87229156494141,404.80961322784424,0.0777871608734
455,404.127197265625,163.69234085083008,38.579864501953125,149.55499649047852,0.0777871608734
456,39.673781394958496,76.116557121276855,114.08745288848877,392.36862659454346,0.0797061920166
457,37.322225570678711,71.689038276672363,110.24223327636719,396.79517269134521,0.0732350349426
458,35.681214332580566,75.45018196105957,101.1781644821167,383.09858322143555,0.0781099796295
459,30.044465065002441,71.548647880554199,102.30763912200928,385.58096408843994,0.0829639434814
459,478.85543823242188,203.23751449584961,23.647613525390625,76.853370666503906,0.0829639434814
460,21.235189437866211,67.235655784606934,116.45804405212402,386.40396595001221,0.0824680328369
460,577.42813110351562,171.71187400817871,42.60650634765625,126.20830535888672,0.0824680328369
461,9.6042346954345703,69.943628311157227,130.29677391052246,401.31689071655273,0.0741159915924
461,477.90515899658203,203.97066593170166,23.271331787109375,76.168341636657715,0.0741159915924
462,6.2755346298217773,72.134313583374023,132.34297275543213,395.99950790405273,0.073518037796
462,575.263671875,173.18146705627441,41.631393432617188,124.82583045959473,0.073518037796
462,475.68618774414062,203.43147754669189,25.363006591796875,77.532219886779785,0.073518037796
463,2.4333047866821289,63.680763244628906,121.35241985321045,408.85923385620117,0.0742359161377
466,82.86376953125,148.19430828094482,67.981319427490234,242.52163410186768,0.0793650150299
468,439.11788940429688,173.9714241027832,34.508819580078125,138.64431381225586,0.0743451118469
469,443.74359130859375,172.29540824890137,31.833648681640625,138.0735969543457,0.0821640491486
470,445.87253570556641,170.04218101501465,33.1378173828125,140.42072296142578,0.0832419395447
471,447.77004241943359,170.04132270812988,32.81005859375,137.87075042724609,0.0736639499664
472,549.60872650146484,187.19344139099121,22.02178955078125,92.525711059570312,0.0792119503021
473,505.02330780029297,200.25578498840332,23.107070922851562,81.320171356201172,0.0729269981384
474,116.91414833068848,144.75395679473877,71.204595565795898,244.8598051071167,0.0766959190369
475,117.81015396118164,145.47072887420654,77.424163818359375,240.37249088287354,0.078556060791
475,549.23141479492188,185.32186031341553,23.928985595703125,97.249760627746582,0.078556060791
475,450.06881713867188,172.97939300537109,37.7001953125,136.27195358276367,0.078556060791
476,547.63969421386719,185.85205078125,24.402847290039062,94.474897384643555,0.0757060050964
477,546.94446563720703,186.12918376922607,23.843765258789062,93.793644905090332,0.0848779678345
477,583.55144500732422,184.91304874420166,20.644378662109375,89.108891487121582,0.0848779678345
478,546.63444519042969,186.0520076751709,23.533706665039062,97.272634506225586,0.0852429866791
479,548.77250671386719,185.28149127960205,22.027130126953125,95.472922325134277,0.0736079216003
479,583.53458404541016,185.29768466949463,19.8785400390625,88.989930152893066,0.0736079216003
480,548.51886749267578,183.80578994750977,22.231826782226562,100.97064971923828,0.0748090744019
480,137.84729957580566,153.55586528778076,72.952260971069336,242.61742115020752,0.0748090744019
480,582.69050598144531,185.43082237243652,20.65765380859375,88.607969284057617,0.0748090744019
481,137.11541175842285,152.43278503417969,78.728551864624023,237.15070724487305,0.0779948234558
481,548.92822265625,184.11057472229004,22.279739379882812,102.35049247741699,0.0779948234558
482,138.3275032043457,152.89681434631348,77.080497741699219,233.58999252319336,0.0848879814148
482,551.07471466064453,183.28137874603271,23.0377197265625,102.52525806427002,0.0848879814148
483,146.83826446533203,146.27387523651123,74.335670471191406,243.6388635635376,0.078891992569
484,149.98678207397461,149.03112888336182,72.697792053222656,244.0687894821167,0.0751779079437
485,406.73538208007812,208.09970855712891,19.060516357421875,76.057720184326172,0.074453830719
485,154.50981140136719,152.84040927886963,67.488021850585938,227.240309715271,0.074453830719
485,612.42664337158203,195.30301094055176,22.955169677734375,85.854520797729492,0.074453830719
486,408.2818603515625,207.92678833007812,18.568496704101562,73.871498107910156,0.0736382007599
486,154.5100212097168,151.23664855957031,67.774505615234375,221.60425186157227,0.0736382007599
486,0.30365467071533203,106.73831462860107,75.913243293762207,324.13597583770752,0.0736382007599
487,408.31333160400391,206.81838512420654,21.51336669921875,78.449435234069824,0.0753948688507
487,0.56443214416503906,108.40584754943848,76.355690956115723,326.17332458496094,0.0753948688507
488,1.6466856002807617,107.86278247833252,76.932163238525391,328.07889461517334,0.079432964325
488,408.62899780273438,208.36661338806152,22.162399291992188,73.247451782226562,0.079432964325
489,409.39212799072266,206.4466667175293,21.594085693359375,76.137886047363281,0.0789370536804
489,2.2234129905700684,109.68924522399902,79.756128787994385,325.47637939453125,0.0789370536804
490,2.9925680160522461,105.863356590271,87.356686592102051,329.982590675354,0.0833790302277
490,412.59075164794922,208.41170310974121,20.641632080078125,72.957801818847656,0.0833790302277
491,413.50570678710938,209.33957576751709,19.891510009765625,72.487092018127441,0.0732691287994
491,6.2583732604980469,110.30466556549072,87.957973480224609,329.24012660980225,0.0732691287994
492,413.70269775390625,209.66973781585693,20.3753662109375,70.864148139953613,0.0743520259857
494,43.335766792297363,114.48018550872803,80.135283470153809,310.87759494781494,0.0775310993195
494,489.52430725097656,177.83660888671875,48.808212280273438,126.02703094482422,0.0775310993195
495,41.525411605834961,98.391337394714355,111.49734497070312,335.1879358291626,0.0775980949402
495,483.81404876708984,177.3933219909668,54.912567138671875,126.56564712524414,0.0775980949402
496,42.402710914611816,112.0279598236084,122.25389003753662,312.89239883422852,0.0763599872589
496,482.39543914794922,177.9408073425293,57.435989379882812,125.90961456298828,0.0763599872589
497,40.909571647644043,104.51292514801025,134.89391803741455,326.98850154876709,0.0734679698944
497,486.04393005371094,176.36592864990234,52.989654541015625,127.54343032836914,0.0734679698944
498,41.07335090637207,114.02322292327881,140.29143333435059,315.29541492462158,0.0736899375916
498,495.40431976318359,176.4990234375,45.999908447265625,124.60118293762207,0.0736899375916
499,44.696860313415527,115.46123027801514,138.03102970123291,312.06320285797119,0.0729348659515
500,67.993311882019043,134.79463577270508,115.29806613922119,288.65215301513672,0.0744249820709
500,496.42288208007812,176.59008979797363,44.005126953125,125.43334007263184,0.0744249820709
501,497.83859252929688,177.14713096618652,43.521728515625,126.58836364746094,0.0731649398804
501,78.401861190795898,129.01964664459229,104.88987922668457,293.79336833953857,0.0731649398804
502,497.88070678710938,177.08287239074707,46.237106323242188,126.56398773193359,0.0731549263
502,94.564380645751953,138.08162212371826,87.750625610351562,281.66265964508057,0.0731549263
503,107.16330528259277,128.72566223144531,82.214975357055664,294.06148910522461,0.0766170024872
503,502.68569946289062,178.59114646911621,45.5682373046875,124.47086334228516,0.0766170024872
504,119.3256664276123,126.75460338592529,72.972745895385742,296.69630527496338,0.0751509666443
504,555.34294128417969,204.57169532775879,18.173370361328125,67.622766494750977,0.0751509666443
505,141.35590553283691,122.58021354675293,71.534852981567383,288.83554458618164,0.0771040916443
506,143.12864303588867,122.10734367370605,71.28173828125,291.65657043457031,0.0749619007111
507,144.75385665893555,118.11195373535156,66.597442626953125,295.48873901367188,0.0788428783417
509,159.50820922851562,117.89274215698242,76.082763671875,296.80252075195312,0.0774080753326
510,158.99883270263672,129.67411994934082,87.138442993164062,281.59933090209961,0.0741899013519
511,155.57538986206055,138.90479564666748,101.53736114501953,271.22398853302002,0.0732138156891
511,221.82567596435547,153.24010848999023,66.236686706542969,222.50724792480469,0.0732138156891
511,512.66960144042969,173.90364646911621,40.969924926757812,126.45524024963379,0.0732138156891
512,154.57902908325195,136.1305046081543,113.23226928710938,273.41995239257812,0.0734338760376
513,163.790283203125,136.58992767333984,109.26673889160156,270.52436828613281,0.0722620487213
514,186.38473510742188,145.58441162109375,84.859123229980469,253.10840606689453,0.0720629692078
514,450.99693298339844,202.07469463348389,25.854873657226562,92.019352912902832,0.0720629692078
515,194.64593887329102,138.05485725402832,77.915229797363281,262.13968276977539,0.0766839981079
516,204.67313766479492,131.32387161254883,69.737091064453125,263.05612564086914,0.0791778564453
517,203.87811660766602,130.47095775604248,76.872138977050781,265.87433338165283,0.0724139213562
518,448.69148254394531,202.87463665008545,21.465225219726562,85.050244331359863,0.0827379226685
519,448.15120697021484,201.43126487731934,21.831512451171875,89.425792694091797,0.0721929073334
521,478.06713104248047,202.25558280944824,18.193740844726562,82.021751403808594,0.0737080574036
521,447.37846374511719,202.14513301849365,20.249481201171875,83.570981025695801,0.0737080574036
522,481.20182037353516,201.00244045257568,18.611984252929688,85.042119026184082,0.076208114624
522,447.86956787109375,202.024827003479,20.593338012695312,83.416171073913574,0.076208114624
522,241.35721206665039,123.51008892059326,66.23016357421875,271.49481296539307,0.076208114624
523,482.98343658447266,202.08598136901855,18.896484375,80.761241912841797,0.0833888053894
523,241.89054489135742,134.55928802490234,73.380165100097656,255.58507919311523,0.0833888053894
524,237.65491485595703,136.37306213378906,78.764839172363281,254.18666839599609,0.0974650382996
525,238.41865539550781,134.80002880096436,81.473770141601562,257.03480243682861,0.0740060806274
