1,10,35,78,312,0.109383
1,12,139,94,210,0.109383
1,107,151,94,187,0.109383
1,286,128,58,117,0.109383
2,10,28,81,323,0.0587545
2,108,154,93,185,0.0587545
2,12,138,94,210,0.0587545
2,291,129,58,114,0.0587545
2,387,118,62,125,0.0587545
3,12,135,98,214,0.0602228
3,113,143,98,196,0.0602228
3,297,126,59,118,0.0602228
3,396,120,61,122,0.0602228
4,13,136,102,218,0.0550832
4,119,151,94,189,0.0550832
4,302,130,58,118,0.0550832
5,14,133,110,226,0.056395
5,125,146,101,201,0.056395
5,312,124,62,125,0.056395
5,4,108,28,112,0.056395
6,14,131,116,239,0.0638228
6,131,146,102,204,0.0638228
6,415,115,66,133,0.0638228
6,4,43,31,122,0.0638228
7,15,124,118,239,0.058439
7,139,169,89,177,0.058439
8,145,165,94,186,0.0581835
8,17,131,119,238,0.0581835
9,146,169,93,185,0.077118
9,27,132,118,234,0.077118
9,273,155,58,116,0.077118
10,30,128,121,242,0.0573987
10,155,169,93,185,0.0573987
10,347,132,60,121,0.0573987
10,285,166,53,106,0.0573987
11,34,123,124,248,0.0636737
11,163,169,94,187,0.0636737
11,348,123,66,131,0.0636737
11,290,163,54,109,0.0636737
12,46,131,121,241,0.0616978
12,174,171,95,190,0.0616978
12,4,220,33,130,0.0616978
12,301,166,54,107,0.0616978
12,366,129,62,125,0.0616978
13,49,124,125,250,0.0599619
13,172,155,106,211,0.0599619
13,5,206,40,150,0.0599619
13,307,164,55,110,0.0599619
13,368,131,62,122,0.0599619
14,60,130,124,247,0.0665468
14,187,165,100,200,0.0665468
14,7,131,54,213,0.0665468
14,320,169,52,104,0.0665468
15,68,130,125,249,0.0620593
15,197,168,101,202,0.0620593
15,330,160,58,114,0.0620593
16,70,126,125,249,0.056572
16,204,164,102,205,0.056572
17,67,121,130,261,0.0567588
17,206,162,106,210,0.0567588
17,8,121,64,256,0.0567588
18,69,122,131,262,0.0886916
18,201,138,120,239,0.0886916
19,66,116,133,266,0.0578396
19,200,128,125,249,0.0578396
19,7,221,59,222,0.0578396
19,8,117,65,259,0.0578396
20,62,114,134,269,0.0590686
20,195,128,126,250,0.0590686
20,9,90,70,282,0.0590686
21,7,159,54,212,0.0680116
21,54,109,139,278,0.0680116
21,195,119,133,265,0.0680116
22,52,102,144,287,0.0590141
22,193,109,140,280,0.0590141
22,6,185,46,184,0.0590141
23,52,108,145,289,0.0620934
23,6,190,48,190,0.0620934
23,196,111,143,286,0.0620934
24,51,106,150,301,0.0659485
24,198,114,143,286,0.0659485
24,6,198,46,183,0.0659485
25,45,103,155,310,0.0601441
25,197,110,150,299,0.0601441
25,6,207,44,170,0.0601441
26,43,104,158,315,0.0558637
26,200,105,151,302,0.0558637
26,5,217,41,162,0.0558637
27,38,97,162,325,0.0610837
27,204,109,151,302,0.0610837
27,5,216,42,162,0.0610837
27,3,117,27,111,0.0610837
28,5,214,42,168,0.0585743
28,3,118,26,107,0.0585743
28,40,97,165,330,0.0585743
28,207,114,151,302,0.0585743
29,7,161,57,225,0.0615188
29,40,95,163,326,0.0615188
29,209,86,166,332,0.0615188
30,37,87,166,332,0.060824
30,208,95,165,330,0.060824
30,7,167,59,222,0.060824
31,212,98,163,326,0.0589651
31,35,86,170,339,0.0589651
31,7,188,58,208,0.0589651
31,3,106,26,106,0.0589651
32,32,88,174,338,0.0581148
32,219,88,172,337,0.0581148
32,7,189,56,206,0.0581148
32,4,108,28,112,0.0581148
33,8,106,67,269,0.0573014
33,226,98,170,329,0.0573014
33,42,82,177,342,0.0573014
33,401,152,58,116,0.0573014
34,237,105,166,322,0.0659862
34,40,89,180,336,0.0659862
34,5,253,38,146,0.0659862
34,408,153,59,119,0.0659862
35,51,82,182,342,0.0740573
35,246,104,170,323,0.0740573
35,10,93,82,331,0.0740573
35,481,88,79,159,0.0740573
35,419,161,58,115,0.0740573
36,61,90,178,335,0.0573827
36,254,103,172,324,0.0573827
36,12,69,93,354,0.0573827
36,431,160,58,115,0.0573827
37,265,127,163,304,0.0610505
37,11,73,91,350,0.0610505
37,52,92,184,334,0.0610505
37,433,156,59,118,0.0610505
38,6,216,51,202,0.0611542
38,265,119,172,310,0.0611542
38,444,171,54,109,0.0611542
39,264,87,186,338,0.053496
39,7,213,53,213,0.053496
39,29,249,74,149,0.053496
39,446,165,55,110,0.053496
40,103,49,177,353,0.0567382
40,12,73,95,350,0.0567382
40,264,102,184,325,0.0567382
41,525,100,62,123,0.0634815
41,11,68,91,354,0.0634815
42,11,69,89,354,0.0560485
42,96,60,114,227,0.0560485
42,256,163,54,107,0.0560485
43,11,74,85,338,0.0591136
44,594,229,41,156,0.0566547
44,11,67,87,348,0.0566547
45,136,209,100,200,0.063708
45,10,70,84,336,0.063708
46,10,72,82,324,0.0542699
46,81,41,126,250,0.0542699
47,10,65,84,336,0.0673786
48,10,70,83,333,0.0647418
49,70,24,136,270,0.0665813
49,11,60,91,362,0.0665813
49,520,89,79,158,0.0665813
50,70,24,136,270,0.055685
50,4,197,29,116,0.055685
51,68,24,138,271,0.0611131
51,4,195,30,118,0.0611131
52,68,24,141,274,0.0634642
53,63,24,142,277,0.0603833
53,187,107,76,151,0.0603833
53,4,195,28,111,0.0603833
54,62,24,140,275,0.0599542
54,187,112,74,149,0.0599542
54,4,322,35,136,0.0599542
55,4,327,34,131,0.0666055
55,11,59,90,360,0.0666055
56,11,58,89,355,0.0660555
56,4,333,33,126,0.0660555
56,159,221,86,173,0.0660555
57,11,57,88,352,0.0688757
58,11,53,88,350,0.0619372
58,4,335,34,125,0.0619372
59,113,30,177,346,0.0643402
59,11,57,88,350,0.0643402
59,42,48,128,255,0.0643402
60,11,53,88,350,0.0592694
60,188,92,87,175,0.0592694
61,9,71,69,274,0.0560921
61,584,41,50,182,0.0560921
61,116,28,168,315,0.0560921
62,10,62,77,305,0.0643706
62,49,25,146,283,0.0643706
62,115,29,172,333,0.0643706
63,10,57,79,316,0.0594938
63,293,124,112,223,0.0594938
63,40,30,141,282,0.0594938
63,115,29,172,333,0.0594938
64,11,52,86,343,0.0647107
64,40,30,141,282,0.0647107
64,555,177,54,107,0.0647107
65,11,54,85,337,0.0554633
65,46,25,143,285,0.0554633
66,11,52,86,343,0.0586837
67,152,218,106,213,0.0702509
67,11,52,86,340,0.0702509
68,11,50,88,350,0.0629971
68,49,25,146,283,0.0629971
69,49,25,146,283,0.0642418
69,11,52,86,340,0.0642418
69,152,218,106,213,0.0642418
69,281,160,54,109,0.0642418
70,46,25,143,285,0.0590009
70,11,50,88,350,0.0590009
70,281,161,54,109,0.0590009
71,49,25,146,283,0.0622975
71,155,210,109,216,0.0622975
71,11,50,88,350,0.0622975
71,564,143,56,111,0.0622975
71,281,160,56,111,0.0622975
72,11,50,88,350,0.059456
72,49,25,146,283,0.059456
72,564,142,56,112,0.059456
72,281,162,55,110,0.059456
73,11,52,85,338,0.0616656
73,566,143,55,110,0.0616656
73,280,160,55,110,0.0616656
74,10,61,79,317,0.0623835
74,46,25,143,285,0.0623835
75,158,221,103,206,0.0579453
75,10,61,79,317,0.0579453
75,46,30,138,277,0.0579453
76,11,54,85,337,0.0595338
76,158,221,103,206,0.0595338
77,10,54,84,334,0.0681172
77,46,30,138,277,0.0681172
77,158,221,103,206,0.0681172
77,364,160,57,113,0.0681172
78,188,49,112,223,0.0672701
78,10,58,80,319,0.0672701
78,371,160,55,110,0.0672701
78,46,30,138,277,0.0672701
79,10,59,82,326,0.0587738
79,46,30,138,277,0.0587738
79,150,204,114,227,0.0587738
79,373,160,57,113,0.0587738
80,11,53,88,350,0.060191
80,377,160,57,113,0.060191
81,10,55,82,330,0.0607809
81,378,156,58,117,0.0607809
82,10,59,78,314,0.0541869
82,182,45,125,250,0.0541869
82,380,160,57,113,0.0541869
83,10,64,77,307,0.0766758
83,188,49,112,223,0.0766758
83,380,160,57,113,0.0766758
84,10,59,82,326,0.0611169
84,112,33,188,375,0.0611169
84,380,160,57,113,0.0611169
85,10,58,80,319,0.0637278
85,172,10,62,113,0.0637278
86,10,64,77,307,0.0742245
86,492,175,128,257,0.0742245
86,197,55,102,202,0.0742245
86,164,12,76,132,0.0742245
87,165,10,58,109,0.0596012
87,10,57,82,328,0.0596012
88,10,59,82,328,0.0597965
88,198,106,75,150,0.0597965
88,164,10,60,114,0.0597965
89,10,59,79,315,0.0597934
89,49,25,146,283,0.0597934
89,165,10,57,110,0.0597934
90,10,59,82,326,0.0571877
91,11,54,85,337,0.079903
92,11,55,86,343,0.0643239
93,10,57,82,328,0.0565676
94,10,57,82,326,0.064766
95,10,53,80,322,0.0559508
95,114,33,191,382,0.0559508
96,10,55,78,311,0.0649388
96,195,221,80,161,0.0649388
97,10,53,78,311,0.0630152
97,114,33,191,382,0.0630152
98,10,53,78,311,0.0605377
98,129,39,178,354,0.0605377
99,10,54,78,312,0.0853374
99,50,25,147,286,0.0853374
99,125,38,181,362,0.0853374
100,10,49,80,319,0.0637617
100,51,25,142,281,0.0637617
100,198,222,74,148,0.0637617
101,10,52,78,316,0.0568195
101,161,31,149,297,0.0568195
101,51,25,142,281,0.0568195
101,200,220,71,142,0.0568195
102,10,52,79,317,0.0651789
102,51,25,142,281,0.0651789
102,157,41,158,314,0.0651789
103,197,219,78,155,0.058336
103,10,54,80,319,0.058336
103,159,27,155,307,0.058336
103,49,25,146,283,0.058336
104,152,34,160,320,0.0627112
104,10,52,81,324,0.0627112
104,46,25,143,285,0.0627112
105,147,39,165,329,0.0549609
105,10,54,80,320,0.0549609
105,40,30,141,282,0.0549609
106,10,51,81,323,0.0721488
106,135,31,179,356,0.0721488
106,47,25,150,287,0.0721488
107,10,53,79,319,0.0584086
107,131,36,180,360,0.0584086
108,10,52,79,317,0.0624578
108,143,29,170,334,0.0624578
108,282,165,55,110,0.0624578
109,143,30,173,345,0.0581953
109,10,55,78,309,0.0581953
110,10,57,77,307,0.0594374
110,141,33,176,353,0.0594374
111,144,38,173,345,0.0582154
111,10,57,77,307,0.0582154
112,10,57,77,307,0.0611774
112,135,35,177,354,0.0611774
113,144,45,170,339,0.0609045
113,10,57,77,307,0.0609045
114,10,55,77,307,0.0600191
114,161,33,152,305,0.0600191
114,609,290,28,109,0.0600191
115,10,55,76,306,0.0564891
115,243,148,54,109,0.0564891
116,10,54,78,309,0.0600089
116,243,145,57,113,0.0600089
116,380,160,57,113,0.0600089
117,10,54,78,309,0.0668064
117,380,160,57,113,0.0668064
117,243,129,61,122,0.0668064
118,10,54,78,309,0.0575936
118,508,203,109,217,0.0575936
118,380,160,57,113,0.0575936
119,10,53,78,310,0.0570807
119,481,144,66,131,0.0570807
119,382,163,55,111,0.0570807
120,148,28,166,319,0.0618914
120,10,58,82,325,0.0618914
120,382,163,55,111,0.0618914
121,139,28,170,318,0.0614604
121,10,58,84,334,0.0614604
121,483,154,61,122,0.0614604
121,377,155,61,121,0.0614604
122,11,57,85,338,0.0653335
122,143,28,168,315,0.0653335
122,200,287,72,144,0.0653335
122,380,160,57,113,0.0653335
122,481,144,66,131,0.0653335
123,81,29,138,277,0.0621621
123,143,29,179,337,0.0621621
123,11,54,90,361,0.0621621
123,380,160,57,113,0.0621621
124,10,63,81,325,0.0680486
125,10,58,84,334,0.0626712
125,137,50,182,364,0.0626712
126,11,57,89,355,0.0718746
126,132,51,188,369,0.0718746
127,170,194,118,236,0.0635019
127,11,63,85,337,0.0635019
128,168,191,121,242,0.0570487
129,165,192,122,243,0.0585644
130,165,189,122,243,0.062432
131,131,53,185,367,0.0717867
132,131,60,182,362,0.0622995
133,131,53,185,367,0.0801404
134,544,65,86,175,0.0567303
134,132,50,182,364,0.0567303
135,134,33,180,360,0.0575634
135,12,53,93,367,0.0575634
135,154,189,126,250,0.0575634
136,136,32,182,361,0.0649948
136,11,50,91,364,0.0649948
136,544,65,86,175,0.0649948
137,136,32,182,361,0.0559099
137,11,50,91,364,0.0559099
138,134,31,180,356,0.0592242
138,11,50,91,364,0.0592242
139,134,31,180,356,0.0695668
139,9,69,70,279,0.0695668
140,9,67,74,298,0.062192
140,135,31,181,354,0.062192
140,7,250,53,198,0.062192
141,9,67,74,298,0.0630856
141,7,250,53,198,0.0630856
141,132,32,182,360,0.0630856
142,10,61,79,319,0.058721
142,132,32,182,360,0.058721
143,136,31,177,354,0.063719
143,10,61,80,318,0.063719
144,130,32,182,360,0.0606267
144,10,60,80,321,0.0606267
145,10,61,78,313,0.0617307
145,135,31,179,351,0.0617307
146,10,60,80,321,0.0614163
146,134,31,178,353,0.0614163
147,10,63,80,319,0.063993
147,135,31,179,351,0.063993
148,10,59,82,324,0.0663217
148,130,31,180,357,0.0663217
149,133,31,178,357,0.0574715
149,11,51,89,356,0.0574715
150,134,31,180,356,0.063462
150,12,53,93,367,0.063462
151,134,33,180,360,0.0580467
151,11,50,91,364,0.0580467
152,136,39,182,365,0.0590817
152,7,248,58,199,0.0590817
152,11,50,91,364,0.0590817
152,548,137,62,125,0.0590817
153,7,250,53,198,0.0605642
153,136,39,182,365,0.0605642
154,136,39,182,365,0.061877
154,7,250,53,198,0.061877
155,155,187,128,252,0.0711647
155,609,145,27,107,0.0711647
156,134,33,180,360,0.0557689
156,483,161,58,116,0.0557689
157,7,250,53,198,0.0643899
157,132,61,188,361,0.0643899
157,545,85,77,154,0.0643899
157,481,155,61,122,0.0643899
157,608,147,29,110,0.0643899
158,136,39,182,365,0.0559893
158,456,62,108,215,0.0559893
158,11,50,91,364,0.0559893
158,608,146,29,110,0.0559893
159,135,33,181,362,0.0547289
159,11,50,91,364,0.0547289
159,608,147,29,111,0.0547289
159,485,173,54,107,0.0547289
160,136,31,178,352,0.056939
160,479,158,61,122,0.056939
160,12,51,94,369,0.056939
160,609,146,28,110,0.056939
161,609,153,28,110,0.0724619
161,476,150,65,130,0.0724619
161,135,31,175,350,0.0724619
161,12,53,93,367,0.0724619
162,134,30,175,347,0.0668305
162,477,147,66,133,0.0668305
162,12,49,92,368,0.0668305
163,139,28,174,326,0.0601568
163,12,49,92,368,0.0601568
163,477,147,66,133,0.0601568
164,123,32,185,364,0.0574422
164,12,49,92,368,0.0574422
164,474,144,68,135,0.0574422
165,11,55,88,351,0.0706562
165,129,31,181,353,0.0706562
165,476,150,65,130,0.0706562
166,11,54,89,354,0.0623929
166,123,32,185,364,0.0623929
166,477,152,63,126,0.0623929
167,10,49,84,338,0.0625185
167,182,54,77,154,0.0625185
167,477,148,65,130,0.0625185
168,10,42,82,332,0.0683644
168,475,145,67,135,0.0683644
169,476,148,66,133,0.060492
169,10,51,83,333,0.060492
170,10,48,78,314,0.0632834
170,471,127,77,153,0.0632834
171,10,52,78,309,0.0627365
172,10,47,77,306,0.0611774
173,10,45,79,316,0.0596267
174,10,49,77,307,0.0580323
175,10,47,76,303,0.0657078
176,10,45,78,309,0.061215
176,163,285,78,155,0.061215
177,443,42,135,270,0.0616803
177,9,50,73,293,0.0616803
177,501,225,61,121,0.0616803
178,9,58,70,278,0.0647641
178,135,54,67,134,0.0647641
178,472,133,74,148,0.0647641
179,9,56,71,285,0.0592379
179,135,54,67,134,0.0592379
179,470,117,83,166,0.0592379
180,9,56,71,285,0.0649818
180,135,54,67,134,0.0649818
180,473,128,76,152,0.0649818
181,9,52,73,294,0.0564394
181,475,137,71,143,0.0564394
181,140,58,54,110,0.0564394
182,149,28,166,323,0.0633473
182,9,51,75,300,0.0633473
182,476,136,73,146,0.0633473
183,9,55,74,294,0.0648403
183,149,28,166,323,0.0648403
183,477,138,71,142,0.0648403
184,9,55,74,294,0.0596073
184,149,28,166,323,0.0596073
184,481,157,62,122,0.0596073
185,9,54,73,290,0.0587643
185,149,28,166,323,0.0587643
185,482,162,58,117,0.0587643
186,149,28,166,323,0.0568329
186,9,55,74,294,0.0568329
186,485,173,54,107,0.0568329
187,9,53,74,299,0.0601683
187,149,28,166,323,0.0601683
187,481,136,70,140,0.0601683
188,9,58,73,293,0.0691456
188,149,28,166,323,0.0691456
188,284,169,54,107,0.0691456
188,485,174,54,107,0.0691456
189,9,51,74,297,0.0643037
189,149,28,166,323,0.0643037
189,485,173,54,107,0.0643037
190,9,57,72,290,0.0643058
190,149,28,166,323,0.0643058
190,485,173,54,107,0.0643058
191,149,28,166,323,0.0622358
191,9,60,72,287,0.0622358
191,485,173,54,107,0.0622358
192,9,55,72,289,0.0628493
192,149,28,166,323,0.0628493
192,485,173,54,107,0.0628493
193,9,59,74,295,0.0678429
193,477,139,70,140,0.0678429
193,281,168,58,115,0.0678429
194,9,55,73,290,0.0601786
194,482,159,59,118,0.0601786
195,9,54,73,291,0.0648993
195,475,136,72,145,0.0648993
195,140,58,54,110,0.0648993
196,10,52,81,322,0.0617016
196,486,172,54,106,0.0617016
197,140,58,54,110,0.0699286
197,485,171,54,107,0.0699286
198,4,36,35,140,0.0830424
198,175,51,74,150,0.0830424
198,486,171,53,106,0.0830424
199,4,39,33,133,0.070104
199,187,226,74,148,0.070104
199,175,51,74,150,0.070104
199,477,139,70,140,0.070104
200,4,39,34,138,0.0652375
200,187,226,74,148,0.0652375
200,475,136,72,145,0.0652375
201,4,39,34,138,0.0648592
201,186,225,76,152,0.0648592
201,173,46,62,123,0.0648592
201,485,171,54,107,0.0648592
202,473,137,71,142,0.0643026
203,179,223,83,167,0.0647713
204,179,223,83,167,0.0672105
204,485,174,54,107,0.0672105
205,471,131,76,151,0.0621097
205,102,61,188,361,0.0621097
206,471,131,76,151,0.0782269
206,551,180,52,104,0.0782269
207,93,37,182,365,0.0654161
207,471,131,76,151,0.0654161
208,98,50,182,364,0.102071
208,468,121,82,162,0.102071
208,548,177,54,107,0.102071
209,468,121,82,162,0.077702
209,547,176,55,110,0.077702
209,117,55,171,342,0.077702
210,135,58,158,316,0.071922
210,468,117,84,167,0.071922
210,546,175,56,112,0.071922
211,137,60,154,309,0.0704053
211,467,119,82,164,0.0704053
211,553,112,59,118,0.0704053
212,467,120,82,163,0.0660816
212,136,40,158,318,0.0660816
213,138,70,154,309,0.0929092
213,458,89,99,198,0.0929092
214,140,66,154,308,0.0897633
214,456,91,98,196,0.0897633
215,18,26,140,298,0.0694885
215,142,73,156,312,0.0694885
215,456,91,98,196,0.0694885
216,16,25,126,291,0.0901052
216,152,101,142,285,0.0901052
216,466,135,73,146,0.0901052
217,17,26,134,293,0.0743107
217,155,108,140,280,0.0743107
217,467,142,70,139,0.0743107
218,158,116,134,269,0.0761488
218,460,132,74,150,0.0761488
219,158,93,145,289,0.0696827
219,460,129,76,152,0.0696827
220,162,93,146,290,0.0634841
220,18,25,142,290,0.0634841
220,468,170,55,111,0.0634841
221,454,87,101,201,0.0846517
221,167,95,144,288,0.0846517
222,187,143,117,234,0.0899407
222,458,92,96,192,0.0899407
222,4,106,28,114,0.0899407
223,178,82,139,278,0.0657168
223,4,157,31,125,0.0657168
224,191,134,118,236,0.0699206
224,494,168,53,106,0.0699206
224,550,113,62,125,0.0699206
225,188,95,138,274,0.0718669
225,11,43,88,348,0.0718669
225,551,112,62,125,0.0718669
226,455,91,98,195,0.0583502
226,197,103,130,261,0.0583502
226,550,113,64,128,0.0583502
226,11,29,90,336,0.0583502
227,201,103,130,260,0.0610954
227,462,138,74,146,0.0610954
227,11,31,90,354,0.0610954
228,208,104,126,253,0.0713003
228,11,35,89,354,0.0713003
228,457,126,81,162,0.0713003
228,551,113,65,130,0.0713003
229,217,103,126,251,0.0733234
229,447,91,101,202,0.0733234
229,549,100,74,147,0.0733234
229,4,299,34,134,0.0733234
230,228,139,105,210,0.0755911
230,441,83,106,213,0.0755911
230,556,108,66,131,0.0755911
230,608,148,29,110,0.0755911
231,232,128,107,215,0.0642819
231,447,126,84,167,0.0642819
231,5,281,39,154,0.0642819
231,175,210,57,113,0.0642819
232,246,168,90,178,0.0668629
232,454,127,84,168,0.0668629
232,553,141,78,291,0.0668629
232,164,189,66,133,0.0668629
232,5,276,39,159,0.0668629
233,252,159,92,183,0.0639756
233,444,71,114,228,0.0639756
233,562,143,70,262,0.0639756
233,5,275,39,159,0.0639756
234,11,72,85,338,0.0801038
234,457,64,117,232,0.0801038
234,256,152,93,186,0.0801038
234,577,176,56,208,0.0801038
235,246,102,126,253,0.0686433
235,581,166,53,194,0.0686433
235,7,253,54,195,0.0686433
236,261,112,107,214,0.0637507
236,7,243,55,204,0.0637507
236,581,179,53,197,0.0637507
236,169,178,67,134,0.0637507
237,352,100,177,327,0.0628424
237,277,138,95,190,0.0628424
237,585,184,49,179,0.0628424
238,273,114,111,222,0.0588852
238,357,92,179,334,0.0588852
238,12,101,98,223,0.0588852
238,518,178,57,113,0.0588852
239,107,29,134,268,0.0749076
239,279,115,111,222,0.0749076
239,584,185,50,182,0.0749076
240,287,115,106,210,0.083877
240,136,55,127,254,0.083877
240,188,151,87,175,0.083877
240,393,185,52,104,0.083877
241,128,29,134,268,0.059259
241,287,109,111,222,0.059259
241,389,93,185,333,0.059259
241,197,163,80,160,0.059259
242,133,23,136,267,0.0761105
242,291,118,104,207,0.0761105
242,39,102,99,198,0.0761105
242,389,87,185,338,0.0761105
243,293,119,102,204,0.0782808
243,46,106,95,190,0.0782808
243,378,158,54,107,0.0782808
244,303,150,87,174,0.0929195
244,139,29,127,254,0.0929195
244,383,161,54,109,0.0929195
244,7,137,54,125,0.0929195
245,292,110,113,226,0.0761377
245,137,29,130,260,0.0761377
246,292,106,114,226,0.0749468
246,142,23,134,268,0.0749468
246,222,157,74,148,0.0749468
246,387,162,55,110,0.0749468
247,291,107,113,225,0.0783065
247,198,78,110,220,0.0783065
247,143,24,136,272,0.0783065
247,4,144,31,118,0.0783065
248,289,104,116,231,0.07123
248,199,76,106,211,0.07123
248,438,225,106,211,0.07123
248,394,150,66,131,0.07123
248,4,152,30,106,0.07123
248,71,132,83,167,0.07123
249,289,101,119,238,0.0632483
249,426,90,174,335,0.0632483
249,395,151,66,131,0.0632483
250,302,111,108,215,0.0615812
250,388,146,70,141,0.0615812
251,305,110,103,206,0.0686189
251,393,150,71,142,0.0686189
251,259,186,56,111,0.0686189
252,307,115,104,208,0.0709035
252,460,137,155,295,0.0709035
252,400,167,64,129,0.0709035
252,259,182,62,125,0.0709035
253,485,143,138,286,0.0707114
253,193,78,106,210,0.0707114
253,313,121,102,205,0.0707114
253,444,132,94,187,0.0707114
253,403,162,67,134,0.0707114
253,117,177,58,116,0.0707114
254,321,142,90,178,0.0709383
254,420,70,130,259,0.0709383
254,400,149,75,150,0.0709383
254,57,177,52,104,0.0709383
255,324,142,90,179,0.0624417
255,265,139,99,198,0.0624417
255,403,159,70,139,0.0624417
255,47,176,58,115,0.0624417
256,392,87,130,259,0.0718661
256,323,125,95,190,0.0718661
256,83,130,88,176,0.0718661
256,124,278,78,156,0.0718661
257,388,98,122,243,0.0615528
257,70,133,90,178,0.0615528
257,324,123,96,192,0.0615528
258,40,116,99,198,0.0654678
258,322,120,97,194,0.0654678
258,389,125,111,222,0.0654678
259,9,126,74,294,0.0647608
259,385,124,112,223,0.0647608
259,451,96,109,217,0.0647608
259,319,123,96,191,0.0647608
259,27,118,97,193,0.0647608
260,369,137,108,215,0.0689446
260,314,126,97,194,0.0689446
261,347,137,114,228,0.0659273
261,7,103,58,230,0.0659273
261,308,146,87,174,0.0659273
262,320,114,130,261,0.0646049
262,6,34,47,186,0.0646049
262,531,328,74,130,0.0646049
263,292,95,148,296,0.0658392
263,543,318,57,113,0.0658392
263,236,82,54,107,0.0658392
264,286,113,130,259,0.0743963
264,140,80,106,213,0.0743963
265,259,113,136,272,0.066211
265,351,137,91,182,0.066211
266,261,146,120,239,0.0817385
266,126,73,114,227,0.0817385
266,346,133,94,186,0.0817385
266,217,78,54,107,0.0817385
267,220,83,155,310,0.059782
267,312,132,86,173,0.059782
268,200,72,128,256,0.0558973
268,334,124,95,191,0.0558973
268,608,238,29,110,0.0558973
268,300,125,83,167,0.0558973
269,326,145,81,162,0.0563498
270,302,87,103,206,0.0559281
271,308,91,90,182,0.0623008
272,298,55,94,188,0.0786834
272,566,94,66,244,0.0786834
272,248,52,78,156,0.0786834
272,609,28,27,107,0.0786834
273,8,48,68,270,0.0699233
273,288,20,110,218,0.0699233
273,571,107,62,225,0.0699233
273,247,47,79,158,0.0699233
274,572,111,61,224,0.081249
274,293,83,86,170,0.081249
274,12,186,97,202,0.081249
274,250,71,75,150,0.081249
274,358,81,61,122,0.081249
275,567,95,65,237,0.0841439
275,166,21,122,242,0.0841439
275,301,151,64,128,0.0841439
275,359,111,55,110,0.0841439
275,248,95,74,146,0.0841439
276,12,243,97,193,0.0610742
276,295,178,66,131,0.0610742
276,571,142,62,224,0.0610742
277,255,87,122,244,0.0680459
277,563,113,68,252,0.0680459
277,15,174,118,263,0.0680459
278,12,238,93,208,0.0566799
278,154,90,121,242,0.0566799
278,246,92,121,242,0.0566799
278,557,86,74,280,0.0566799
279,10,167,77,270,0.0588952
279,138,94,133,266,0.0588952
279,229,102,126,251,0.0588952
280,8,99,62,248,0.0598133
280,204,97,127,254,0.0598133
280,153,122,106,212,0.0598133
280,7,245,56,202,0.0598133
281,165,92,122,242,0.0754538
281,259,139,74,150,0.0754538
282,123,61,155,310,0.0882516
282,492,105,131,282,0.0882516
282,246,153,69,138,0.0882516
283,270,79,124,248,0.0738797
283,117,87,154,308,0.0738797
283,417,282,81,162,0.0738797
284,132,139,126,254,0.0743138
284,264,69,163,326,0.0743138
284,434,276,94,175,0.0743138
284,3,163,26,107,0.0743138
285,138,127,130,260,0.0744685
285,270,54,181,361,0.0744685
285,462,271,103,180,0.0744685
285,591,40,44,166,0.0744685
286,137,87,154,307,0.0755429
286,496,285,98,168,0.0755429
286,297,68,126,250,0.0755429
287,302,49,146,293,0.0656581
287,152,125,138,275,0.0656581
287,533,290,85,163,0.0656581
288,337,50,174,347,0.0781494
288,163,154,126,253,0.0781494
288,4,372,30,93,0.0781494
289,177,160,128,255,0.0734354
289,7,117,55,218,0.0734354
289,355,175,106,213,0.0734354
289,241,113,112,223,0.0734354
289,377,59,59,118,0.0734354
290,132,146,93,186,0.064009
290,192,169,128,256,0.064009
290,454,234,130,211,0.064009
290,296,166,72,143,0.064009
290,335,32,182,364,0.064009
290,585,213,49,107,0.064009
291,181,88,162,325,0.075037
291,357,32,188,368,0.075037
291,131,140,99,198,0.075037
292,213,169,132,264,0.0692139
292,303,159,91,182,0.0692139
292,539,258,90,191,0.0692139
292,357,32,188,368,0.0692139
293,214,163,139,273,0.0637136
293,319,156,90,181,0.0637136
294,430,212,102,204,0.0728735
294,332,151,94,189,0.0728735
294,209,92,172,334,0.0728735
295,348,152,92,184,0.0666099
295,13,114,102,232,0.0666099
295,445,208,107,214,0.0666099
295,429,181,62,125,0.0666099
295,9,246,73,184,0.0666099
295,213,65,176,351,0.0666099
296,12,117,94,212,0.0589446
296,364,153,88,176,0.0589446
296,460,214,100,200,0.0589446
296,206,183,63,126,0.0589446
297,224,181,150,258,0.0671509
297,367,123,112,224,0.0671509
297,75,77,182,346,0.0671509
297,469,209,111,222,0.0671509
297,10,114,78,194,0.0671509
298,385,137,105,210,0.0712117
298,477,212,107,214,0.0712117
298,529,219,98,225,0.0712117
298,305,218,90,179,0.0712117
299,382,110,123,246,0.0579901
299,183,130,79,159,0.0579901
299,271,198,136,242,0.0579901
300,414,147,96,191,0.0619367
300,31,240,86,172,0.0619367
300,166,128,77,154,0.0619367
300,278,241,51,102,0.0619367
301,420,147,96,191,0.073261
301,261,219,127,225,0.073261
301,40,244,82,163,0.073261
301,355,160,74,147,0.073261
302,425,134,103,206,0.0722757
302,28,151,126,251,0.0722757
302,8,149,67,169,0.0722757
302,383,170,66,132,0.0722757
302,604,238,32,122,0.0722757
303,23,127,144,287,0.0877777
303,368,135,86,172,0.0877777
303,435,143,96,191,0.0877777
303,8,142,68,164,0.0877777
303,321,186,60,120,0.0877777
304,371,131,83,166,0.0817727
304,440,145,94,188,0.0817727
304,10,194,79,182,0.0817727
304,300,206,57,114,0.0817727
304,97,162,63,127,0.0817727
305,443,137,98,197,0.0726582
305,508,159,110,221,0.0726582
305,534,164,94,272,0.0726582
305,251,145,80,160,0.0726582
305,4,279,31,122,0.0726582
305,369,136,83,167,0.0726582
306,499,144,119,238,0.0831086
306,447,142,97,194,0.0831086
306,367,134,90,181,0.0831086
306,234,138,86,172,0.0831086
306,306,208,56,111,0.0831086
307,492,134,129,258,0.0717959
307,451,140,95,190,0.0717959
307,366,129,93,185,0.0717959
307,229,141,86,170,0.0717959
307,304,203,59,118,0.0717959
308,495,145,125,250,0.0711872
308,286,97,118,235,0.0711872
308,232,147,82,163,0.0711872
308,379,149,74,146,0.0711872
308,452,161,65,130,0.0711872
309,485,123,138,278,0.0699785
309,375,115,102,205,0.0699785
309,293,146,92,184,0.0699785
309,339,170,74,147,0.0699785
310,475,117,146,299,0.0827398
310,40,74,166,333,0.0827398
310,161,76,103,206,0.0827398
310,375,120,100,199,0.0827398
310,289,141,94,188,0.0827398
310,344,176,74,148,0.0827398
311,470,117,151,306,0.0785954
311,17,157,133,277,0.0785954
311,156,67,109,218,0.0785954
311,374,127,98,195,0.0785954
311,283,128,103,206,0.0785954
311,340,172,77,154,0.0785954
312,463,110,158,318,0.0595735
312,161,92,102,202,0.0595735
312,375,144,87,174,0.0595735
312,276,105,116,232,0.0595735
312,17,81,138,343,0.0595735
313,457,108,162,320,0.0747275
313,20,124,156,306,0.0747275
313,364,162,82,162,0.0747275
313,307,194,70,140,0.0747275
314,10,145,76,288,0.0639899
314,455,103,164,324,0.0639899
314,5,18,37,149,0.0639899
314,356,156,86,171,0.0639899
314,160,86,106,210,0.0639899
315,451,97,168,330,0.0817055
315,176,93,108,215,0.0817055
315,14,144,91,182,0.0817055
315,73,286,75,150,0.0817055
315,381,107,113,225,0.0817055
315,358,174,80,159,0.0817055
316,12,139,92,186,0.0740945
316,357,157,89,178,0.0740945
316,460,85,160,340,0.0740945
316,186,78,116,232,0.0740945
316,79,279,75,150,0.0740945
316,94,141,89,178,0.0740945
317,13,143,89,177,0.0607008
317,6,135,47,189,0.0607008
317,314,99,126,251,0.0607008
317,83,278,82,163,0.0607008
317,473,89,148,336,0.0607008
317,124,71,191,352,0.0607008
318,338,103,123,246,0.0634061
318,16,140,90,179,0.0634061
318,218,95,112,224,0.0634061
318,6,135,47,189,0.0634061
318,90,281,76,152,0.0634061
318,132,70,188,353,0.0634061
319,386,55,145,290,0.0692539
319,303,103,130,259,0.0692539
319,231,100,103,206,0.0692539
319,21,141,89,177,0.0692539
319,6,128,49,193,0.0692539
319,7,114,55,133,0.0692539
320,390,38,154,307,0.0618708
320,316,89,135,271,0.0618708
320,28,136,90,178,0.0618708
320,106,280,78,156,0.0618708
320,203,100,102,203,0.0618708
320,7,113,58,131,0.0618708
321,39,126,92,184,0.0624285
321,131,110,105,210,0.0624285
321,439,148,92,185,0.0624285
321,6,120,48,192,0.0624285
321,121,277,77,154,0.0624285
322,50,124,91,182,0.0709713
322,456,149,91,182,0.0709713
322,367,123,110,221,0.0709713
322,554,26,77,292,0.0709713
322,105,77,170,340,0.0709713
322,6,114,46,185,0.0709713
323,6,103,49,196,0.0735435
323,61,122,87,175,0.0735435
323,124,91,126,253,0.0735435
323,482,125,102,204,0.0735435
323,404,200,70,140,0.0735435
324,6,100,51,203,0.0678235
324,64,118,86,171,0.0678235
324,120,87,126,251,0.0678235
324,503,108,111,222,0.0678235
324,383,111,117,233,0.0678235
324,459,159,58,116,0.0678235
324,206,51,186,369,0.0678235
325,513,105,113,228,0.0803966
325,6,100,50,199,0.0803966
325,63,117,91,182,0.0803966
325,413,170,86,173,0.0803966
325,141,134,137,274,0.0803966
325,257,28,125,249,0.0803966
325,419,73,71,143,0.0803966
325,378,198,61,121,0.0803966
325,301,350,54,107,0.0803966
326,93,106,118,236,0.0614852
326,257,30,126,254,0.0614852
326,407,124,111,222,0.0614852
326,6,114,47,182,0.0614852
326,532,138,96,192,0.0614852
326,183,272,70,139,0.0614852
326,314,334,60,119,0.0614852
327,91,94,132,263,0.0695312
327,411,111,119,238,0.0695312
327,268,34,128,255,0.0695312
327,5,130,42,162,0.0695312
327,543,141,86,187,0.0695312
328,72,87,136,272,0.0712316
328,405,90,131,262,0.0712316
328,6,118,48,183,0.0712316
328,549,133,81,203,0.0712316
329,52,95,128,255,0.0607396
329,407,81,134,269,0.0607396
329,5,115,41,162,0.0607396
329,281,37,127,254,0.0607396
329,546,125,83,210,0.0607396
329,219,17,102,190,0.0607396
330,19,53,151,307,0.0689181
330,417,98,129,257,0.0689181
330,194,263,79,159,0.0689181
330,565,143,66,191,0.0689181
331,18,87,142,291,0.0626528
331,412,76,144,289,0.0626528
331,288,32,130,259,0.0626528
331,316,374,55,91,0.0626528
332,537,93,91,231,0.0594255
332,293,37,126,252,0.0594255
332,422,76,140,280,0.0594255
332,16,36,130,342,0.0594255
332,211,81,103,206,0.0594255
332,209,265,76,153,0.0594255
332,11,121,91,309,0.0594255
333,423,75,141,282,0.0606698
333,545,118,84,206,0.0606698
333,316,61,114,229,0.0606698
333,14,32,108,361,0.0606698
333,209,268,78,156,0.0606698
334,11,31,91,354,0.068774
334,423,70,145,290,0.068774
334,551,119,79,203,0.068774
334,25,117,90,182,0.068774
334,211,274,74,146,0.068774
334,286,41,128,255,0.068774
335,454,135,114,227,0.0657888
335,547,103,82,225,0.0657888
335,23,118,90,178,0.0657888
335,12,32,93,368,0.0657888
335,209,276,77,154,0.0657888
335,451,48,86,171,0.0657888
336,8,144,63,250,0.066392
336,557,99,74,221,0.066392
336,435,70,146,290,0.066392
336,12,105,94,190,0.066392
336,282,86,102,202,0.066392
337,423,36,163,327,0.0577876
337,559,70,72,262,0.0577876
337,11,100,90,186,0.0577876
338,455,84,138,275,0.0639181
338,560,68,71,258,0.0639181
338,12,96,92,195,0.0639181
339,474,89,136,271,0.0612272
339,560,71,71,258,0.0612272
339,7,129,58,165,0.0612272
339,199,265,76,151,0.0612272
340,461,44,159,325,0.0654531
340,301,42,116,232,0.0654531
340,11,103,85,186,0.0654531
340,5,128,42,166,0.0654531
340,205,267,70,139,0.0654531
340,57,176,56,112,0.0654531
341,473,59,149,314,0.0672124
341,6,109,47,190,0.0672124
341,11,105,90,190,0.0672124
341,211,269,72,143,0.0672124
342,491,66,132,309,0.0596714
342,318,31,125,250,0.0596714
342,6,108,49,195,0.0596714
342,17,106,95,190,0.0596714
342,222,280,63,127,0.0596714
343,501,73,124,294,0.0710766
343,7,97,55,211,0.0710766
343,34,121,89,178,0.0710766
343,233,283,67,134,0.0710766
343,213,160,55,110,0.0710766
344,507,46,118,336,0.0643016
344,201,135,68,136,0.0643016
344,43,130,85,169,0.0643016
345,535,61,94,324,0.0629742
345,198,126,71,142,0.0629742
345,41,116,91,183,0.0629742
345,8,113,66,175,0.0629742
345,258,265,76,151,0.0629742
345,468,121,62,125,0.0629742
346,545,82,84,307,0.0737111
346,184,87,96,191,0.0737111
346,52,121,93,185,0.0737111
346,428,92,120,239,0.0737111
346,9,134,73,156,0.0737111
347,179,86,100,199,0.065673
347,444,86,115,230,0.065673
347,71,135,86,170,0.065673
347,18,132,86,172,0.065673
347,597,95,38,141,0.065673
348,453,79,118,237,0.0643552
348,548,90,82,282,0.0643552
348,181,80,100,200,0.0643552
348,21,126,88,176,0.0643552
348,76,123,89,177,0.0643552
349,463,76,124,247,0.060867
349,562,110,70,262,0.060867
349,194,141,70,138,0.060867
349,21,118,94,187,0.060867
349,87,121,90,181,0.060867
350,468,75,129,257,0.0687741
350,492,199,85,170,0.0687741
350,30,127,90,180,0.0687741
350,94,118,90,180,0.0687741
350,564,121,67,255,0.0687741
350,194,162,58,115,0.0687741
351,464,61,146,291,0.0612806
351,105,127,86,171,0.0612806
351,190,162,58,115,0.0612806
351,4,111,30,122,0.0612806
352,469,59,152,303,0.063367
352,160,51,111,222,0.063367
352,113,114,91,183,0.063367
352,34,162,69,138,0.063367
352,4,102,31,126,0.063367
353,478,47,144,339,0.0761063
353,126,94,99,198,0.0761063
353,4,140,35,142,0.0761063
353,183,144,64,128,0.0761063
354,7,107,58,233,0.0665073
354,132,104,95,190,0.0665073
354,481,41,142,349,0.0665073
354,87,125,86,171,0.0665073
355,10,55,82,316,0.0661409
355,102,134,83,166,0.0661409
355,143,120,90,180,0.0661409
355,539,228,90,193,0.0661409
356,10,78,81,284,0.0636573
356,132,118,88,176,0.0636573
357,10,27,78,311,0.0658539
357,165,126,82,165,0.0658539
357,108,128,83,166,0.0658539
357,312,265,87,175,0.0658539
358,10,32,82,326,0.0759771
358,113,136,80,161,0.0759771
358,163,115,91,182,0.0759771
359,11,173,91,213,0.0627404
359,170,158,81,162,0.0627404
359,116,162,78,154,0.0627404
359,4,10,31,117,0.0627404
359,316,297,85,158,0.0627404
360,12,171,98,222,0.0680285
360,172,170,80,160,0.0680285
360,122,172,75,150,0.0680285
360,4,11,33,130,0.0680285
360,608,91,29,110,0.0680285
361,168,156,84,167,0.0610109
361,11,179,91,208,0.0610109
361,122,166,78,156,0.0610109
361,501,30,124,339,0.0610109
362,165,148,86,171,0.0694991
362,398,90,99,198,0.0694991
362,312,242,109,205,0.0694991
362,113,138,87,175,0.0694991
362,13,32,101,370,0.0694991
363,168,148,88,175,0.0632458
363,87,179,67,134,0.0632458
363,14,44,111,356,0.0632458
363,606,250,30,115,0.0632458
364,330,260,103,190,0.0639983
364,124,146,90,181,0.0639983
364,175,150,88,175,0.0639983
364,72,172,75,150,0.0639983
364,4,262,30,119,0.0639983
365,142,144,94,188,0.0926766
365,329,261,105,188,0.0926766
366,101,56,137,274,0.0815447
366,171,138,86,171,0.0815447
366,330,261,99,188,0.0815447
366,39,159,79,159,0.0815447
366,4,276,29,117,0.0815447
367,175,123,90,181,0.0764638
367,13,133,101,230,0.0764638
367,565,60,66,242,0.0764638
367,42,154,76,153,0.0764638
367,471,62,118,235,0.0764638
368,16,43,127,339,0.0711533
368,175,129,92,185,0.0711533
369,168,123,98,196,0.0741187
369,16,50,131,350,0.0741187
369,244,195,58,117,0.0741187
370,163,140,90,180,0.0835158
370,213,143,90,179,0.0835158
370,17,47,134,358,0.0835158
371,164,142,88,177,0.0808745
371,16,49,132,334,0.0808745
371,218,146,86,173,0.0808745
372,18,83,142,299,0.0733209
372,177,153,82,164,0.0733209
372,230,145,86,171,0.0733209
372,371,288,87,165,0.0733209
373,19,57,150,330,0.0671405
373,185,152,83,166,0.0671405
373,242,144,88,175,0.0671405
374,196,158,80,161,0.0698264
374,245,140,89,178,0.0698264
374,10,99,76,304,0.0698264
374,20,58,158,338,0.0698264
375,201,152,82,165,0.071507
375,256,141,88,177,0.071507
375,20,58,160,339,0.071507
375,10,81,81,322,0.071507
376,20,59,164,333,0.0715155
376,10,70,82,327,0.0715155
376,208,152,80,160,0.0715155
376,261,159,79,158,0.0715155
377,267,158,79,159,0.0814154
377,27,53,166,332,0.0814154
377,10,68,83,332,0.0814154
377,218,171,67,134,0.0814154
377,442,185,53,106,0.0814154
378,10,67,83,330,0.093793
378,34,72,154,310,0.093793
378,268,153,83,166,0.093793
378,220,159,78,155,0.093793
378,442,185,53,106,0.093793
379,33,75,151,302,0.0835234
379,7,175,53,211,0.0835234
379,272,152,82,165,0.0835234
379,219,154,80,160,0.0835234
379,556,23,74,261,0.0835234
379,444,180,54,110,0.0835234
380,7,156,56,224,0.0647224
380,30,90,150,300,0.0647224
380,218,151,83,167,0.0647224
380,273,151,83,166,0.0647224
380,506,169,75,150,0.0647224
380,443,185,54,107,0.0647224
380,608,188,29,110,0.0647224
381,24,107,146,292,0.0724792
381,8,114,66,267,0.0724792
381,271,140,92,183,0.0724792
381,217,155,86,171,0.0724792
381,503,162,86,172,0.0724792
381,443,186,55,110,0.0724792
382,18,108,145,295,0.104913
382,271,139,93,185,0.104913
382,8,101,62,244,0.104913
382,216,151,87,175,0.104913
382,503,165,84,167,0.104913
382,440,183,54,109,0.104913
382,211,205,58,114,0.104913
383,18,96,146,321,0.0682434
383,272,149,89,178,0.0682434
383,501,158,90,178,0.0682434
383,400,36,130,259,0.0682434
383,218,158,83,167,0.0682434
383,202,191,66,131,0.0682434
383,577,310,56,136,0.0682434
384,18,51,141,359,0.0645311
384,262,126,100,199,0.0645311
384,495,139,100,200,0.0645311
384,224,160,79,159,0.0645311
384,609,332,28,110,0.0645311
384,432,186,53,106,0.0645311
385,197,27,162,311,0.0664047
385,17,46,137,364,0.0664047
385,499,136,99,198,0.0664047
385,431,183,54,107,0.0664047
386,498,127,109,218,0.0776028
386,6,247,47,190,0.0776028
386,16,46,129,343,0.0776028
386,269,139,91,183,0.0776028
386,224,156,80,161,0.0776028
386,422,176,57,114,0.0776028
387,500,123,111,222,0.0728638
387,221,162,75,150,0.0728638
387,16,116,129,283,0.0728638
387,273,156,82,165,0.0728638
387,413,166,62,122,0.0728638
388,216,152,82,164,0.0644384
388,500,123,114,230,0.0644384
388,16,134,125,266,0.0644384
388,270,153,84,168,0.0644384
388,411,172,58,116,0.0644384
389,503,124,117,233,0.0606823
389,212,154,84,168,0.0606823
389,270,171,76,152,0.0606823
389,24,215,86,173,0.0606823
389,401,142,76,152,0.0606823
390,209,159,79,158,0.0619531
390,263,168,78,155,0.0619531
390,501,119,123,247,0.0619531
390,11,196,90,206,0.0619531
390,398,181,54,108,0.0619531
391,498,107,126,258,0.0599907
391,11,82,85,331,0.0599907
391,255,164,80,159,0.0599907
391,205,163,76,152,0.0599907
391,384,137,72,144,0.0599907
391,388,180,55,110,0.0599907
392,10,100,79,314,0.0645091
392,499,101,126,263,0.0645091
392,248,156,82,166,0.0645091
392,378,166,62,124,0.0645091
392,200,169,72,144,0.0645091
393,491,99,133,288,0.0627538
393,8,173,62,250,0.0627538
393,194,161,75,150,0.0627538
393,240,148,91,182,0.0627538
393,371,166,62,126,0.0627538
394,7,181,59,236,0.0618856
394,491,91,132,305,0.0618856
394,199,31,154,307,0.0618856
394,369,140,74,148,0.0618856
395,231,107,108,215,0.0623412
395,483,85,139,330,0.0623412
395,9,56,73,291,0.0623412
395,363,133,74,149,0.0623412
395,189,150,82,165,0.0623412
396,491,83,132,326,0.0637708
396,229,123,101,202,0.0637708
396,8,83,65,259,0.0637708
396,183,154,83,166,0.0637708
396,4,54,28,114,0.0637708
397,204,37,152,304,0.0584101
397,177,137,95,190,0.0584101
397,502,69,122,339,0.0584101
397,353,143,75,150,0.0584101
398,193,92,121,241,0.0668802
399,198,38,151,302,0.0557406
400,194,28,165,321,0.0582494
400,522,70,105,353,0.0582494
400,342,138,78,155,0.0582494
401,337,138,79,159,0.0605639
401,199,31,156,313,0.0605639
401,522,70,105,353,0.0605639
402,588,55,46,170,0.0703164
402,230,148,82,163,0.0703164
402,330,135,78,157,0.0703164
402,187,166,71,142,0.0703164
403,557,67,74,281,0.0643137
403,232,159,80,160,0.0643137
403,332,137,76,151,0.0643137
403,188,171,71,142,0.0643137
404,179,27,155,310,0.0675313
404,331,137,72,144,0.0675313
405,187,36,144,289,0.0681081
405,342,182,52,104,0.0681081
406,186,26,154,297,0.0644768
406,589,115,46,170,0.0644768
407,190,26,150,294,0.0718722
408,234,150,80,161,0.089206
408,185,159,74,146,0.089206
408,337,180,51,102,0.089206
409,181,26,153,298,0.0757888
410,165,27,158,304,0.0713926
410,316,125,72,144,0.0713926
410,606,81,30,113,0.0713926
411,166,26,158,294,0.0649668
411,314,125,72,145,0.0649668
412,152,27,164,307,0.0922019
412,576,84,57,208,0.0922019
413,569,37,63,236,0.076531
413,302,121,77,154,0.076531
413,157,26,153,294,0.076531
414,145,26,162,302,0.0809824
414,298,124,78,157,0.0809824
414,536,97,93,330,0.0809824
415,290,121,77,154,0.071653
415,553,136,78,286,0.071653
415,301,177,54,107,0.071653
415,135,26,155,297,0.071653
416,135,26,155,300,0.0825515
416,536,108,93,320,0.0825515
417,544,38,86,316,0.0675499
417,133,27,162,306,0.0675499
418,126,26,154,294,0.0745273
418,519,166,108,267,0.0745273
418,532,30,96,338,0.0745273
419,127,26,152,296,0.0738575
419,525,195,59,118,0.0738575
419,284,181,54,107,0.0738575
420,119,26,155,299,0.0678189
421,492,115,131,308,0.0630186
421,109,26,159,297,0.0630186
422,479,77,143,338,0.0786454
422,105,26,160,296,0.0786454
423,465,67,156,350,0.0706752
423,106,26,158,297,0.0706752
423,559,23,72,259,0.0706752
424,455,74,165,338,0.076051
424,103,26,158,294,0.076051
425,432,56,174,347,0.0701189
425,86,26,160,299,0.0701189
426,428,69,166,331,0.0640456
426,84,26,159,297,0.0640456
426,234,112,76,152,0.0640456
427,408,60,166,333,0.0888604
427,86,26,160,293,0.0888604
427,231,114,72,144,0.0888604
428,395,63,163,326,0.0826692
428,158,142,74,147,0.0826692
428,591,26,44,163,0.0826692
428,110,157,67,134,0.0826692
428,38,314,78,143,0.0826692
428,223,114,72,144,0.0826692
429,384,52,158,318,0.0811538
429,157,147,69,138,0.0811538
429,108,156,66,134,0.0811538
429,4,196,36,144,0.0811538
430,151,147,70,139,0.0775224
430,102,153,66,134,0.0775224
430,45,307,78,149,0.0775224
430,357,35,179,358,0.0775224
431,362,41,159,318,0.0673015
431,149,149,68,136,0.0673015
431,100,151,67,134,0.0673015
432,338,38,162,323,0.0818163
432,99,152,66,133,0.0818163
432,149,151,66,133,0.0818163
433,331,195,86,172,0.0865146
433,96,153,65,130,0.0865146
433,148,150,66,133,0.0865146
434,311,156,110,220,0.0759161
434,554,109,77,295,0.0759161
434,141,149,68,136,0.0759161
434,91,154,64,128,0.0759161
435,550,104,80,294,0.0839442
435,88,154,63,126,0.0839442
435,140,147,67,134,0.0839442
435,480,198,80,162,0.0839442
436,542,88,87,312,0.0666017
436,134,138,68,136,0.0666017
436,82,147,66,133,0.0666017
437,132,135,71,142,0.0679715
437,526,51,102,356,0.0679715
437,81,147,65,130,0.0679715
438,76,144,65,130,0.0678981
438,131,139,69,137,0.0678981
438,6,55,46,182,0.0678981
438,528,58,99,355,0.0678981
439,11,261,90,188,0.0658203
439,74,142,67,134,0.0658203
439,128,141,66,133,0.0658203
439,367,161,80,160,0.0658203
439,591,54,43,115,0.0658203
439,342,100,54,110,0.0658203
440,494,54,130,334,0.0880519
440,371,170,73,146,0.0880519
440,206,11,58,114,0.0880519
441,505,117,120,272,0.0714258
441,248,52,170,339,0.0714258
441,364,171,75,150,0.0714258
442,243,59,164,327,0.063886
442,496,58,128,351,0.063886
443,231,56,162,323,0.0610245
443,483,86,139,306,0.0610245
444,229,70,158,314,0.0660547
444,471,105,142,285,0.0660547
444,129,136,70,141,0.0660547
444,4,229,30,122,0.0660547
445,227,55,165,330,0.0689003
445,481,67,142,331,0.0689003
445,343,161,78,155,0.0689003
445,80,143,70,139,0.0689003
445,134,154,60,119,0.0689003
446,226,51,166,332,0.0636892
446,135,152,64,127,0.0636892
446,491,50,132,364,0.0636892
446,87,156,59,118,0.0636892
447,223,48,168,336,0.0716109
447,454,69,166,331,0.0716109
447,135,153,63,126,0.0716109
447,85,146,66,133,0.0716109
448,217,50,168,336,0.0666033
448,477,63,145,336,0.0666033
448,135,151,63,126,0.0666033
448,85,143,69,138,0.0666033
449,221,54,167,334,0.0718739
449,447,67,171,342,0.0718739
449,94,152,63,127,0.0718739
449,139,153,62,124,0.0718739
450,221,61,165,329,0.0670476
450,486,69,137,316,0.0670476
450,148,149,63,126,0.0670476
450,104,151,65,129,0.0670476
451,62,260,99,190,0.0591008
451,152,151,65,129,0.0591008
451,112,157,62,123,0.0591008
451,476,73,146,322,0.0591008
451,219,63,162,324,0.0591008
452,222,69,158,318,0.0649251
452,464,69,157,343,0.0649251
452,351,145,88,177,0.0649251
452,65,233,113,213,0.0649251
452,161,151,63,126,0.0649251
452,121,158,62,122,0.0649251
453,230,88,146,291,0.0565181
453,169,149,64,127,0.0565181
453,367,165,78,155,0.0565181
453,88,248,99,198,0.0565181
453,129,146,64,127,0.0565181
453,467,69,154,338,0.0565181
454,230,68,161,321,0.0634629
454,95,234,109,212,0.0634629
454,479,69,143,342,0.0634629
454,139,156,61,121,0.0634629
454,5,289,38,153,0.0634629
455,234,81,155,310,0.0726192
455,472,69,150,322,0.0726192
455,356,114,109,217,0.0726192
455,550,67,80,310,0.0726192
455,107,243,102,203,0.0726192
455,186,147,66,131,0.0726192
455,148,151,62,124,0.0726192
456,112,238,107,208,0.0618564
456,473,87,149,307,0.0618564
456,192,150,64,128,0.0618564
456,156,155,60,120,0.0618564
456,238,82,155,310,0.0618564
456,394,183,75,150,0.0618564
456,553,72,78,300,0.0618564
457,245,87,158,315,0.0591218
457,374,141,94,189,0.0591218
457,519,74,108,325,0.0591218
457,164,157,62,122,0.0591218
458,251,81,158,316,0.0670622
458,482,67,141,343,0.0670622
458,380,138,94,187,0.0670622
458,8,296,62,158,0.0670622
459,252,74,166,331,0.0595051
459,389,170,81,161,0.0595051
459,494,241,79,159,0.0595051
459,579,299,54,128,0.0595051
460,252,70,166,334,0.0757882
460,388,150,91,182,0.0757882
460,609,68,27,107,0.0757882
460,609,155,28,110,0.0757882
460,3,110,26,107,0.0757882
461,258,55,170,341,0.0669056
461,11,122,86,308,0.0669056
461,465,60,156,361,0.0669056
461,394,155,89,178,0.0669056
462,260,59,169,338,0.0560092
462,395,165,83,166,0.0560092
462,468,62,153,347,0.0560092
463,393,156,91,182,0.0588246
463,261,54,168,337,0.0588246
463,460,70,160,353,0.0588246
464,255,59,172,343,0.0587055
464,458,71,162,352,0.0587055
464,393,154,88,176,0.0587055
465,254,60,168,336,0.0576155
465,450,72,169,351,0.0576155
465,390,150,91,182,0.0576155
465,225,155,63,126,0.0576155
466,252,54,170,340,0.0685032
466,557,122,74,273,0.0685032
466,392,151,92,184,0.0685032
466,226,155,62,124,0.0685032
466,35,215,66,132,0.0685032
467,251,51,172,344,0.0572041
467,565,147,66,245,0.0572041
467,390,147,95,190,0.0572041
467,231,162,59,118,0.0572041
467,35,213,66,131,0.0572041
468,561,134,70,262,0.0757511
468,241,32,182,364,0.0757511
469,484,235,84,169,0.0601578
469,241,32,182,364,0.0601578
470,240,46,176,350,0.0660345
470,489,236,82,163,0.0660345
471,241,43,174,348,0.0734073
471,420,60,182,362,0.0734073
472,402,158,115,229,0.0678695
472,241,43,174,348,0.0678695
473,240,47,173,346,0.064393
473,536,49,93,335,0.064393
473,419,167,114,227,0.064393
473,407,173,76,152,0.064393
474,239,60,171,342,0.0676384
474,526,49,102,353,0.0676384
474,425,191,104,208,0.0676384
474,130,109,77,154,0.0676384
474,4,296,36,146,0.0676384
475,242,59,175,350,0.0661882
475,6,269,51,182,0.0661882
475,404,159,85,169,0.0661882
475,436,218,90,181,0.0661882
475,157,66,57,113,0.0661882
475,517,150,58,116,0.0661882
475,59,182,74,150,0.0661882
476,53,160,91,182,0.0613354
476,246,64,174,348,0.0613354
476,409,173,77,154,0.0613354
476,164,64,59,117,0.0613354
476,151,102,80,162,0.0613354
477,512,66,114,305,0.0659567
477,444,221,84,168,0.0659567
477,410,173,77,153,0.0659567
478,510,59,115,319,0.0601437
478,407,171,79,158,0.0601437
478,444,227,75,150,0.0601437
478,4,284,34,135,0.0601437
479,246,45,172,345,0.0755206
479,501,51,123,347,0.0755206
479,401,173,80,162,0.0755206
479,4,258,30,122,0.0755206
480,504,64,121,328,0.0652457
480,404,72,168,336,0.0652457
480,246,42,175,350,0.0652457
480,5,225,42,167,0.0652457
480,152,76,67,134,0.0652457
481,247,38,166,332,0.0692027
481,498,62,126,316,0.0692027
481,52,193,82,166,0.0692027
481,403,69,170,339,0.0692027
481,5,197,42,164,0.0692027
482,44,191,82,163,0.0890874
482,376,156,114,226,0.0890874
482,4,39,32,128,0.0890874
482,491,64,132,302,0.0890874
482,243,32,163,326,0.0890874
482,401,66,174,347,0.0890874
483,244,39,146,290,0.0800195
483,486,73,137,306,0.0800195
483,362,162,114,227,0.0800195
484,476,73,146,305,0.0717821
484,366,182,108,216,0.0717821
484,5,240,39,157,0.0717821
484,217,40,179,359,0.0717821
485,466,68,154,322,0.0656855
485,374,196,101,202,0.0656855
485,218,39,162,325,0.0656855
485,5,249,42,167,0.0656855
486,466,63,154,325,0.0636912
486,5,249,40,160,0.0636912
486,206,31,176,352,0.0636912
486,357,68,179,354,0.0636912
486,3,166,26,107,0.0636912
487,217,50,157,314,0.0822627
487,456,73,163,329,0.0822627
487,109,118,94,187,0.0822627
487,348,82,172,342,0.0822627
487,5,251,38,155,0.0822627
488,457,75,159,318,0.072249
488,5,250,38,148,0.072249
488,346,75,174,347,0.072249
489,446,77,150,299,0.0717992
489,7,175,54,213,0.0717992
489,340,72,178,351,0.0717992
489,129,63,70,140,0.0717992
490,346,84,174,341,0.0692433
490,434,72,161,321,0.0692433
490,5,102,39,155,0.0692433
491,434,72,161,321,0.0729528
491,371,243,78,157,0.0729528
492,427,76,172,345,0.0774296
493,363,241,73,146,0.0696452
494,113,63,74,150,0.0847493
494,346,75,174,347,0.0847493
495,431,79,166,334,0.0914298
495,346,75,174,347,0.0914298
496,414,78,167,334,0.0717672
496,337,190,80,160,0.0717672
497,434,86,157,314,0.0750276
497,337,187,79,159,0.0750276
498,430,71,164,328,0.0749465
499,428,64,168,335,0.0629199
499,334,185,78,157,0.0629199
500,430,67,167,335,0.0692221
500,346,75,174,347,0.0692221
501,437,78,164,328,0.0804134
501,79,96,114,227,0.0804134
502,436,73,166,332,0.0596954
503,439,65,162,324,0.0740798
503,405,236,90,181,0.0740798
503,349,193,76,152,0.0740798
503,606,153,30,114,0.0740798
504,426,58,175,350,0.0710147
504,348,180,82,163,0.0710147
505,444,74,166,331,0.0615947
505,347,177,85,170,0.0615947
506,436,56,174,347,0.0545103
506,9,134,73,293,0.0545103
506,337,171,88,177,0.0545103
507,337,174,87,174,0.0764861
507,404,240,72,144,0.0764861
507,442,79,166,331,0.0764861
508,452,77,167,334,0.0658452
508,335,163,93,186,0.0658452
508,398,230,92,184,0.0658452
508,170,36,82,165,0.0658452
509,451,72,168,338,0.0681367
510,455,77,163,326,0.0711058
510,404,230,92,183,0.0711058
511,458,63,162,325,0.0857062
512,455,60,165,339,0.0740635
512,12,115,97,193,0.0740635
513,457,64,162,331,0.072913
513,14,112,108,246,0.072913
514,453,54,166,358,0.0676796
514,14,105,108,246,0.0676796
515,457,67,162,343,0.065062
515,12,105,93,236,0.065062
516,460,69,160,320,0.0709626
516,333,89,57,113,0.0709626
517,79,61,162,326,0.0670446
517,469,79,148,295,0.0670446
519,22,201,58,115,0.0742135
520,19,198,58,117,0.0652197
522,168,226,70,141,0.0683658
523,349,217,85,170,0.0665255
523,179,32,186,371,0.0665255
524,353,177,101,202,0.0664292
524,181,32,185,362,0.0664292
525,185,36,182,365,0.07263
526,114,43,154,308,0.0754265
526,192,39,185,369,0.0754265
527,113,42,157,314,0.0681572
527,206,35,178,356,0.0681572
528,214,31,181,352,0.0703084
528,127,72,149,297,0.0703084
528,114,154,76,151,0.0703084
529,113,172,71,143,0.0679204
530,107,188,66,133,0.0740207
530,5,197,37,148,0.0740207
530,607,64,30,112,0.0740207
530,348,91,171,334,0.0740207
530,203,33,191,382,0.0740207
531,96,177,74,146,0.0719775
531,356,97,166,330,0.0719775
531,203,33,191,382,0.0719775
532,80,160,86,172,0.0668804
533,346,87,148,296,0.0679892
533,69,160,86,170,0.0679892
534,36,120,108,215,0.0654593
535,311,75,174,347,0.0675316
535,20,121,106,213,0.0675316
535,111,135,80,160,0.0675316
536,13,128,102,208,0.0763336
536,111,139,78,158,0.0763336
537,13,103,103,234,0.0646343
537,106,137,79,158,0.0646343
538,103,142,76,152,0.082792
538,17,217,61,122,0.082792
539,99,121,86,172,0.0716892
539,429,228,86,170,0.0716892
539,179,97,70,141,0.0716892
539,12,102,93,247,0.0716892
539,376,292,64,128,0.0716892
540,407,63,162,325,0.0662873
540,12,98,93,263,0.0662873
540,101,115,92,184,0.0662873
540,328,230,94,187,0.0662873
540,176,210,79,158,0.0662873
540,182,103,66,131,0.0662873
541,12,47,93,338,0.0733344
541,104,136,84,168,0.0733344
542,105,127,89,178,0.0646228
542,554,146,77,287,0.0646228
542,11,46,86,342,0.0646228
542,425,68,175,350,0.0646228
543,420,60,182,362,0.0653585
543,104,125,93,186,0.0653585
543,6,227,52,150,0.0653585
544,9,107,70,278,0.0643973
544,100,118,95,190,0.0643973
544,427,66,171,342,0.0643973
545,9,102,71,286,0.0679911
545,95,134,89,178,0.0679911
545,423,59,178,356,0.0679911
545,363,264,69,138,0.0679911
546,8,137,66,262,0.0708617
546,94,123,95,190,0.0708617
546,441,60,177,362,0.0708617
546,179,142,80,160,0.0708617
547,8,142,66,263,0.0740211
547,96,123,94,187,0.0740211
547,181,142,80,160,0.0740211
547,447,50,171,364,0.0740211
548,101,140,88,176,0.0714305
548,182,137,85,170,0.0714305
549,101,143,86,171,0.0664933
549,181,133,89,178,0.0664933
549,487,183,130,255,0.0664933
550,89,126,90,182,0.0656236
550,178,112,96,192,0.0656236
550,261,98,74,146,0.0656236
550,404,234,86,173,0.0656236
551,82,119,96,191,0.106165
551,174,104,101,201,0.106165
551,403,237,78,157,0.106165
551,251,91,82,165,0.106165
551,609,189,28,110,0.106165
551,572,221,58,114,0.106165
552,71,114,103,206,0.0844279
552,168,104,105,210,0.0844279
552,244,120,77,154,0.0844279
552,443,205,54,107,0.0844279
552,581,226,53,118,0.0844279
553,463,102,136,272,0.0776884
553,164,95,111,221,0.0776884
553,50,83,123,246,0.0776884
553,444,209,54,110,0.0776884
553,236,90,88,177,0.0776884
554,34,86,123,246,0.0707368
554,162,102,112,223,0.0707368
554,231,93,85,170,0.0707368
554,443,212,58,114,0.0707368
555,154,98,114,228,0.0785418
555,388,163,103,206,0.0785418
555,33,105,113,225,0.0785418
555,452,212,55,110,0.0785418
556,19,85,130,260,0.0706473
556,150,100,114,228,0.0706473
556,405,190,93,185,0.0706473
556,561,203,70,238,0.0706473
557,16,65,128,291,0.0732896
557,139,107,119,238,0.0732896
557,532,263,54,110,0.0732896
557,248,166,54,107,0.0732896
558,135,109,118,234,0.0698427
558,442,98,57,113,0.0698427
558,10,179,79,171,0.0698427
558,489,113,134,268,0.0698427
559,132,86,126,251,0.127299
559,13,112,104,236,0.127299
560,13,95,104,261,0.0763745
560,128,90,126,252,0.0763745
560,509,105,117,246,0.0763745
560,453,311,62,125,0.0763745
561,107,89,132,264,0.0844396
561,10,32,84,336,0.0844396
561,481,63,62,125,0.0844396
562,97,79,131,262,0.0685522
562,9,50,74,298,0.0685522
563,73,68,150,301,0.0634036
563,5,87,42,167,0.0634036
564,71,76,140,280,0.0689078
564,5,82,42,168,0.0689078
564,3,303,26,107,0.0689078
565,401,175,92,184,0.060602
565,84,187,93,186,0.060602
565,6,79,46,186,0.060602
566,6,90,45,180,0.0687868
566,408,177,95,190,0.0687868
566,231,122,58,117,0.0687868
567,415,177,100,199,0.0681385
567,6,92,44,175,0.0681385
568,417,170,110,220,0.0622421
568,527,165,94,188,0.0622421
569,212,134,70,139,0.064488
569,413,193,86,173,0.064488
569,610,9,26,100,0.064488
570,609,9,28,98,0.0636379
571,609,9,28,102,0.0677469
571,5,14,42,157,0.0677469
572,543,249,74,146,0.0690655
572,590,259,45,110,0.0690655
574,454,132,166,299,0.0682656
577,567,178,65,151,0.0636892
579,565,272,66,138,0.0653797
579,212,144,66,131,0.0653797
580,206,148,66,133,0.071131
581,419,163,79,159,0.067977
581,202,153,68,135,0.067977
582,6,164,47,186,0.0602819
582,195,146,74,149,0.0602819
583,11,29,89,336,0.0648257
583,455,62,164,339,0.0648257
583,193,147,78,158,0.0648257
584,6,245,49,198,0.0588373
584,185,140,84,167,0.0588373
584,11,28,87,326,0.0588373
584,438,242,68,136,0.0588373
585,179,138,83,166,0.0584109
585,254,94,81,162,0.0584109
586,179,135,86,174,0.0658491
586,270,100,71,142,0.0658491
586,499,108,126,276,0.0658491
587,169,135,87,174,0.0614343
588,7,19,58,222,0.0611972
588,164,146,86,170,0.0611972
589,141,155,80,159,0.0727864
590,127,155,81,162,0.0617149
591,105,137,94,187,0.0607499
591,5,93,37,148,0.0607499
591,5,170,40,162,0.0607499
592,86,137,99,198,0.0583785
592,4,217,35,140,0.0583785
593,65,126,104,207,0.0663058
594,48,128,106,210,0.0784989
594,357,210,83,167,0.0784989
595,59,218,62,122,0.0602245
595,350,210,86,171,0.0602245
596,164,158,71,143,0.0735498
596,347,212,86,170,0.0735498
596,15,116,117,233,0.0735498
597,49,145,74,148,0.0742312
597,159,166,69,137,0.0742312
597,33,217,66,133,0.0742312
597,323,285,69,138,0.0742312
597,378,285,60,120,0.0742312
597,354,117,124,247,0.0742312
597,344,219,83,167,0.0742312
598,152,169,71,142,0.0735568
598,312,285,81,162,0.0735568
598,12,124,95,235,0.0735568
598,608,232,29,110,0.0735568
599,148,177,66,134,0.0623861
599,12,145,92,220,0.0623861
599,599,214,37,136,0.0623861
599,316,300,58,117,0.0623861
600,582,172,51,187,0.0578838
600,135,149,83,166,0.0578838
600,9,107,70,276,0.0578838
601,559,20,72,226,0.0610682
601,581,174,53,192,0.0610682
601,145,199,60,120,0.0610682
602,8,145,63,252,0.0613197
602,133,131,86,173,0.0613197
602,145,202,58,117,0.0613197
602,352,206,85,169,0.0613197
603,11,113,87,316,0.0686191
603,358,219,76,152,0.0686191
603,608,106,29,109,0.0686191
603,128,141,87,174,0.0686191
604,11,117,85,312,0.0693971
604,591,88,44,160,0.0693971
604,125,145,83,166,0.0693971
605,116,170,81,162,0.0591595
605,352,196,90,180,0.0591595
605,591,84,43,161,0.0591595
605,186,116,76,152,0.0591595
606,117,182,73,146,0.0561751
606,554,63,77,295,0.0561751
607,605,86,31,114,0.0630609
608,603,232,33,125,0.056407
610,4,205,30,123,0.0618724
610,10,279,76,173,0.0618724
610,382,143,85,170,0.0618724
611,10,261,76,189,0.0667066
611,5,196,38,150,0.0667066
611,3,124,26,107,0.0667066
612,8,183,65,255,0.0735415
612,386,121,96,192,0.0735415
612,74,205,75,152,0.0735415
612,8,271,66,178,0.0735415
612,145,173,61,121,0.0735415
613,151,91,143,286,0.0726797
613,7,191,58,232,0.0726797
613,392,134,87,174,0.0726797
613,136,167,59,118,0.0726797
614,156,86,136,271,0.0814473
614,7,196,57,225,0.0814473
614,60,220,72,144,0.0814473
614,129,166,62,126,0.0814473
614,381,71,122,242,0.0814473
615,161,90,133,266,0.0647623
615,7,191,58,232,0.0647623
615,126,167,63,126,0.0647623
616,157,88,143,286,0.0715321
616,10,146,79,287,0.0715321
616,316,247,56,111,0.0715321
617,155,82,146,292,0.0712981
617,113,134,79,159,0.0712981
618,146,75,148,296,0.0691781
618,106,137,77,154,0.0691781
619,93,133,78,157,0.0662889
620,130,79,144,289,0.0566847
620,12,119,93,310,0.0566847
620,226,80,126,254,0.0566847
620,84,137,80,161,0.0566847
621,79,146,84,169,0.0572992
621,4,353,34,110,0.0572992
621,143,91,135,270,0.0572992
621,224,94,131,262,0.0572992
622,145,91,144,288,0.0719951
622,224,89,140,280,0.0719951
622,80,143,86,172,0.0719951
623,229,114,129,257,0.0666408
623,144,99,143,286,0.0666408
623,4,354,34,109,0.0666408
623,4,302,30,116,0.0666408
624,224,109,132,264,0.068827
624,139,112,136,272,0.068827
624,49,304,62,122,0.068827
625,147,97,142,284,0.0680613
625,225,109,130,259,0.0680613
626,144,91,149,297,0.0699936
626,225,97,132,264,0.0699936
626,59,251,85,170,0.0699936
627,226,92,126,252,0.0667698
627,143,82,148,296,0.0667698
628,180,82,142,285,0.0706303
628,57,273,71,142,0.0706303
629,198,95,138,275,0.0624155
629,61,256,91,182,0.0624155
630,176,101,134,268,0.0599798
630,246,109,127,254,0.0599798
630,75,129,155,302,0.0599798
631,256,110,122,245,0.0553914
631,187,105,133,265,0.0553914
632,260,104,130,262,0.0653468
632,190,108,131,262,0.0653468
632,4,12,31,122,0.0653468
632,5,200,39,159,0.0653468
633,9,73,71,285,0.0571232
633,273,118,114,228,0.0571232
633,192,105,133,266,0.0571232
633,124,99,98,194,0.0571232
633,79,293,66,131,0.0571232
633,150,204,53,106,0.0571232
634,190,91,142,286,0.0660731
634,273,105,129,258,0.0660731
634,10,53,81,322,0.0660731
635,207,102,136,272,0.0559298
635,288,118,114,228,0.0559298
635,561,63,70,259,0.0559298
635,4,309,31,125,0.0559298
636,287,116,118,237,0.061302
636,469,328,54,107,0.061302
637,278,96,129,258,0.0567181
638,289,114,115,230,0.0576202
638,215,254,70,140,0.0576202
639,285,107,119,238,0.0629404
639,214,251,70,139,0.0629404
639,599,238,36,129,0.0629404
640,186,85,150,301,0.0572498
640,275,102,118,237,0.0572498
641,271,116,115,229,0.0653934
641,192,104,132,264,0.0653934
642,271,117,117,234,0.0776403
642,6,217,46,184,0.0776403
643,172,99,149,298,0.0675434
643,273,118,112,223,0.0675434
643,6,229,45,179,0.0675434
643,64,71,75,150,0.0675434
644,266,115,118,235,0.0646467
644,11,30,90,344,0.0646467
644,176,252,86,173,0.0646467
645,261,118,110,221,0.0635612
645,178,249,83,167,0.0635612
646,260,124,109,217,0.0641699
646,166,116,131,262,0.0641699
646,608,230,29,107,0.0641699
647,255,128,114,227,0.0562465
648,167,109,122,243,0.0653461
648,254,133,113,226,0.0653461
649,251,131,110,220,0.0623221
649,182,237,65,129,0.0623221
650,247,130,109,217,0.0622016
650,166,285,55,110,0.0622016
651,170,113,118,237,0.0574078
651,236,113,111,222,0.0574078
652,235,125,106,213,0.0819137
652,165,115,121,241,0.0819137
653,234,125,118,236,0.0672967
653,189,217,72,143,0.0672967
654,191,220,66,133,0.0619528
654,165,246,57,113,0.0619528
654,231,124,115,230,0.0619528
655,568,256,64,134,0.0575837
655,234,128,110,221,0.0575837
655,168,125,120,239,0.0575837
656,237,118,115,229,0.0625714
656,168,248,62,122,0.0625714
656,570,254,62,147,0.0625714
657,249,125,104,208,0.063326
657,581,249,52,147,0.063326
657,173,260,56,112,0.063326
657,609,297,28,106,0.063326
658,249,115,106,212,0.0613628
658,177,254,58,117,0.0613628
659,258,118,109,216,0.0600836
659,181,236,73,146,0.0600836
660,248,126,107,214,0.0696893
660,174,121,121,241,0.0696893
661,251,131,105,210,0.0659815
661,177,124,119,238,0.0659815
661,534,343,59,118,0.0659815
662,23,120,104,208,0.058532
662,177,126,115,230,0.058532
662,250,130,102,204,0.058532
662,577,163,56,202,0.058532
663,14,107,109,230,0.0592735
663,251,130,102,202,0.0592735
663,179,126,114,229,0.0592735
663,159,51,69,138,0.0592735
663,609,234,28,110,0.0592735
664,14,101,108,241,0.0611334
664,252,129,99,198,0.0611334
664,184,129,110,218,0.0611334
665,13,79,105,270,0.0591069
665,258,130,97,194,0.0591069
666,256,127,100,200,0.0628853
666,12,90,98,259,0.0628853
667,257,119,107,214,0.0677083
667,197,128,102,203,0.0677083
668,265,127,101,201,0.0855737
668,201,132,106,210,0.0855737
668,5,248,42,110,0.0855737
669,204,123,104,208,0.0609767
669,265,122,102,203,0.0609767
669,358,167,76,151,0.0609767
669,70,225,58,117,0.0609767
669,213,230,60,119,0.0609767
669,608,255,29,107,0.0609767
670,9,83,74,294,0.0609464
670,266,113,99,198,0.0609464
670,207,123,107,214,0.0609464
670,581,287,53,166,0.0609464
670,519,324,59,118,0.0609464
671,9,83,73,293,0.0598276
671,270,128,97,193,0.0598276
671,211,130,103,206,0.0598276
671,519,324,70,134,0.0598276
671,609,350,27,107,0.0598276
672,386,151,118,235,0.0710574
672,271,142,94,188,0.0710574
672,210,141,106,210,0.0710574
672,209,260,58,114,0.0710574
673,223,133,97,193,0.0625066
673,275,132,97,194,0.0625066
673,208,249,59,118,0.0625066
673,4,70,28,110,0.0625066
674,270,126,93,185,0.0606377
674,220,125,99,198,0.0606377
674,5,32,37,150,0.0606377
674,208,244,62,125,0.0606377
674,364,163,79,159,0.0606377
674,136,229,59,118,0.0606377
675,267,133,94,186,0.0656633
675,208,237,66,132,0.0656633
675,4,299,30,121,0.0656633
676,258,141,90,179,0.0562191
676,194,124,123,246,0.0562191
677,10,102,82,325,0.0580575
677,242,131,98,196,0.0580575
678,361,98,141,281,0.0571863
678,227,126,105,209,0.0571863
678,4,255,34,139,0.0571863
679,233,134,99,198,0.0618981
679,358,100,145,290,0.0618981
679,594,309,41,147,0.0618981
680,352,106,142,286,0.0652674
680,238,146,98,196,0.0652674
681,356,115,135,270,0.0613235
681,192,136,115,229,0.0613235
681,49,125,101,202,0.0613235
681,253,138,95,190,0.0613235
681,592,318,42,139,0.0613235
682,356,126,134,267,0.0604807
682,39,116,107,214,0.0604807
682,251,129,99,198,0.0604807
682,608,328,29,111,0.0604807
683,353,114,140,280,0.0569182
683,189,135,114,226,0.0569182
683,34,120,108,216,0.0569182
683,254,134,94,187,0.0569182
684,253,133,94,187,0.0659376
684,195,134,98,197,0.0659376
684,192,233,58,117,0.0659376
685,252,130,96,192,0.0661874
685,194,134,101,201,0.0661874
685,84,189,62,125,0.0661874
685,194,236,58,117,0.0661874
686,230,131,97,194,0.0823923
686,351,141,117,234,0.0823923
686,21,201,79,158,0.0823923
686,71,183,66,131,0.0823923
687,342,87,154,307,0.0620208
687,253,130,90,179,0.0620208
687,194,132,99,198,0.0620208
687,69,191,63,126,0.0620208
688,238,118,99,198,0.0596311
688,192,131,101,201,0.0596311
688,6,83,46,184,0.0596311
689,239,122,94,188,0.0600344
689,192,128,102,203,0.0600344
689,171,76,66,132,0.0600344
689,185,248,62,124,0.0600344
689,124,235,54,109,0.0600344
690,334,85,146,290,0.0599899
690,239,122,94,188,0.0599899
690,11,39,90,358,0.0599899
690,168,75,63,126,0.0599899
690,123,233,58,116,0.0599899
690,192,243,63,126,0.0599899
691,10,52,81,322,0.0686745
691,339,114,132,264,0.0686745
691,240,129,91,183,0.0686745
691,182,131,109,217,0.0686745
691,164,72,59,118,0.0686745
692,11,44,85,338,0.0681103
692,335,105,141,282,0.0681103
692,230,128,98,196,0.0681103
692,34,128,96,192,0.0681103
692,164,72,59,118,0.0681103
693,330,83,149,297,0.0634057
693,228,117,105,209,0.0634057
693,29,115,107,214,0.0634057
694,326,85,146,290,0.0715452
694,234,111,103,206,0.0715452
694,174,68,61,122,0.0715452
694,83,143,74,146,0.0715452
694,22,121,102,204,0.0715452
694,300,116,82,164,0.0715452
695,235,110,102,204,0.0731765
695,84,143,72,143,0.0731765
696,320,85,147,294,0.0613803
696,237,116,97,194,0.0613803
696,83,143,78,156,0.0613803
696,199,86,61,121,0.0613803
697,320,83,143,286,0.0633974
697,243,126,91,182,0.0633974
698,239,120,95,190,0.0570862
698,84,138,101,201,0.0570862
698,316,83,141,282,0.0570862
698,10,79,78,273,0.0570862
699,309,83,155,310,0.0654931
699,10,93,79,274,0.0654931
699,245,132,94,189,0.0654931
699,76,136,107,214,0.0654931
699,232,240,56,113,0.0654931
700,318,121,132,263,0.0698904
700,63,130,118,237,0.0698904
700,4,88,35,140,0.0698904
700,236,251,57,114,0.0698904
701,311,108,135,270,0.0623073
701,8,114,64,255,0.0623073
701,51,127,119,238,0.0623073
702,32,123,125,250,0.0551483
702,302,103,134,269,0.0551483
702,574,263,58,186,0.0551483
703,23,123,131,263,0.0804067
703,299,88,150,300,0.0804067
704,16,114,131,287,0.061769
704,238,250,59,118,0.061769
705,293,104,139,278,0.0639564
706,280,83,146,293,0.06131
706,476,319,66,131,0.06131
707,18,84,142,286,0.0621151
707,277,94,143,286,0.0621151
707,397,86,78,155,0.0621151
707,156,231,57,114,0.0621151
708,16,96,130,268,0.0639311
708,11,98,86,329,0.0639311
709,16,64,129,321,0.066786
709,349,89,97,194,0.066786
709,586,89,48,176,0.066786
709,108,88,174,337,0.066786
710,14,89,114,277,0.0653428
710,146,320,74,138,0.0653428
710,115,89,166,330,0.0653428
711,567,40,65,133,0.0750428
712,11,32,91,364,0.0633342
712,580,50,54,120,0.0633342
713,9,61,73,290,0.066153
713,252,80,150,300,0.066153
713,3,303,26,107,0.066153
714,6,95,46,184,0.0595384
714,253,95,145,290,0.0595384
714,594,26,41,156,0.0595384
715,9,184,72,149,0.0622723
715,220,227,54,107,0.0622723
716,15,72,118,262,0.0567418
716,221,225,54,106,0.0567418
717,15,57,121,302,0.0612153
717,608,256,29,111,0.0612153
718,16,61,127,310,0.0581629
718,203,51,54,107,0.0581629
719,16,54,131,323,0.0590773
719,234,240,55,110,0.0590773
720,16,54,130,324,0.0567527
720,555,23,76,266,0.0567527
720,236,241,54,107,0.0567527
721,16,48,130,338,0.0613468
722,16,43,130,337,0.0711519
722,116,95,174,331,0.0711519
723,290,85,158,314,0.0597355
723,114,69,182,354,0.0597355
723,17,32,137,364,0.0597355
723,227,144,90,180,0.0597355
724,17,30,138,347,0.071511
724,115,65,182,357,0.071511
724,228,140,88,177,0.071511
724,601,244,34,131,0.071511
725,232,138,87,174,0.0568652
725,6,248,50,112,0.0568652
725,609,254,28,110,0.0568652
726,582,268,51,182,0.0601847
726,249,151,74,149,0.0601847
726,155,315,72,142,0.0601847
726,6,279,48,133,0.0601847
727,10,190,82,220,0.0625516
727,6,241,50,198,0.0625516
727,246,145,81,162,0.0625516
727,153,308,75,148,0.0625516
728,11,75,89,348,0.0601642
728,589,103,46,172,0.0601642
728,156,344,58,116,0.0601642
729,11,72,91,351,0.0636992
729,147,279,76,152,0.0636992
729,295,171,70,140,0.0636992
729,609,169,28,110,0.0636992
730,124,78,168,336,0.0739012
730,295,114,144,287,0.0739012
730,5,28,41,164,0.0739012
730,4,334,30,122,0.0739012
730,5,243,37,148,0.0739012
731,124,87,169,338,0.0767884
731,296,113,146,290,0.0767884
731,288,151,85,170,0.0767884
732,115,75,179,348,0.0714101
732,298,126,143,286,0.0714101
733,563,21,69,242,0.0681998
733,298,134,137,273,0.0681998
734,125,216,54,107,0.067854
734,556,23,74,267,0.067854
735,4,25,29,113,0.0637164
735,120,208,57,113,0.0637164
735,240,249,56,111,0.0637164
736,298,121,137,274,0.0602151
736,119,117,162,312,0.0602151
736,246,158,78,157,0.0602151
736,102,154,86,172,0.0602151
736,44,175,53,106,0.0602151
737,6,125,50,198,0.06435
737,91,135,94,188,0.06435
737,248,161,69,138,0.06435
738,104,67,177,352,0.061268
738,290,114,147,294,0.061268
738,571,63,62,227,0.061268
738,83,120,102,205,0.061268
738,5,154,38,152,0.061268
738,248,161,69,138,0.061268
738,274,228,57,114,0.061268
739,289,117,143,286,0.0649676
739,105,97,166,330,0.0649676
739,572,69,61,221,0.0649676
739,74,124,103,206,0.0649676
739,4,194,29,115,0.0649676
740,62,111,114,229,0.0616903
740,102,65,174,348,0.0616903
740,245,157,74,148,0.0616903
740,4,198,28,110,0.0616903
741,52,101,121,242,0.0600831
741,103,65,176,352,0.0600831
741,247,155,74,146,0.0600831
742,39,91,128,255,0.0554004
742,328,217,92,184,0.0554004
742,250,155,70,141,0.0554004
742,133,308,66,131,0.0554004
743,30,85,134,268,0.0706961
743,296,141,130,260,0.0706961
743,244,152,82,162,0.0706961
744,245,153,81,162,0.0606787
744,294,129,134,269,0.0606787
744,17,72,139,286,0.0606787
744,114,90,159,318,0.0606787
745,17,65,137,302,0.0628082
745,114,71,170,338,0.0628082
745,459,323,69,135,0.0628082
746,113,61,174,347,0.0711686
746,8,214,66,151,0.0711686
747,106,129,91,182,0.0653435
747,7,212,59,159,0.0653435
747,120,77,167,334,0.0653435
747,563,153,69,250,0.0653435
747,289,116,149,298,0.0653435
748,121,79,170,339,0.0596412
748,95,114,103,206,0.0596412
748,6,190,50,203,0.0596412
749,86,111,110,220,0.0584707
749,128,95,160,319,0.0584707
750,86,106,111,222,0.0583574
750,137,80,164,328,0.0583574
750,5,234,43,171,0.0583574
750,38,140,54,110,0.0583574
751,95,133,97,193,0.059703
751,141,84,163,326,0.059703
751,12,32,93,362,0.059703
752,86,116,106,210,0.0598009
752,145,63,174,348,0.0598009
752,334,151,121,241,0.0598009
752,21,147,57,114,0.0598009
753,152,67,164,328,0.0642283
753,76,93,120,240,0.0642283
753,334,127,135,270,0.0642283
754,73,91,126,253,0.0602581
754,6,116,48,192,0.0602581
754,161,71,160,320,0.0602581
754,331,120,139,278,0.0602581
755,65,80,135,270,0.073292
755,163,74,161,321,0.073292
755,336,128,130,260,0.073292
755,303,147,94,187,0.073292
755,5,119,38,151,0.073292
756,53,70,145,290,0.0740939
756,171,85,158,317,0.0740939
756,4,154,30,122,0.0740939
757,35,46,161,322,0.0730346
757,173,82,161,322,0.0730346
757,4,153,34,134,0.0730346
757,536,336,72,124,0.0730346
757,362,163,120,238,0.0730346
758,177,86,160,320,0.0688953
758,22,30,174,347,0.0688953
759,176,73,169,337,0.0704589
759,20,31,160,356,0.0704589
759,314,145,92,184,0.0704589
760,180,55,168,336,0.0778247
760,339,137,130,259,0.0778247
760,16,32,124,366,0.0778247
761,183,52,167,334,0.0600523
762,183,50,168,335,0.0662235
762,573,348,58,114,0.0662235
763,181,46,170,341,0.0640145
764,8,19,61,222,0.0611054
764,191,53,163,326,0.0611054
765,196,81,157,314,0.0608702
765,142,140,71,142,0.0608702
765,52,152,54,107,0.0608702
766,186,46,173,346,0.062711
766,50,152,55,110,0.062711
767,192,66,156,312,0.0587497
768,336,112,134,268,0.057267
768,100,122,82,165,0.057267
768,46,151,57,113,0.057267
768,180,42,174,347,0.057267
769,192,82,151,302,0.0592586
769,342,126,132,264,0.0592586
769,170,150,68,135,0.0592586
769,45,152,55,110,0.0592586
770,188,64,158,316,0.080786
770,362,156,120,238,0.080786
770,169,146,70,140,0.080786
770,96,144,67,134,0.080786
770,52,153,56,111,0.080786
771,183,60,165,330,0.0585042
771,158,145,72,143,0.0585042
771,42,150,58,114,0.0585042
771,84,144,66,131,0.0585042
772,181,63,163,326,0.0630912
772,72,132,74,149,0.0630912
772,153,145,70,140,0.0630912
772,39,149,57,114,0.0630912
773,59,126,78,156,0.0626715
773,185,65,159,318,0.0626715
773,145,140,73,146,0.0626715
773,556,193,54,109,0.0626715
774,191,79,151,302,0.0593651
774,144,145,70,139,0.0593651
774,460,125,57,113,0.0593651
775,194,80,149,298,0.0646646
775,142,151,69,138,0.0646646
775,545,153,75,150,0.0646646
776,191,71,152,304,0.0662279
776,132,139,79,158,0.0662279
776,33,143,67,134,0.0662279
776,541,149,80,160,0.0662279
777,185,66,161,322,0.0707915
777,127,145,78,156,0.0707915
778,184,51,166,333,0.0582727
778,121,137,84,168,0.0582727
778,19,132,82,165,0.0582727
778,425,316,68,136,0.0582727
778,444,55,76,152,0.0582727
779,196,75,157,313,0.0604755
779,118,126,91,182,0.0604755
779,510,177,67,134,0.0604755
780,201,79,152,303,0.0710461
780,115,130,93,186,0.0710461
780,494,175,63,127,0.0710461
781,206,83,149,297,0.0597963
781,105,119,103,206,0.0597963
781,14,147,72,145,0.0597963
782,100,107,110,221,0.0672949
782,216,104,135,270,0.0672949
782,415,66,57,113,0.0672949
783,212,77,147,295,0.0702767
783,94,103,113,226,0.0702767
783,406,74,54,109,0.0702767
783,9,137,70,159,0.0702767
784,77,83,130,261,0.0669934
784,210,68,153,306,0.0669934
784,178,122,105,210,0.0669934
784,8,159,63,144,0.0669934
784,388,77,58,116,0.0669934
785,72,104,122,244,0.0692979
785,171,118,107,214,0.0692979
785,212,70,153,306,0.0692979
785,372,76,57,114,0.0692979
786,56,104,126,251,0.0550984
786,426,241,66,131,0.0550984
786,344,307,73,146,0.0550984
786,6,124,45,179,0.0550984
786,154,113,116,232,0.0550984
786,210,79,151,302,0.0550984
787,45,85,133,266,0.0604438
787,214,84,144,288,0.0604438
787,146,105,127,254,0.0604438
787,4,156,36,143,0.0604438
787,411,262,53,106,0.0604438
788,24,83,144,287,0.0803474
788,129,103,132,263,0.0803474
788,212,76,149,297,0.0803474
788,321,208,126,234,0.0803474
789,17,81,136,293,0.0677364
789,109,91,143,286,0.0677364
790,223,109,116,231,0.0573375
790,15,91,122,298,0.0573375
790,89,85,153,306,0.0573375
791,14,76,112,306,0.0635531
791,77,84,150,301,0.0635531
791,220,114,107,213,0.0635531
792,56,70,166,331,0.0638761
792,215,118,115,230,0.0638761
792,12,51,94,369,0.0638761
793,10,89,84,336,0.0621789
793,213,116,116,232,0.0621789
793,5,50,39,159,0.0621789
793,377,81,59,118,0.0621789
794,210,112,110,221,0.0661601
794,507,162,72,144,0.0661601
794,5,162,40,160,0.0661601
794,131,160,53,106,0.0661601
795,207,115,110,221,0.0714054
795,534,169,74,146,0.0714054
795,404,208,86,171,0.0714054
795,118,162,54,110,0.0714054
795,167,179,53,106,0.0714054
796,43,258,88,177,0.0650321
796,203,122,114,229,0.0650321
796,112,158,60,119,0.0650321
796,162,180,55,110,0.0650321
797,197,108,120,240,0.0619863
797,151,120,82,164,0.0619863
797,104,154,61,121,0.0619863
797,436,287,58,115,0.0619863
798,199,116,118,235,0.0761634
798,103,155,61,122,0.0761634
798,505,194,69,138,0.0761634
798,151,120,82,164,0.0761634
798,54,154,66,131,0.0761634
799,196,103,122,242,0.0671569
799,256,72,168,336,0.0671569
799,4,32,36,144,0.0671569
799,52,159,63,126,0.0671569
799,99,157,62,122,0.0671569
799,156,171,58,115,0.0671569
799,4,125,29,113,0.0671569
800,251,49,177,353,0.0665397
800,195,104,117,234,0.0665397
800,10,131,77,159,0.0665397
800,46,155,65,130,0.0665397
800,147,110,87,175,0.0665397
800,87,158,60,120,0.0665397
801,195,114,113,226,0.0801453
801,32,148,71,142,0.0801453
801,146,172,58,117,0.0801453
801,80,157,59,119,0.0801453
802,203,122,105,209,0.0740006
802,51,156,65,130,0.0740006
802,147,176,57,114,0.0740006
802,348,82,54,107,0.0740006
802,315,304,52,104,0.0740006
803,205,116,108,216,0.0702216
803,250,53,177,354,0.0702216
803,9,132,73,167,0.0702216
803,48,152,68,136,0.0702216
803,146,176,58,117,0.0702216
804,211,117,110,220,0.0783537
804,10,139,76,151,0.0783537
804,49,151,69,136,0.0783537
804,256,54,182,364,0.0783537
804,152,119,88,176,0.0783537
805,217,114,107,214,0.070291
805,269,57,177,353,0.070291
805,54,138,76,152,0.070291
805,155,176,58,117,0.070291
805,10,132,83,167,0.070291
805,290,302,78,153,0.070291
806,414,143,151,290,0.0663353
806,222,113,115,230,0.0663353
806,13,131,83,167,0.0663353
806,56,148,73,146,0.0663353
806,274,52,180,360,0.0663353
806,155,179,58,116,0.0663353
806,296,299,82,156,0.0663353
807,390,85,77,154,0.0669602
807,233,121,106,212,0.0669602
807,590,196,45,165,0.0669602
807,61,148,71,142,0.0669602
807,162,173,63,126,0.0669602
808,233,113,114,227,0.0625297
808,53,144,74,149,0.0625297
808,165,176,61,122,0.0625297
808,397,76,80,159,0.0625297
809,243,114,116,232,0.0651075
809,415,80,70,141,0.0651075
809,73,148,71,142,0.0651075
809,172,175,62,125,0.0651075
810,254,117,116,231,0.0671146
810,83,154,66,133,0.0671146
810,178,172,69,137,0.0671146
811,144,25,150,287,0.0651461
811,256,108,120,239,0.0651461
811,84,148,71,142,0.0651461
811,512,255,66,133,0.0651461
812,173,134,89,177,0.0618716
812,259,102,124,247,0.0618716
812,448,78,67,134,0.0618716
812,83,145,74,147,0.0618716
812,519,288,71,142,0.0618716
812,609,10,28,110,0.0618716
813,134,26,158,301,0.0662653
813,264,105,122,243,0.0662653
813,39,127,89,178,0.0662653
813,82,143,75,150,0.0662653
813,455,79,65,130,0.0662653
813,531,294,70,140,0.0662653
813,609,14,27,106,0.0662653
814,167,128,94,187,0.0645725
814,270,106,118,236,0.0645725
814,230,154,66,133,0.0645725
814,63,133,83,166,0.0645725
814,536,292,80,160,0.0645725
814,457,72,74,148,0.0645725
814,348,161,77,154,0.0645725
815,271,107,120,241,0.0642034
815,170,140,88,175,0.0642034
815,461,72,69,138,0.0642034
815,64,136,81,162,0.0642034
815,229,156,67,134,0.0642034
815,356,161,76,152,0.0642034
815,544,291,73,146,0.0642034
815,416,296,90,158,0.0642034
816,230,154,70,138,0.0669824
816,165,151,82,165,0.0669824
816,278,115,119,238,0.0669824
816,471,66,70,142,0.0669824
816,80,140,78,156,0.0669824
816,31,192,54,110,0.0669824
817,226,142,74,146,0.0655491
817,281,107,122,244,0.0655491
817,469,59,75,151,0.0655491
817,168,174,72,144,0.0655491
817,83,154,69,138,0.0655491
818,133,26,155,300,0.0613223
818,292,123,111,222,0.0613223
818,79,152,72,144,0.0613223
818,9,151,69,156,0.0613223
818,369,154,76,152,0.0613223
818,482,58,68,135,0.0613223
818,251,180,54,109,0.0613223
818,460,328,54,107,0.0613223
819,124,27,166,310,0.0592186
819,292,117,112,224,0.0592186
819,7,95,56,223,0.0592186
819,73,141,78,155,0.0592186
819,251,179,55,110,0.0592186
820,142,148,94,189,0.0614945
820,294,124,108,216,0.0614945
820,64,139,80,161,0.0614945
820,206,158,69,138,0.0614945
820,8,174,60,138,0.0614945
820,522,189,68,136,0.0614945
821,55,138,82,163,0.0653336
821,6,122,49,194,0.0653336
821,293,115,107,213,0.0653336
821,133,147,93,185,0.0653336
821,370,141,87,174,0.0653336
821,200,153,70,142,0.0653336
821,243,183,54,110,0.0653336
822,295,120,105,209,0.0595951
822,116,134,104,207,0.0595951
822,45,129,86,172,0.0595951
822,5,147,41,163,0.0595951
822,187,153,74,147,0.0595951
822,244,178,56,111,0.0595951
823,294,127,106,212,0.0857733
823,115,174,88,176,0.0857733
823,45,137,84,167,0.0857733
823,191,158,69,138,0.0857733
823,234,179,62,122,0.0857733
824,296,132,103,206,0.0722477
824,95,148,106,213,0.0722477
824,35,140,84,168,0.0722477
824,177,161,72,145,0.0722477
824,227,176,63,126,0.0722477
825,294,128,108,215,0.0687006
825,82,128,121,241,0.0687006
825,180,154,67,134,0.0687006
825,231,173,62,125,0.0687006
825,29,140,86,173,0.0687006
826,68,119,130,259,0.0588746
826,292,121,112,224,0.0588746
826,573,19,60,213,0.0588746
826,164,129,87,174,0.0588746
826,25,135,86,174,0.0588746
826,569,10,63,112,0.0588746
826,220,171,65,130,0.0588746
826,559,316,69,138,0.0588746
827,358,118,130,259,0.0965115
827,45,113,138,277,0.0965115
827,142,117,99,198,0.0965115
827,11,131,87,181,0.0965115
827,209,176,66,132,0.0965115
827,239,169,57,113,0.0965115
828,36,106,143,286,0.0669854
828,376,151,114,229,0.0669854
828,145,137,87,174,0.0669854
828,295,127,108,216,0.0669854
828,210,172,66,131,0.0669854
828,454,146,85,169,0.0669854
828,279,169,55,110,0.0669854
829,23,102,141,282,0.0739281
829,377,141,123,246,0.0739281
829,142,126,95,190,0.0739281
829,294,121,110,218,0.0739281
829,211,171,67,134,0.0739281
829,280,165,56,112,0.0739281
830,132,136,91,183,0.0753644
830,194,166,80,159,0.0753644
830,294,132,107,214,0.0753644
830,392,175,110,221,0.0753644
830,281,166,59,119,0.0753644
830,18,96,142,300,0.0753644
831,383,151,121,241,0.0675675
831,120,131,98,195,0.0675675
831,295,127,107,213,0.0675675
831,183,154,86,173,0.0675675
831,34,234,81,161,0.0675675
831,280,166,60,119,0.0675675
832,377,164,110,221,0.0691708
832,100,115,106,211,0.0691708
832,171,154,86,171,0.0691708
832,295,123,104,208,0.0691708
832,10,225,77,170,0.0691708
833,347,94,146,294,0.0666992
833,7,33,56,224,0.0666992
833,98,121,101,202,0.0666992
833,166,153,88,175,0.0666992
833,296,124,99,199,0.0666992
833,8,238,63,154,0.0666992
834,86,118,106,210,0.0671173
834,352,108,138,275,0.0671173
834,157,150,91,182,0.0671173
834,297,122,102,202,0.0671173
834,211,149,74,146,0.0671173
834,265,159,57,113,0.0671173
835,78,123,109,218,0.0631352
835,297,121,102,203,0.0631352
835,145,143,99,198,0.0631352
835,210,154,72,145,0.0631352
835,357,118,130,258,0.0631352
835,10,73,82,326,0.0631352
835,608,380,29,86,0.0631352
835,263,159,58,115,0.0631352
836,8,68,66,262,0.0618822
836,67,106,121,242,0.0618822
836,357,119,132,264,0.0618822
836,295,114,108,214,0.0618822
836,139,136,104,208,0.0618822
836,208,137,79,159,0.0618822
837,258,113,79,159,0.0655136
837,7,103,59,235,0.0655136
837,58,97,133,266,0.0655136
837,311,118,106,213,0.0655136
837,136,140,106,211,0.0655136
