1,271,54,140,280,0.0586674
1,6,48,50,202,0.0586674
1,116,128,67,134,0.0586674
1,170,123,62,125,0.0586674
2,270,52,142,283,0.0625575
2,8,218,66,226,0.0625575
2,115,128,68,135,0.0625575
2,164,114,69,137,0.0625575
2,609,320,28,110,0.0625575
2,74,144,52,104,0.0625575
3,272,52,134,268,0.0591796
3,8,248,62,200,0.0591796
3,113,127,68,136,0.0591796
3,164,123,62,124,0.0591796
3,66,144,52,104,0.0591796
4,270,52,132,264,0.0611982
4,109,122,70,141,0.0611982
4,163,124,62,124,0.0611982
4,5,269,43,172,0.0611982
5,266,52,132,264,0.059194
5,107,121,71,142,0.059194
5,162,123,63,126,0.059194
6,265,52,135,270,0.0571209
6,104,121,73,145,0.0571209
6,161,121,63,126,0.0571209
7,264,53,134,269,0.0607755
7,102,119,73,145,0.0607755
7,459,178,76,151,0.0607755
8,263,50,138,276,0.0656277
8,100,119,74,148,0.0656277
8,151,117,74,146,0.0656277
8,456,175,79,159,0.0656277
8,12,31,92,349,0.0656277
9,151,121,66,133,0.057219
9,99,120,74,147,0.057219
9,266,54,133,266,0.057219
9,10,41,82,324,0.057219
10,269,56,128,257,0.0618576
10,10,66,84,335,0.0618576
10,97,121,74,149,0.0618576
10,154,125,62,124,0.0618576
11,94,123,75,150,0.0636405
11,150,124,68,135,0.0636405
11,270,56,126,252,0.0636405
11,12,32,93,362,0.0636405
12,93,119,77,154,0.0545809
12,149,125,69,137,0.0545809
12,9,24,70,278,0.0545809
13,262,51,138,277,0.0646556
13,7,44,56,224,0.0646556
13,92,119,78,156,0.0646556
13,144,120,73,146,0.0646556
14,260,52,138,277,0.057058
14,5,88,42,167,0.057058
14,91,121,77,153,0.057058
14,145,118,73,146,0.057058
14,4,220,30,119,0.057058
15,89,118,79,158,0.0677616
15,143,117,74,149,0.0677616
16,87,118,81,161,0.0650331
16,142,117,77,154,0.0650331
17,142,117,77,154,0.0687044
17,87,117,82,162,0.0687044
18,255,57,140,280,0.081687
18,86,125,79,158,0.081687
18,141,119,78,155,0.081687
19,250,61,141,282,0.0759031
19,86,127,78,155,0.0759031
19,133,113,88,176,0.0759031
20,86,128,78,155,0.0738654
20,247,64,148,295,0.0738654
20,138,121,82,165,0.0738654
21,106,126,83,166,0.0732126
22,113,123,86,171,0.0794661
23,148,126,82,162,0.0712669
23,97,125,85,169,0.0712669
24,99,131,81,161,0.0631923
24,152,126,82,163,0.0631923
25,121,123,88,175,0.0759758
25,327,132,83,167,0.0759758
26,105,133,82,165,0.0635028
26,158,129,84,167,0.0635028
26,600,238,35,125,0.0635028
27,110,133,85,170,0.0677881
27,156,124,95,190,0.0677881
27,607,245,30,110,0.0677881
27,215,269,58,115,0.0677881
28,110,134,86,172,0.069423
28,160,127,93,186,0.069423
28,335,132,90,182,0.069423
29,164,133,88,176,0.0833008
29,337,136,88,176,0.0833008
29,107,137,90,182,0.0833008
30,158,124,99,198,0.0673542
30,338,134,90,179,0.0673542
30,111,142,90,180,0.0673542
30,222,277,58,117,0.0673542
31,112,141,92,183,0.0648623
31,161,126,99,198,0.0648623
31,345,133,88,176,0.0648623
32,273,77,146,290,0.0596657
32,110,142,94,190,0.0596657
32,169,133,92,184,0.0596657
32,346,140,89,178,0.0596657
33,111,143,94,188,0.0631585
33,169,134,91,182,0.0631585
33,347,139,90,179,0.0631585
33,8,180,64,148,0.0631585
34,110,145,96,192,0.0640112
34,168,136,97,194,0.0640112
34,348,137,93,186,0.0640112
34,8,178,66,151,0.0640112
35,167,133,99,198,0.0706845
35,350,139,93,186,0.0706845
35,110,152,94,187,0.0706845
36,170,137,96,193,0.0560641
36,350,138,96,192,0.0560641
36,109,151,94,188,0.0560641
37,351,137,97,193,0.0600647
37,107,157,91,183,0.0600647
37,172,140,94,188,0.0600647
38,352,141,95,190,0.0625703
38,107,160,94,190,0.0625703
38,166,141,103,206,0.0625703
38,269,94,160,320,0.0625703
39,171,149,95,190,0.0682421
39,351,146,98,194,0.0682421
39,106,160,96,192,0.0682421
39,269,94,160,320,0.0682421
40,269,94,160,320,0.0598712
40,101,160,98,196,0.0598712
40,163,146,106,210,0.0598712
40,351,147,101,201,0.0598712
41,269,94,160,320,0.0577747
41,98,160,98,196,0.0577747
41,166,147,104,206,0.0577747
41,351,149,99,198,0.0577747
42,98,162,98,197,0.0653062
42,166,150,99,198,0.0653062
42,349,143,104,206,0.0653062
43,96,165,98,195,0.0634152
43,350,153,100,200,0.0634152
43,163,152,102,203,0.0634152
44,350,161,97,194,0.0742285
44,91,168,102,203,0.0742285
44,161,150,107,214,0.0742285
45,87,165,102,202,0.0672988
45,153,150,114,227,0.0672988
45,346,154,106,213,0.0672988
46,151,156,110,220,0.0603884
46,346,158,106,213,0.0603884
46,83,166,104,208,0.0603884
47,269,117,148,296,0.0595682
47,151,163,107,214,0.0595682
47,348,167,102,203,0.0595682
47,75,164,109,218,0.0595682
47,5,43,39,159,0.0595682
48,261,118,155,310,0.0770458
48,70,169,114,226,0.0770458
48,149,161,109,218,0.0770458
48,346,166,104,206,0.0770458
48,5,50,39,157,0.0770458
49,66,177,106,213,0.0593959
49,344,173,100,199,0.0593959
49,145,170,109,216,0.0593959
49,263,121,153,306,0.0593959
50,58,178,111,222,0.0575281
50,340,173,102,203,0.0575281
50,5,223,41,163,0.0575281
50,143,175,110,220,0.0575281
51,260,130,155,301,0.0587152
51,54,181,114,229,0.0587152
51,141,178,108,216,0.0587152
51,333,172,103,206,0.0587152
52,256,136,152,296,0.061295
52,50,184,116,231,0.061295
52,138,178,114,226,0.061295
52,329,168,106,213,0.061295
53,135,179,115,230,0.0669297
53,329,168,110,218,0.0669297
53,45,179,122,244,0.0669297
53,252,133,154,298,0.0669297
54,329,168,110,218,0.05793
54,132,178,120,239,0.05793
54,39,181,122,245,0.05793
54,249,132,158,299,0.05793
55,252,133,154,298,0.0594596
55,129,177,120,240,0.0594596
55,330,177,104,206,0.0594596
55,34,182,126,250,0.0594596
56,31,179,126,253,0.0672643
56,125,176,127,254,0.0672643
56,331,176,104,208,0.0672643
57,332,181,102,203,0.0654735
57,25,177,130,260,0.0654735
57,123,179,128,255,0.0654735
57,251,137,146,290,0.0654735
58,22,181,130,258,0.0662527
58,123,182,126,250,0.0662527
58,251,141,143,286,0.0662527
58,332,183,99,198,0.0662527
59,248,137,145,290,0.0608468
59,119,182,126,250,0.0608468
59,17,179,134,259,0.0608468
59,334,185,99,198,0.0608468
60,16,182,131,256,0.0641644
60,248,138,137,274,0.0641644
60,115,179,131,259,0.0641644
60,335,188,96,193,0.0641644
61,242,136,141,282,0.0586142
61,16,178,132,260,0.0586142
61,114,182,131,256,0.0586142
61,333,184,99,198,0.0586142
62,237,125,160,306,0.0860789
62,119,187,129,252,0.0860789
62,16,177,131,261,0.0860789
62,334,184,101,202,0.0860789
63,241,132,146,293,0.0654537
63,17,169,134,267,0.0654537
63,114,180,134,258,0.0654537
63,335,186,98,195,0.0654537
64,236,128,158,302,0.0567362
64,16,176,127,262,0.0567362
64,118,177,134,261,0.0567362
64,336,188,99,198,0.0567362
65,237,125,160,306,0.0680404
65,16,176,126,262,0.0680404
65,112,164,141,272,0.0680404
65,335,184,100,200,0.0680404
66,241,132,154,299,0.0599886
66,16,170,127,266,0.0599886
66,112,168,142,269,0.0599886
66,341,191,94,189,0.0599886
67,243,132,155,299,0.0578519
67,15,173,122,264,0.0578519
67,113,173,137,264,0.0578519
67,344,187,94,189,0.0578519
68,345,183,98,194,0.0605966
68,237,125,160,306,0.0605966
68,109,157,144,278,0.0605966
68,15,168,121,269,0.0605966
69,111,162,139,274,0.0590397
69,241,132,154,299,0.0590397
69,15,170,117,266,0.0590397
69,346,181,97,194,0.0590397
70,241,132,154,299,0.0916368
70,15,157,122,278,0.0916368
70,105,156,148,278,0.0916368
70,348,182,95,190,0.0916368
71,348,175,97,193,0.063619
71,245,125,152,303,0.063619
71,14,154,114,281,0.063619
71,105,160,148,275,0.063619
72,96,145,162,288,0.0599482
72,14,161,111,274,0.0599482
72,245,125,152,303,0.0599482
72,347,167,101,202,0.0599482
73,348,171,98,195,0.0575773
73,246,124,148,296,0.0575773
73,96,149,155,285,0.0575773
74,95,142,158,290,0.0584723
74,247,119,149,298,0.0584723
74,347,164,100,200,0.0584723
75,92,142,157,290,0.0660583
75,244,117,153,305,0.0660583
75,347,162,102,203,0.0660583
75,11,123,89,307,0.0660583
76,246,116,150,301,0.0607393
76,11,127,90,304,0.0607393
76,92,141,157,292,0.0607393
76,345,157,106,210,0.0607393
77,248,115,146,292,0.0603054
77,89,142,158,290,0.0603054
77,346,154,109,217,0.0603054
77,11,148,86,286,0.0603054
78,345,157,106,210,0.0595974
78,246,116,147,294,0.0595974
78,84,141,158,292,0.0595974
78,10,141,82,291,0.0595974
79,346,152,106,213,0.0679948
79,248,115,146,292,0.0679948
79,9,144,70,279,0.0679948
79,78,140,161,293,0.0679948
80,7,171,54,218,0.0631318
80,346,160,102,202,0.0631318
80,240,111,154,307,0.0631318
80,74,141,161,291,0.0631318
81,66,137,164,295,0.0566979
81,240,111,154,307,0.0566979
81,5,172,42,168,0.0566979
81,342,157,105,210,0.0566979
82,234,111,154,307,0.0562966
82,59,117,169,312,0.0562966
82,339,157,105,209,0.0562966
82,5,187,43,174,0.0562966
83,49,103,176,324,0.0607721
83,234,111,154,307,0.0607721
83,334,151,106,212,0.0607721
84,330,150,110,220,0.06656
84,199,314,73,142,0.06656
84,234,111,154,307,0.06656
84,46,123,167,307,0.06656
85,331,156,106,213,0.0638094
85,234,116,146,294,0.0638094
85,28,122,181,308,0.0638094
86,328,147,112,223,0.061571
86,228,111,154,307,0.061571
87,225,111,146,290,0.0626197
87,22,111,179,318,0.0626197
87,328,145,110,218,0.0626197
88,219,103,152,305,0.0749581
88,330,149,102,202,0.0749581
88,186,307,75,149,0.0749581
89,325,153,98,195,0.0580341
89,299,186,58,115,0.0580341
89,191,310,68,135,0.0580341
89,21,83,165,342,0.0580341
90,213,102,147,294,0.0661118
90,318,151,102,203,0.0661118
91,215,101,144,289,0.0578145
91,316,143,103,206,0.0578145
91,132,201,54,109,0.0578145
92,220,107,130,261,0.0629271
92,307,127,118,235,0.0629271
92,60,290,80,162,0.0629271
93,216,105,130,260,0.0636906
93,316,143,102,204,0.0636906
93,125,199,54,107,0.0636906
94,210,101,141,282,0.0740238
94,313,137,107,214,0.0740238
94,123,198,55,110,0.0740238
95,210,99,141,282,0.0663816
95,311,136,106,213,0.0663816
95,123,198,55,110,0.0663816
96,207,96,142,285,0.0668347
96,313,139,105,209,0.0668347
96,120,194,58,116,0.0668347
97,312,139,107,214,0.0596823
97,116,187,62,125,0.0596823
97,205,97,139,278,0.0596823
97,4,343,28,110,0.0596823
98,312,139,106,212,0.0581831
98,206,98,143,286,0.0581831
98,116,190,60,120,0.0581831
99,315,142,102,204,0.0598856
99,115,190,59,118,0.0598856
99,205,97,144,287,0.0598856
100,205,99,142,285,0.0720598
100,313,137,106,210,0.0720598
100,5,13,40,154,0.0720598
100,114,190,62,122,0.0720598
101,206,99,142,285,0.0641308
101,314,137,106,211,0.0641308
101,113,186,63,126,0.0641308
102,206,99,142,285,0.0679626
102,314,137,106,211,0.0679626
102,114,183,66,130,0.0679626
102,4,9,29,102,0.0679626
103,212,101,138,274,0.0565704
103,315,138,106,213,0.0565704
103,111,169,74,147,0.0565704
104,10,67,79,315,0.070908
104,214,97,143,286,0.070908
104,330,145,100,199,0.070908
104,122,191,62,122,0.070908
105,10,61,80,321,0.0584694
105,215,93,146,293,0.0584694
105,331,138,104,208,0.0584694
105,122,183,66,130,0.0584694
106,218,92,141,282,0.0589423
106,11,59,89,356,0.0589423
106,331,136,105,209,0.0589423
106,126,187,62,125,0.0589423
107,222,93,138,275,0.0668852
107,7,81,56,223,0.0668852
107,336,142,101,201,0.0668852
107,128,192,60,121,0.0668852
108,221,93,142,283,0.0611437
108,338,143,101,202,0.0611437
108,129,191,61,121,0.0611437
108,4,90,29,110,0.0611437
109,227,96,137,273,0.085813
109,582,20,51,187,0.085813
109,339,139,100,200,0.085813
109,129,188,62,125,0.085813
110,229,96,134,269,0.059775
110,582,20,51,187,0.059775
110,340,134,103,206,0.059775
110,129,192,61,122,0.059775
111,228,92,138,276,0.0699699
111,127,186,63,126,0.0699699
111,344,132,101,202,0.0699699
112,227,92,138,278,0.059814
112,344,134,99,198,0.059814
112,129,192,60,120,0.059814
113,227,87,142,284,0.0671708
113,338,122,109,218,0.0671708
113,128,189,62,123,0.0671708
114,226,85,146,290,0.0602004
114,343,120,111,222,0.0602004
114,126,182,65,130,0.0602004
115,226,87,145,290,0.0569537
115,347,127,106,210,0.0569537
115,126,183,64,129,0.0569537
116,226,85,146,290,0.0608512
116,346,123,110,220,0.0608512
116,124,179,68,135,0.0608512
117,229,91,138,277,0.0733282
117,346,123,112,224,0.0733282
117,122,175,70,141,0.0733282
118,226,89,142,285,0.0700582
118,344,120,114,229,0.0700582
118,124,182,67,134,0.0700582
119,220,86,153,306,0.0580544
119,348,125,111,222,0.0580544
119,121,176,71,142,0.0580544
120,226,89,142,285,0.0574541
120,347,128,110,220,0.0574541
120,119,177,72,144,0.0574541
121,225,93,132,264,0.0599246
121,346,125,113,224,0.0599246
121,115,170,77,153,0.0599246
122,222,96,132,264,0.07648
122,346,126,110,221,0.07648
122,112,170,78,155,0.07648
123,224,98,128,256,0.0658874
123,345,127,112,224,0.0658874
123,108,166,78,157,0.0658874
124,221,96,130,258,0.0772268
124,345,126,110,218,0.0772268
124,112,184,69,138,0.0772268
125,215,92,137,273,0.0795735
125,342,128,108,215,0.0795735
125,112,188,66,131,0.0795735
126,217,93,135,270,0.0742777
126,336,126,113,225,0.0742777
126,3,85,26,107,0.0742777
126,110,192,64,128,0.0742777
127,216,94,134,269,0.0763064
127,335,135,106,210,0.0763064
127,105,193,69,138,0.0763064
128,211,92,138,277,0.0762915
128,104,193,66,133,0.0762915
128,330,129,112,223,0.0762915
129,329,124,114,226,0.0804462
129,213,98,134,270,0.0804462
129,100,191,67,134,0.0804462
130,216,98,130,260,0.0675511
130,332,128,110,219,0.0675511
130,98,192,68,136,0.0675511
131,212,94,139,278,0.0748316
131,332,128,110,220,0.0748316
131,98,193,66,132,0.0748316
132,215,96,134,269,0.0599512
132,330,129,112,223,0.0599512
132,97,194,68,136,0.0599512
133,215,98,141,281,0.0603109
133,332,131,109,218,0.0603109
133,92,193,74,148,0.0603109
134,330,129,112,223,0.0595317
134,90,189,77,154,0.0595317
134,211,96,140,280,0.0595317
135,213,97,135,270,0.0599631
135,326,119,118,234,0.0599631
135,88,188,78,155,0.0599631
136,221,101,123,246,0.0588747
136,6,82,49,193,0.0588747
136,84,187,79,159,0.0588747
136,326,120,119,238,0.0588747
137,221,103,122,245,0.0593921
137,79,173,86,173,0.0593921
137,329,120,117,233,0.0593921
137,4,72,30,116,0.0593921
138,219,104,126,250,0.0618422
138,333,124,118,234,0.0618422
138,80,182,82,165,0.0618422
138,4,76,28,111,0.0618422
139,222,104,123,246,0.0554156
139,338,128,116,232,0.0554156
139,4,71,30,118,0.0554156
139,77,182,86,173,0.0554156
140,224,106,122,242,0.0576176
140,341,124,120,240,0.0576176
140,72,169,95,190,0.0576176
141,226,105,121,242,0.0623787
141,67,158,103,206,0.0623787
141,345,131,114,227,0.0623787
142,64,152,106,213,0.0692827
142,227,106,120,240,0.0692827
142,343,129,118,235,0.0692827
143,65,151,108,216,0.0625336
143,226,101,130,260,0.0625336
143,343,126,119,238,0.0625336
144,63,148,110,221,0.0587331
144,225,103,134,267,0.0587331
144,342,117,124,247,0.0587331
145,223,99,139,278,0.0691335
145,63,149,110,221,0.0691335
145,342,119,122,242,0.0691335
146,62,150,111,222,0.0664244
146,228,103,136,271,0.0664244
146,345,119,118,234,0.0664244
147,66,169,104,208,0.0637215
147,228,105,140,280,0.0637215
147,335,164,54,106,0.0637215
148,229,104,138,276,0.0605395
148,67,175,101,202,0.0605395
149,229,104,138,276,0.0699785
149,64,176,103,206,0.0699785
149,334,166,54,109,0.0699785
150,230,109,134,269,0.0740883
150,62,177,104,208,0.0740883
150,347,114,127,255,0.0740883
151,61,179,103,207,0.0690234
151,235,109,128,254,0.0690234
151,351,120,122,243,0.0690234
152,52,167,114,226,0.0692054
152,237,111,125,250,0.0692054
152,349,115,125,250,0.0692054
153,49,164,114,226,0.0682462
153,237,111,123,246,0.0682462
153,350,118,123,247,0.0682462
154,45,159,115,230,0.0661316
154,237,111,123,246,0.0661316
154,356,120,119,238,0.0661316
155,41,151,122,242,0.0701751
155,235,108,126,251,0.0701751
155,356,120,119,238,0.0701751
156,234,107,126,250,0.0671106
156,40,156,120,240,0.0671106
156,357,128,116,232,0.0671106
157,235,109,123,246,0.0696016
157,33,145,126,254,0.0696016
157,355,125,120,239,0.0696016
158,26,132,136,271,0.0687779
158,236,112,125,250,0.0687779
158,354,134,117,234,0.0687779
159,230,108,129,258,0.068741
159,21,131,138,277,0.068741
159,344,128,122,242,0.068741
160,233,114,126,251,0.065307
160,17,141,136,272,0.065307
160,347,133,117,233,0.065307
161,229,111,131,262,0.0972518
161,17,135,136,282,0.0972518
161,347,133,117,233,0.0972518
162,228,113,132,264,0.0727112
162,342,121,124,247,0.0727112
162,17,122,134,297,0.0727112
163,345,128,117,233,0.0700576
163,227,116,130,259,0.0700576
163,16,132,129,286,0.0700576
164,15,149,122,273,0.060968
164,227,115,129,258,0.060968
164,343,126,119,238,0.060968
165,221,104,142,283,0.0743605
165,14,158,116,268,0.0743605
165,186,171,58,117,0.0743605
166,14,150,113,274,0.0594715
166,338,121,126,251,0.0594715
166,184,171,58,118,0.0594715
167,16,101,127,326,0.0650652
167,230,109,119,238,0.0650652
167,342,117,124,247,0.0650652
167,183,174,58,116,0.0650652
168,335,125,118,237,0.0586156
168,214,155,66,131,0.0586156
168,183,175,56,112,0.0586156
168,17,84,133,341,0.0586156
168,242,125,97,194,0.0586156
169,229,106,120,240,0.0678527
169,14,130,114,301,0.0678527
169,329,118,122,245,0.0678527
169,217,163,62,124,0.0678527
169,181,174,56,112,0.0678527
170,233,110,114,226,0.0676512
170,12,186,96,253,0.0676512
170,332,126,114,227,0.0676512
170,178,173,58,114,0.0676512
170,16,92,55,110,0.0676512
171,230,101,124,248,0.0734185
171,331,126,114,226,0.0734185
171,176,175,58,116,0.0734185
171,7,87,59,118,0.0734185
172,227,100,127,254,0.0656543
172,329,123,117,233,0.0656543
172,4,66,32,126,0.0656543
172,175,174,58,117,0.0656543
172,36,144,74,150,0.0656543
172,7,86,54,116,0.0656543
173,226,96,130,259,0.0743734
173,329,124,118,234,0.0743734
173,34,143,76,151,0.0743734
173,174,174,58,117,0.0743734
173,4,51,29,117,0.0743734
173,7,85,53,120,0.0743734
174,11,116,89,313,0.0711655
174,221,94,138,277,0.0711655
174,330,126,118,234,0.0711655
174,208,158,64,128,0.0711655
174,173,173,59,118,0.0711655
175,224,93,138,276,0.0669204
175,11,133,85,298,0.0669204
175,330,122,118,236,0.0669204
175,209,159,62,125,0.0669204
175,174,174,61,121,0.0669204
176,225,97,138,275,0.0686176
176,11,138,85,294,0.0686176
176,336,130,118,236,0.0686176
176,208,158,65,129,0.0686176
176,174,173,60,119,0.0686176
177,226,104,138,276,0.0612663
177,10,152,83,282,0.0612663
177,208,158,65,130,0.0612663
177,343,135,113,226,0.0612663
177,173,172,60,121,0.0612663
178,228,105,134,267,0.0615335
178,10,163,78,273,0.0615335
178,345,132,112,223,0.0615335
178,208,158,66,134,0.0615335
178,173,174,59,118,0.0615335
179,226,99,142,286,0.0597315
179,10,165,77,271,0.0597315
179,345,125,117,233,0.0597315
179,209,160,66,132,0.0597315
179,173,173,60,119,0.0597315
180,9,170,75,266,0.0593229
180,230,109,131,263,0.0593229
180,344,128,116,232,0.0593229
180,210,159,66,131,0.0593229
180,173,173,60,119,0.0593229
181,9,198,70,242,0.0617871
181,234,110,129,258,0.0617871
181,346,129,114,229,0.0617871
181,212,160,66,133,0.0617871
181,173,173,62,122,0.0617871
182,237,108,125,250,0.0584155
182,345,120,119,238,0.0584155
182,213,160,65,129,0.0584155
182,173,173,61,121,0.0584155
183,9,126,70,278,0.0683267
183,234,106,129,258,0.0683267
183,345,120,119,238,0.0683267
183,212,157,67,134,0.0683267
183,173,173,61,121,0.0683267
184,8,153,62,247,0.0631665
184,236,104,127,254,0.0631665
184,344,118,122,245,0.0631665
184,214,156,66,131,0.0631665
184,174,174,60,121,0.0631665
185,238,103,131,262,0.0643952
185,8,154,60,239,0.0643952
185,344,118,122,245,0.0643952
185,214,157,67,134,0.0643952
185,174,176,60,120,0.0643952
186,241,107,123,247,0.0597198
186,212,153,71,142,0.0597198
186,174,176,60,119,0.0597198
186,345,110,126,253,0.0597198
186,47,197,54,110,0.0597198
187,235,99,133,266,0.0592863
187,354,111,125,249,0.0592863
187,213,153,70,140,0.0592863
187,174,177,59,118,0.0592863
187,47,197,54,110,0.0592863
188,234,95,138,274,0.0628911
188,356,110,125,250,0.0628911
188,212,152,72,144,0.0628911
188,174,175,61,122,0.0628911
189,210,147,76,152,0.059895
189,173,174,62,123,0.059895
189,36,156,74,150,0.059895
189,239,98,136,272,0.059895
189,356,110,125,250,0.059895
190,241,98,132,263,0.0627814
190,357,112,122,244,0.0627814
190,208,146,78,156,0.0627814
190,172,173,63,126,0.0627814
191,208,146,78,157,0.0594454
191,34,155,76,151,0.0594454
191,172,174,63,126,0.0594454
191,358,112,125,249,0.0594454
191,239,98,136,272,0.0594454
192,362,114,124,247,0.0663548
192,242,99,131,262,0.0663548
192,207,148,78,157,0.0663548
192,168,172,67,135,0.0663548
193,237,98,141,281,0.0639341
193,361,113,126,251,0.0639341
193,333,160,57,113,0.0639341
193,164,173,68,135,0.0639341
193,209,155,76,152,0.0639341
193,4,193,36,144,0.0639341
194,236,107,134,269,0.0633923
194,356,123,122,245,0.0633923
194,160,175,66,133,0.0633923
194,208,158,74,149,0.0633923
194,333,162,55,110,0.0633923
194,4,234,30,104,0.0633923
195,239,102,136,272,0.0774456
195,352,121,125,250,0.0774456
195,199,148,82,163,0.0774456
195,159,176,66,133,0.0774456
196,194,145,83,166,0.0737813
196,156,175,70,141,0.0737813
196,235,108,136,273,0.0737813
196,351,128,122,243,0.0737813
197,196,152,79,158,0.0592157
197,343,115,131,262,0.0592157
197,152,177,67,134,0.0592157
197,32,199,54,107,0.0592157
198,193,151,82,163,0.0726327
198,151,180,66,132,0.0726327
198,340,120,126,253,0.0726327
199,243,116,119,238,0.0840186
199,338,119,130,259,0.0840186
199,147,180,70,139,0.0840186
199,191,153,83,166,0.0840186
200,341,131,122,245,0.0832489
200,144,183,68,137,0.0832489
200,187,158,82,164,0.0832489
200,254,135,94,189,0.0832489
201,342,137,119,238,0.060248
201,139,182,71,142,0.060248
201,186,167,78,157,0.060248
202,340,131,123,246,0.0569251
202,182,160,82,162,0.0569251
202,135,180,74,146,0.0569251
203,340,126,125,250,0.0643174
203,175,149,90,179,0.0643174
203,132,181,73,146,0.0643174
204,342,142,118,234,0.0577364
204,174,150,90,179,0.0577364
204,129,183,74,148,0.0577364
205,340,132,123,246,0.0628245
205,127,183,74,148,0.0628245
205,174,159,84,168,0.0628245
206,233,106,142,286,0.065662
206,338,136,122,244,0.065662
206,125,182,75,150,0.065662
206,170,154,89,178,0.065662
207,339,140,120,239,0.0724087
207,169,150,89,177,0.0724087
207,126,191,72,143,0.0724087
208,233,106,142,286,0.0769287
208,334,137,122,245,0.0769287
208,121,186,74,147,0.0769287
208,167,152,88,176,0.0769287
209,223,106,146,293,0.0662666
209,342,144,119,238,0.0662666
209,166,150,90,180,0.0662666
209,120,186,74,149,0.0662666
210,223,106,146,293,0.0633303
210,339,140,120,240,0.0633303
210,162,148,94,187,0.0633303
210,118,186,75,150,0.0633303
210,7,205,53,122,0.0633303
211,227,110,140,279,0.0621577
211,340,141,120,239,0.0621577
211,162,150,93,186,0.0621577
211,118,194,71,142,0.0621577
212,158,145,97,194,0.0633165
212,113,181,78,157,0.0633165
212,339,139,122,243,0.0633165
212,225,108,142,283,0.0633165
213,224,111,140,280,0.0638912
213,339,138,124,247,0.0638912
213,156,145,98,195,0.0638912
213,108,179,82,163,0.0638912
214,341,139,123,246,0.0714142
214,156,149,96,191,0.0714142
214,227,114,134,267,0.0714142
214,108,182,79,159,0.0714142
215,224,111,140,280,0.0610821
215,341,139,123,246,0.0610821
215,156,148,96,191,0.0610821
215,111,193,73,145,0.0610821
216,153,147,100,199,0.0614683
216,108,189,76,152,0.0614683
216,341,139,123,246,0.0614683
216,224,109,139,278,0.0614683
217,338,127,130,259,0.0643758
217,154,145,101,201,0.0643758
217,106,190,78,155,0.0643758
217,224,109,139,278,0.0643758
218,223,106,146,293,0.0821782
218,152,138,103,206,0.0821782
218,342,140,124,247,0.0821782
218,104,191,79,158,0.0821782
219,231,111,144,288,0.0841272
219,152,142,105,209,0.0841272
219,101,185,86,171,0.0841272
219,340,135,126,253,0.0841272
220,231,111,144,288,0.0674213
220,348,134,129,258,0.0674213
220,152,140,105,209,0.0674213
220,101,181,87,174,0.0674213
221,153,148,102,203,0.0683687
221,103,180,86,172,0.0683687
221,237,117,136,272,0.0683687
221,352,132,127,254,0.0683687
222,236,118,138,277,0.0731109
222,358,135,127,254,0.0731109
222,152,140,105,209,0.0731109
222,103,182,86,173,0.0731109
222,6,207,52,118,0.0731109
223,240,120,137,274,0.0667135
223,358,138,127,254,0.0667135
223,150,139,109,218,0.0667135
223,101,183,87,175,0.0667135
223,7,205,54,125,0.0667135
224,241,125,132,263,0.0756159
224,360,141,124,247,0.0756159
224,99,189,87,174,0.0756159
224,149,140,110,219,0.0756159
224,7,207,54,125,0.0756159
225,246,134,126,254,0.0656845
225,356,125,136,272,0.0656845
225,113,154,106,211,0.0656845
225,7,205,56,128,0.0656845
226,248,136,126,250,0.0658918
226,360,135,126,254,0.0658918
226,91,168,99,198,0.0658918
226,143,138,114,229,0.0658918
226,238,178,64,127,0.0658918
226,7,205,56,128,0.0658918
227,89,170,100,200,0.0637356
227,144,142,114,226,0.0637356
227,7,201,58,131,0.0637356
227,245,127,130,259,0.0637356
227,356,125,136,272,0.0637356
228,358,126,133,266,0.0811857
228,86,165,103,207,0.0811857
228,245,117,130,259,0.0811857
228,137,136,118,237,0.0811857
228,7,201,54,125,0.0811857
229,357,128,134,269,0.0613846
229,84,168,103,206,0.0613846
229,136,133,118,235,0.0613846
229,237,177,65,129,0.0613846
229,6,204,52,118,0.0613846
230,249,125,129,258,0.0629159
230,356,125,136,272,0.0629159
230,81,168,107,214,0.0629159
230,136,139,116,231,0.0629159
230,238,181,62,125,0.0629159
231,250,124,131,262,0.0726549
231,356,125,136,272,0.0726549
231,134,134,117,234,0.0726549
231,80,180,98,195,0.0726549
231,238,181,62,123,0.0726549
231,277,334,55,110,0.0726549
232,250,116,136,272,0.0702296
232,357,128,135,270,0.0702296
232,76,165,114,227,0.0702296
232,234,177,66,130,0.0702296
233,74,161,117,234,0.0752333
233,250,116,136,272,0.0752333
233,231,181,64,128,0.0752333
233,361,146,125,249,0.0752333
234,73,158,121,242,0.0850036
234,358,137,131,262,0.0850036
234,228,178,66,134,0.0850036
234,196,176,62,122,0.0850036
235,65,145,130,261,0.0770224
235,268,143,97,193,0.0770224
235,226,180,66,133,0.0770224
235,194,176,59,118,0.0770224
235,355,129,136,273,0.0770224
236,59,150,128,256,0.0683729
236,357,139,131,263,0.0683729
236,249,135,130,260,0.0683729
236,225,180,67,134,0.0683729
236,6,205,47,125,0.0683729
237,59,143,138,275,0.0793668
237,357,139,131,263,0.0793668
237,223,179,69,138,0.0793668
238,219,175,72,144,0.0709051
238,60,101,170,326,0.0709051
239,71,106,162,322,0.0764397
239,217,169,76,152,0.0764397
240,213,173,74,148,0.0762329
240,350,147,128,256,0.0762329
240,71,114,150,300,0.0762329
240,247,133,128,255,0.0762329
241,74,105,146,291,0.0650612
241,247,133,128,255,0.0650612
241,32,191,106,212,0.0650612
241,338,133,141,282,0.0650612
241,210,165,78,155,0.0650612
242,213,184,70,139,0.0647882
242,4,205,34,134,0.0647882
242,68,104,145,290,0.0647882
242,346,150,126,251,0.0647882
243,210,176,74,147,0.0726416
243,4,203,34,134,0.0726416
243,344,152,122,243,0.0726416
243,62,99,153,306,0.0726416
244,64,108,151,302,0.0727697
244,341,147,126,251,0.0727697
244,216,224,53,106,0.0727697
244,212,196,62,125,0.0727697
244,4,218,29,115,0.0727697
245,237,120,141,281,0.0643168
245,51,108,162,320,0.0643168
245,341,147,126,251,0.0643168
245,163,179,63,126,0.0643168
245,196,176,78,157,0.0643168
246,44,102,164,325,0.0746275
246,339,146,129,258,0.0746275
246,157,175,71,143,0.0746275
246,197,177,75,150,0.0746275
247,151,172,78,158,0.0621054
247,197,177,75,150,0.0621054
247,40,101,158,317,0.0621054
247,229,122,139,278,0.0621054
247,340,150,126,252,0.0621054
248,229,123,136,272,0.0656273
248,340,150,126,253,0.0656273
248,145,166,86,173,0.0656273
248,22,84,174,341,0.0656273
248,199,193,70,138,0.0656273
249,341,158,123,246,0.0644985
249,21,99,168,328,0.0644985
249,142,163,89,178,0.0644985
249,190,172,82,166,0.0644985
250,234,131,126,252,0.0776335
250,341,161,125,250,0.0776335
250,20,87,162,326,0.0776335
250,11,104,88,323,0.0776335
250,188,172,85,170,0.0776335
250,150,199,66,133,0.0776335
251,341,166,125,249,0.0674368
251,11,119,86,310,0.0674368
251,185,179,82,163,0.0674368
251,231,139,126,251,0.0674368
251,116,319,58,117,0.0674368
252,234,144,129,258,0.0623561
252,341,164,125,249,0.0623561
252,188,191,76,151,0.0623561
252,136,190,82,163,0.0623561
253,341,160,125,250,0.0596468
253,187,187,76,151,0.0596468
253,132,174,92,184,0.0596468
253,233,149,125,249,0.0596468
253,101,316,66,133,0.0596468
254,186,187,76,153,0.0639035
254,232,145,129,257,0.0639035
254,342,164,124,247,0.0639035
254,132,174,92,184,0.0639035
255,232,145,129,257,0.0682892
255,339,154,128,256,0.0682892
255,182,179,82,166,0.0682892
255,130,171,94,189,0.0682892
256,335,144,136,272,0.0673121
256,234,150,126,251,0.0673121
256,171,189,82,164,0.0673121
256,6,244,47,189,0.0673121
257,132,183,88,175,0.0598827
257,179,179,86,174,0.0598827
257,236,150,127,255,0.0598827
258,10,268,80,182,0.063716
258,232,131,138,277,0.063716
258,158,176,90,181,0.063716
259,236,137,136,272,0.066717
259,155,180,90,178,0.066717
259,5,204,42,172,0.066717
259,58,134,55,110,0.066717
260,8,80,63,254,0.0651242
260,149,181,87,174,0.0651242
260,53,132,56,111,0.0651242
261,355,164,130,261,0.0744812
261,147,180,89,177,0.0744812
261,4,211,29,115,0.0744812
261,50,134,56,112,0.0744812
262,146,179,91,182,0.0635019
262,363,186,114,227,0.0635019
262,45,134,55,110,0.0635019
262,268,350,53,106,0.0635019
263,354,148,137,273,0.0635658
263,143,175,94,186,0.0635658
263,6,300,46,155,0.0635658
263,268,350,53,106,0.0635658
264,236,129,136,272,0.0686593
264,351,131,143,286,0.0686593
264,121,176,96,191,0.0686593
264,174,173,94,186,0.0686593
265,239,131,133,266,0.063724
265,354,144,136,271,0.063724
265,133,169,98,195,0.063724
265,4,38,29,117,0.063724
266,353,138,140,279,0.0766717
266,241,131,134,267,0.0766717
266,132,169,98,197,0.0766717
266,10,106,78,167,0.0766717
267,242,130,130,261,0.0736646
267,352,138,142,283,0.0736646
267,125,165,102,206,0.0736646
268,120,161,107,214,0.0651533
268,242,131,131,262,0.0651533
268,356,141,136,272,0.0651533
268,11,148,91,286,0.0651533
269,112,152,112,224,0.0624309
269,242,128,134,269,0.0624309
269,354,146,137,273,0.0624309
269,6,143,44,175,0.0624309
270,111,148,114,229,0.0709221
270,241,127,130,259,0.0709221
270,348,128,146,293,0.0709221
270,8,86,62,246,0.0709221
271,112,153,109,217,0.0701974
271,241,127,130,259,0.0701974
271,348,128,144,289,0.0701974
272,347,118,149,298,0.06672
272,91,154,106,211,0.06672
272,239,126,133,266,0.06672
272,152,140,113,226,0.06672
273,86,149,110,221,0.0664835
273,147,135,114,227,0.0664835
273,239,129,129,257,0.0664835
273,350,123,142,285,0.0664835
273,5,160,41,163,0.0664835
274,80,142,115,230,0.07053
274,229,123,136,272,0.07053
274,350,128,142,283,0.07053
274,147,135,114,226,0.07053
274,4,202,29,115,0.07053
275,81,169,102,205,0.0791675
275,349,128,142,285,0.0791675
275,139,127,119,238,0.0791675
275,234,121,128,255,0.0791675
276,342,111,154,307,0.0616196
276,82,183,96,191,0.0616196
276,139,126,118,236,0.0616196
276,236,122,124,247,0.0616196
277,345,105,150,300,0.0706428
277,80,182,95,191,0.0706428
277,230,111,126,252,0.0706428
277,136,123,121,242,0.0706428
278,338,101,153,306,0.0682767
278,10,176,78,262,0.0682767
278,225,107,130,259,0.0682767
278,134,124,119,238,0.0682767
278,62,131,118,234,0.0682767
279,335,94,156,313,0.0752885
279,226,106,129,258,0.0752885
279,58,131,117,234,0.0752885
279,131,119,118,236,0.0752885
280,53,122,122,242,0.0693185
280,225,105,127,254,0.0693185
280,339,102,149,298,0.0693185
280,125,121,122,243,0.0693185
281,342,87,154,307,0.0909031
281,51,121,119,238,0.0909031
281,221,94,134,267,0.0909031
281,123,107,130,259,0.0909031
282,45,117,122,242,0.0737883
282,118,96,136,272,0.0737883
282,220,90,133,266,0.0737883
282,342,87,154,307,0.0737883
283,346,86,146,291,0.0784107
283,220,87,134,268,0.0784107
283,39,108,125,249,0.0784107
283,118,91,130,260,0.0784107
284,223,92,128,255,0.0871949
284,37,101,126,254,0.0871949
284,348,84,145,290,0.0871949
284,116,89,130,260,0.0871949
285,33,98,129,258,0.0766231
285,118,83,127,254,0.0766231
285,227,89,122,244,0.0766231
285,352,83,138,276,0.0766231
286,115,71,134,266,0.0811628
286,28,93,132,264,0.0811628
286,230,91,116,232,0.0811628
286,345,73,155,309,0.0811628
287,235,92,110,219,0.0684089
287,18,68,147,294,0.0684089
287,113,70,134,269,0.0684089
288,111,73,132,264,0.0747888
288,18,67,145,292,0.0747888
288,344,64,158,315,0.0747888
288,233,88,113,225,0.0747888
289,18,58,146,308,0.0779877
289,110,68,138,275,0.0779877
289,348,67,155,310,0.0779877
289,231,74,126,251,0.0779877
290,20,107,129,258,0.073054
290,100,42,157,314,0.073054
290,351,61,160,321,0.073054
290,238,72,120,240,0.073054
291,17,63,138,292,0.0739273
291,103,53,151,302,0.0739273
291,356,55,166,330,0.0739273
291,240,73,117,234,0.0739273
292,16,96,127,268,0.0726153
292,101,54,153,306,0.0726153
292,240,73,117,234,0.0726153
292,369,59,147,294,0.0726153
293,16,88,129,285,0.0841566
293,106,82,139,278,0.0841566
293,370,62,146,292,0.0841566
293,609,76,27,107,0.0841566
294,107,81,139,278,0.0834101
294,17,75,133,297,0.0834101
294,607,78,30,109,0.0834101
294,370,60,146,294,0.0834101
295,17,59,134,316,0.0823574
295,370,60,146,294,0.0823574
295,102,52,151,302,0.0823574
295,247,65,122,242,0.0823574
296,16,62,130,324,0.0827808
296,102,59,150,301,0.0827808
296,372,62,146,290,0.0827808
296,245,70,123,246,0.0827808
297,17,58,136,320,0.078236
297,105,63,143,286,0.078236
297,245,73,123,246,0.078236
298,93,48,159,318,0.0939501
298,16,55,130,334,0.0939501
298,376,59,153,305,0.0939501
298,253,74,117,233,0.0939501
298,319,77,130,259,0.0939501
298,244,126,60,120,0.0939501
299,101,69,142,284,0.078468
299,16,44,126,347,0.078468
299,255,76,116,232,0.078468
299,245,122,62,122,0.078468
300,7,219,56,223,0.0836557
300,31,51,166,330,0.0836557
300,390,58,153,306,0.0836557
300,247,124,62,123,0.0836557
301,253,71,122,243,0.100755
301,8,194,62,246,0.100755
301,68,40,174,348,0.100755
301,390,58,153,306,0.100755
301,14,44,114,365,0.100755
302,75,50,167,334,0.0985366
302,390,58,153,306,0.0985366
302,14,46,113,360,0.0985366
302,248,122,64,127,0.0985366
302,4,328,30,122,0.0985366
303,79,68,162,322,0.0760548
303,390,58,153,306,0.0760548
303,4,27,28,112,0.0760548
303,301,196,54,107,0.0760548
303,248,122,64,127,0.0760548
304,87,102,151,302,0.0735803
304,254,68,128,255,0.0735803
304,390,58,153,306,0.0735803
304,12,33,94,372,0.0735803
305,252,71,126,253,0.0693752
305,79,114,152,305,0.0693752
305,12,41,93,370,0.0693752
306,67,62,167,335,0.074136
306,11,43,90,358,0.074136
306,392,59,147,294,0.074136
307,10,39,84,335,0.0770933
307,391,54,150,301,0.0770933
307,65,40,165,330,0.0770933
308,9,69,73,291,0.0776181
308,64,125,66,133,0.0776181
308,250,65,127,254,0.0776181
308,391,54,150,301,0.0776181
309,8,50,65,259,0.0864661
309,248,67,126,254,0.0864661
309,160,123,53,106,0.0864661
310,8,48,64,255,0.0868933
310,248,66,125,249,0.0868933
310,61,98,150,301,0.0868933
310,392,59,147,294,0.0868933
311,8,57,65,259,0.0887682
311,245,63,128,256,0.0887682
311,48,90,160,320,0.0887682
312,242,59,131,262,0.0837412
312,36,64,171,342,0.0837412
313,247,67,126,250,0.0701171
313,319,48,174,347,0.0701171
314,245,63,128,256,0.072039
314,317,41,182,364,0.072039
314,82,225,86,173,0.072039
315,245,63,128,256,0.08036
315,141,118,54,107,0.08036
316,242,66,129,258,0.0804973
316,134,119,55,110,0.0804973
317,242,66,129,258,0.0785744
317,127,112,59,118,0.0785744
318,243,69,126,251,0.0737752
319,5,143,38,151,0.100043
319,244,61,128,256,0.100043
320,108,88,68,136,0.0833605
320,241,58,130,259,0.0833605
320,435,169,54,107,0.0833605
321,241,57,132,263,0.070671
321,94,89,78,157,0.070671
321,449,93,54,107,0.070671
322,239,53,133,266,0.0776898
322,76,83,89,177,0.0776898
322,9,311,70,146,0.0776898
323,64,85,90,179,0.0752065
323,227,117,68,136,0.0752065
323,242,56,126,253,0.0752065
323,6,323,50,118,0.0752065
324,51,85,90,181,0.0724297
324,242,56,126,253,0.0724297
324,225,114,70,139,0.0724297
325,242,56,126,253,0.0695252
325,43,90,87,175,0.0695252
325,224,113,70,141,0.0695252
325,6,67,45,179,0.0695252
326,238,56,130,259,0.0802822
326,22,81,97,194,0.0802822
326,224,119,68,136,0.0802822
327,11,84,90,187,0.0838345
327,238,56,130,259,0.0838345
327,217,105,75,150,0.0838345
328,9,82,75,197,0.081239
328,216,103,76,152,0.081239
328,238,56,130,259,0.081239
329,7,66,58,230,0.0745581
329,238,56,130,259,0.0745581
329,215,103,77,153,0.0745581
330,214,101,78,158,0.0697281
331,245,73,121,242,0.0708013
331,214,101,78,158,0.0708013
332,249,72,121,241,0.068725
332,216,104,77,154,0.068725
332,473,30,62,125,0.068725
333,210,93,83,166,0.081826
334,211,104,80,160,0.0830072
334,241,73,127,254,0.0830072
334,459,261,76,151,0.0830072
335,208,102,82,166,0.0702275
335,241,73,127,254,0.0702275
336,239,69,131,262,0.0742651
336,212,112,78,156,0.0742651
336,406,219,66,133,0.0742651
337,239,69,131,262,0.0883794
337,211,118,75,150,0.0883794
337,415,213,57,113,0.0883794
338,205,105,83,166,0.0893126
338,241,73,127,254,0.0893126
339,206,108,82,165,0.0860945
340,238,70,130,259,0.0820572
340,205,106,82,165,0.0820572
341,203,102,86,172,0.0766421
341,249,80,109,217,0.0766421
341,595,277,40,147,0.0766421
342,203,103,86,170,0.0811634
342,249,80,109,217,0.0811634
343,248,80,109,218,0.0803757
343,201,101,88,176,0.0803757
344,247,79,110,219,0.078463
344,367,54,162,325,0.078463
344,202,109,84,167,0.078463
345,368,71,157,314,0.0780184
345,197,107,85,170,0.0780184
345,247,81,110,218,0.0780184
346,372,80,146,291,0.0756167
346,245,81,110,219,0.0756167
346,191,92,91,183,0.0756167
347,369,75,148,296,0.0760262
347,242,83,113,226,0.0760262
347,193,107,82,163,0.0760262
348,369,73,149,297,0.0677593
348,191,107,84,167,0.0677593
348,240,81,114,227,0.0677593
349,239,77,117,234,0.0619152
349,366,66,151,302,0.0619152
349,187,99,89,178,0.0619152
350,364,61,156,312,0.0723439
350,241,84,113,226,0.0723439
350,136,53,83,167,0.0723439
350,186,97,90,179,0.0723439
351,361,63,159,318,0.0726337
351,182,89,94,189,0.0726337
351,245,86,106,213,0.0726337
351,135,52,85,170,0.0726337
352,181,108,86,173,0.0774605
352,132,52,83,166,0.0774605
352,244,84,106,213,0.0774605
352,355,65,159,318,0.0774605
353,354,64,158,315,0.0696688
353,177,96,92,185,0.0696688
353,246,87,103,206,0.0696688
354,254,90,92,183,0.0721078
354,348,67,158,314,0.0721078
354,175,104,88,176,0.0721078
354,609,78,28,110,0.0721078
355,348,67,158,314,0.075031
355,253,90,92,185,0.075031
355,171,95,94,187,0.075031
355,609,78,28,110,0.075031
356,346,72,157,314,0.0750737
356,231,70,120,238,0.0750737
356,168,94,94,187,0.0750737
357,345,71,155,311,0.078606
357,167,109,88,176,0.078606
358,343,70,155,311,0.0836551
358,162,100,92,184,0.0836551
359,158,104,92,185,0.0717444
359,344,69,158,315,0.0717444
360,338,66,160,320,0.0710646
360,150,93,98,197,0.0710646
360,15,118,54,107,0.0710646
361,340,65,158,318,0.0747697
361,192,78,99,198,0.0747697
361,143,91,104,208,0.0747697
361,106,54,84,169,0.0747697
362,336,70,158,316,0.0622503
362,161,84,108,216,0.0622503
362,7,122,54,110,0.0622503
363,334,61,160,320,0.0602597
363,151,84,107,214,0.0602597
364,331,59,162,325,0.0680163
364,183,83,98,196,0.0680163
364,97,47,87,175,0.0680163
364,129,94,103,206,0.0680163
365,331,60,162,324,0.0782232
365,171,76,111,222,0.0782232
365,130,99,102,203,0.0782232
365,3,121,26,107,0.0782232
365,96,51,86,172,0.0782232
366,331,62,161,322,0.0806599
366,151,87,106,211,0.0806599
367,329,58,162,324,0.071696
367,168,76,111,222,0.071696
367,125,91,108,215,0.071696
367,3,122,26,107,0.071696
368,329,61,160,320,0.065583
368,116,82,112,224,0.065583
368,167,78,110,221,0.065583
368,3,121,26,106,0.065583
369,329,61,160,320,0.0738044
369,134,83,112,223,0.0738044
370,329,54,166,330,0.065749
370,140,85,113,225,0.065749
370,3,127,26,107,0.065749
371,333,69,158,315,0.0636485
371,131,83,115,230,0.0636485
372,331,60,163,326,0.0635489
372,138,84,111,222,0.0635489
372,95,128,52,104,0.0635489
373,333,59,165,329,0.064501
373,133,86,111,222,0.064501
373,4,125,29,113,0.064501
374,331,66,162,325,0.0911551
374,131,87,113,226,0.0911551
375,122,86,114,228,0.0733152
375,331,60,166,332,0.0733152
376,99,82,120,239,0.0745975
376,332,66,164,327,0.0745975
376,157,78,113,225,0.0745975
376,225,83,120,239,0.0745975
377,96,80,122,245,0.0726382
377,337,65,166,331,0.0726382
377,157,82,111,222,0.0726382
378,336,66,168,336,0.0714769
378,97,86,120,239,0.0714769
378,158,83,109,217,0.0714769
379,335,77,163,327,0.0881194
379,97,84,122,242,0.0881194
379,156,79,110,220,0.0881194
380,332,76,163,327,0.0823354
380,156,83,110,220,0.0823354
380,93,84,124,248,0.0823354
381,115,82,124,247,0.0670256
381,332,71,166,333,0.0670256
382,335,73,165,330,0.0711152
382,112,80,126,251,0.0711152
383,331,66,168,337,0.0603741
383,145,72,122,243,0.0603741
383,84,85,129,257,0.0603741
384,113,77,128,256,0.0666438
384,326,61,170,342,0.0666438
385,149,81,109,217,0.0624987
385,225,136,52,104,0.0624987
385,80,83,131,262,0.0624987
385,323,53,179,358,0.0624987
386,327,79,161,322,0.0709747
386,144,75,124,247,0.0709747
386,75,91,129,258,0.0709747
387,74,87,132,264,0.0641771
387,138,72,130,260,0.0641771
387,327,87,157,314,0.0641771
388,4,126,28,110,0.0580423
388,73,74,135,270,0.0580423
388,128,65,150,300,0.0580423
388,321,77,163,326,0.0580423
389,66,73,138,276,0.0625866
389,126,63,154,307,0.0625866
389,320,79,162,324,0.0625866
389,3,127,26,107,0.0625866
390,64,75,138,275,0.0579983
390,126,63,154,307,0.0579983
390,315,71,168,336,0.0579983
390,5,167,38,151,0.0579983
390,4,126,28,110,0.0579983
391,5,155,40,160,0.0576202
391,62,64,140,280,0.0576202
391,123,59,155,310,0.0576202
391,314,72,168,335,0.0576202
392,57,64,144,287,0.0658122
392,315,71,170,339,0.0658122
392,5,159,39,155,0.0658122
392,4,120,34,134,0.0658122
392,222,135,54,107,0.0658122
393,54,66,147,295,0.0614747
393,314,72,168,335,0.0614747
393,222,135,54,107,0.0614747
393,4,203,28,111,0.0614747
394,50,61,150,300,0.0606294
394,307,46,182,364,0.0606294
394,221,133,53,106,0.0606294
395,38,49,157,314,0.0669364
395,111,44,160,320,0.0669364
395,307,50,182,364,0.0669364
395,385,320,66,133,0.0669364
396,42,61,150,299,0.0607212
396,311,75,171,342,0.0607212
396,385,303,74,149,0.0607212
397,308,63,176,352,0.0738573
397,42,61,150,299,0.0738573
397,141,206,81,162,0.0738573
398,32,70,146,290,0.0665678
398,384,308,73,146,0.0665678
398,97,31,176,351,0.0665678
398,308,63,176,352,0.0665678
399,384,311,72,144,0.0545535
399,215,127,54,109,0.0545535
399,309,137,54,107,0.0545535
400,310,66,179,356,0.0625841
400,214,127,54,107,0.0625841
401,312,75,174,348,0.070914
401,91,31,178,356,0.070914
402,20,38,157,342,0.0580133
402,305,65,177,354,0.0580133
402,214,127,54,107,0.0580133
402,233,163,79,159,0.0580133
403,309,73,170,340,0.0633663
404,311,77,168,337,0.0667159
404,223,93,103,206,0.0667159
405,19,40,152,347,0.0606009
405,312,51,178,356,0.0606009
405,217,90,114,226,0.0606009
406,218,94,109,218,0.0602559
406,19,43,149,339,0.0602559
406,311,47,179,358,0.0602559
407,315,61,174,348,0.0605179
407,19,43,150,343,0.0605179
407,223,100,98,196,0.0605179
407,189,225,58,116,0.0605179
408,218,95,110,218,0.0581507
408,315,48,181,361,0.0581507
408,76,186,118,234,0.0581507
409,216,95,112,224,0.0624503
409,316,50,182,365,0.0624503
410,223,100,102,203,0.0610102
411,223,100,102,204,0.0616122
411,85,28,166,320,0.0616122
411,317,59,180,360,0.0616122
412,85,28,162,320,0.0610774
412,222,101,106,213,0.0610774
412,326,64,178,357,0.0610774
413,331,64,181,358,0.0566865
413,223,101,107,214,0.0566865
414,226,97,110,218,0.0672427
414,78,31,179,351,0.0672427
414,325,60,185,362,0.0672427
415,5,14,42,157,0.0625704
415,172,321,65,129,0.0625704
415,223,92,117,232,0.0625704
415,330,73,178,350,0.0625704
416,336,76,172,344,0.0664007
416,7,49,56,224,0.0664007
416,225,91,115,230,0.0664007
417,225,93,114,229,0.0711996
417,335,74,173,346,0.0711996
418,225,93,114,229,0.0618288
418,336,76,172,344,0.0618288
419,336,76,172,344,0.0618377
419,222,91,119,237,0.0618377
420,335,77,173,346,0.0608484
420,224,91,115,230,0.0608484
421,333,72,175,350,0.0606464
421,224,94,114,228,0.0606464
422,332,58,181,362,0.0609742
422,219,86,120,239,0.0609742
423,218,84,120,240,0.0600672
423,329,47,187,373,0.0600672
424,325,60,185,362,0.0644225
424,219,89,114,227,0.0644225
424,585,254,49,110,0.0644225
425,217,94,111,222,0.0621571
425,328,66,180,356,0.0621571
425,4,336,28,110,0.0621571
426,218,99,106,213,0.0605398
426,70,208,126,234,0.0605398
426,10,26,77,292,0.0605398
426,584,251,50,114,0.0605398
426,326,71,178,352,0.0605398
427,327,73,176,350,0.0741268
427,217,97,107,214,0.0741268
427,590,261,45,107,0.0741268
428,10,25,77,287,0.0593463
428,216,100,106,212,0.0593463
428,327,73,174,348,0.0593463
428,590,261,45,107,0.0593463
429,211,94,112,223,0.0634427
429,322,60,186,362,0.0634427
429,591,261,44,107,0.0634427
430,207,91,118,234,0.0650112
430,326,85,168,336,0.0650112
430,3,27,27,110,0.0650112
430,590,261,45,107,0.0650112
431,211,92,106,210,0.0594248
431,327,73,174,348,0.0594248
431,588,261,46,107,0.0594248
432,324,75,177,349,0.0589537
432,207,90,106,211,0.0589537
432,590,261,45,107,0.0589537
433,205,88,108,215,0.0703882
433,324,71,180,352,0.0703882
433,4,162,28,110,0.0703882
433,591,261,44,107,0.0703882
434,324,71,180,352,0.066513
434,204,88,109,218,0.066513
434,108,307,72,144,0.066513
435,201,85,111,223,0.0641364
435,5,241,37,145,0.0641364
435,107,310,72,143,0.0641364
435,324,75,177,349,0.0641364
436,200,82,110,219,0.064761
436,328,78,174,346,0.064761
436,4,263,34,134,0.064761
437,196,80,116,231,0.0581226
437,327,77,176,346,0.0581226
438,199,82,113,226,0.0620697
438,329,72,175,350,0.0620697
439,194,78,121,241,0.0591269
439,331,72,171,342,0.0591269
440,198,83,112,223,0.0706497
440,332,77,169,338,0.0706497
441,332,75,172,344,0.0637877
441,198,84,109,218,0.0637877
442,195,82,115,230,0.0596474
442,332,72,170,339,0.0596474
443,197,82,117,233,0.0668358
443,332,62,174,348,0.0668358
443,85,117,56,111,0.0668358
444,197,86,114,228,0.0695826
444,332,62,174,348,0.0695826
444,12,80,93,344,0.0695826
445,333,62,176,351,0.0812709
445,197,82,114,229,0.0812709
446,204,87,112,223,0.0628354
446,333,57,178,356,0.0628354
447,209,88,104,209,0.0571189
447,336,51,186,369,0.0571189
448,210,87,105,210,0.069237
448,340,50,182,364,0.069237
449,212,89,100,200,0.0625193
449,339,52,185,368,0.0625193
450,214,86,105,209,0.0641114
450,347,68,177,354,0.0641114
451,218,85,104,208,0.063892
451,348,64,178,356,0.063892
452,370,56,148,295,0.0738989
452,221,88,99,198,0.0738989
452,352,75,177,349,0.0738989
452,186,131,58,117,0.0738989
452,334,129,56,111,0.0738989
453,223,87,98,195,0.06947
453,351,51,186,369,0.06947
453,189,132,58,116,0.06947
454,223,88,101,201,0.0614997
454,189,128,62,123,0.0614997
454,4,166,28,112,0.0614997
454,357,51,188,369,0.0614997
455,222,85,110,219,0.067632
455,357,51,188,369,0.067632
455,4,166,28,114,0.067632
456,357,51,188,369,0.0689349
456,226,82,107,214,0.0689349
456,193,131,59,118,0.0689349
456,4,162,29,117,0.0689349
457,357,51,188,369,0.0869954
457,226,83,112,224,0.0869954
457,194,127,59,118,0.0869954
457,4,158,30,118,0.0869954
458,233,83,105,209,0.0594388
458,359,64,181,358,0.0594388
458,194,127,59,118,0.0594388
458,4,156,30,121,0.0594388
459,234,85,102,206,0.0613724
459,360,58,181,362,0.0613724
459,195,127,60,120,0.0613724
459,4,157,30,122,0.0613724
460,237,84,101,201,0.0578568
460,194,122,64,127,0.0578568
460,4,156,31,125,0.0578568
460,361,57,180,359,0.0578568
461,358,47,187,373,0.0624926
461,193,121,66,133,0.0624926
461,4,153,33,131,0.0624926
461,233,82,105,210,0.0624926
462,235,83,103,206,0.062884
462,195,122,63,126,0.062884
462,4,151,34,138,0.062884
462,360,41,186,370,0.062884
463,361,54,184,366,0.0592102
463,237,85,98,194,0.0592102
463,195,122,63,126,0.0592102
463,4,158,30,120,0.0592102
464,235,81,104,207,0.0646335
464,364,51,182,364,0.0646335
464,192,119,67,134,0.0646335
464,193,227,74,147,0.0646335
464,4,157,28,114,0.0646335
465,364,51,182,364,0.0598289
465,235,79,103,206,0.0598289
465,187,114,74,148,0.0598289
465,3,155,26,104,0.0598289
466,237,78,102,204,0.0564788
466,364,55,182,364,0.0564788
466,188,113,73,145,0.0564788
467,364,52,182,364,0.0808637
467,236,75,109,217,0.0808637
467,189,116,67,134,0.0808637
467,298,120,57,114,0.0808637
468,189,113,70,138,0.0670234
468,360,41,186,370,0.0670234
468,226,67,123,246,0.0670234
469,189,112,69,137,0.0655037
469,238,78,102,202,0.0655037
469,266,275,56,111,0.0655037
469,358,47,187,373,0.0655037
470,237,79,100,199,0.078051
470,183,113,66,131,0.078051
470,205,88,83,167,0.078051
470,357,43,188,376,0.078051
471,235,76,103,206,0.0693217
471,178,111,72,143,0.0693217
471,5,113,39,159,0.0693217
471,205,88,83,167,0.0693217
471,3,31,26,107,0.0693217
471,357,43,188,376,0.0693217
472,234,78,102,205,0.0648102
472,179,110,67,134,0.0648102
472,357,43,188,376,0.0648102
472,5,101,42,171,0.0648102
473,227,73,112,223,0.0856468
473,365,38,181,361,0.0856468
473,178,111,68,135,0.0856468
473,292,118,56,112,0.0856468
474,365,38,181,361,0.0835542
474,234,78,102,205,0.0835542
474,183,96,82,164,0.0835542
475,364,57,175,350,0.0728767
475,229,76,107,214,0.0728767
475,179,104,74,149,0.0728767
475,348,115,58,117,0.0728767
476,365,55,174,348,0.0627897
476,232,76,109,217,0.0627897
476,177,107,74,147,0.0627897
476,348,115,58,117,0.0627897
477,233,81,104,208,0.0759424
477,176,104,76,152,0.0759424
477,365,38,181,361,0.0759424
477,348,115,59,119,0.0759424
478,235,84,103,206,0.0665198
478,180,109,70,139,0.0665198
478,363,60,174,350,0.0665198
479,365,74,171,342,0.0725975
479,235,83,102,203,0.0725975
479,3,96,27,109,0.0725975
479,131,22,124,246,0.0725975
480,365,68,174,348,0.066148
480,237,82,99,198,0.066148
480,4,90,29,113,0.066148
480,178,112,72,144,0.066148
481,239,82,101,202,0.0722227
481,364,63,176,353,0.0722227
481,197,94,75,150,0.0722227
481,168,125,67,134,0.0722227
482,130,26,123,246,0.073173
482,238,84,102,206,0.073173
482,363,61,179,358,0.073173
482,196,95,78,156,0.073173
483,196,94,80,159,0.0601878
483,168,126,69,138,0.0601878
483,241,86,103,206,0.0601878
483,4,104,30,116,0.0601878
483,349,119,59,118,0.0601878
483,365,62,180,359,0.0601878
484,244,78,109,217,0.0735009
484,197,92,81,161,0.0735009
484,161,113,78,155,0.0735009
484,364,56,182,364,0.0735009
485,244,77,111,221,0.0770964
485,134,22,128,254,0.0770964
485,365,66,181,356,0.0770964
486,368,71,177,352,0.06689
486,193,82,97,193,0.06689
486,249,85,101,202,0.06689
486,163,121,74,148,0.06689
487,372,68,178,354,0.0615203
487,248,87,106,212,0.0615203
487,164,122,76,152,0.0615203
487,357,123,62,123,0.0615203
487,4,91,30,122,0.0615203
488,254,89,100,199,0.0568409
488,163,122,77,154,0.0568409
488,358,126,62,122,0.0568409
488,199,91,90,181,0.0568409
488,93,126,55,110,0.0568409
489,379,77,186,346,0.0577091
489,201,94,87,174,0.0577091
489,252,84,112,224,0.0577091
489,163,121,77,154,0.0577091
489,359,124,62,125,0.0577091
489,92,126,54,110,0.0577091
490,203,95,86,170,0.0646225
490,164,122,77,153,0.0646225
490,254,87,115,229,0.0646225
490,368,59,185,362,0.0646225
491,201,95,86,174,0.0757211
491,163,121,77,154,0.0757211
491,371,69,178,354,0.0757211
491,254,87,115,229,0.0757211
492,259,96,110,221,0.0637543
492,212,103,72,144,0.0637543
492,160,116,82,163,0.0637543
492,213,151,69,138,0.0637543
492,374,89,174,336,0.0637543
493,266,103,97,193,0.0612556
493,158,117,84,167,0.0612556
493,370,73,180,350,0.0612556
493,213,151,69,138,0.0612556
494,260,95,110,218,0.0674159
494,162,120,84,167,0.0674159
494,211,102,74,148,0.0674159
494,367,136,61,122,0.0674159
494,301,303,54,107,0.0674159
495,265,102,100,200,0.0612033
495,161,120,85,169,0.0612033
495,373,76,182,347,0.0612033
496,370,93,177,333,0.0560718
496,161,121,82,163,0.0560718
496,271,106,90,180,0.0560718
497,158,124,82,165,0.0600515
497,270,103,94,186,0.0600515
497,367,136,61,122,0.0600515
498,375,85,179,340,0.0579099
498,159,120,85,170,0.0579099
498,270,105,94,186,0.0579099
498,539,266,70,140,0.0579099
498,321,164,70,140,0.0579099
499,155,126,82,165,0.0642161
499,266,101,99,198,0.0642161
499,199,107,76,151,0.0642161
499,375,90,178,335,0.0642161
500,156,122,84,169,0.0801723
500,266,99,101,202,0.0801723
500,363,133,64,128,0.0801723
500,378,105,168,322,0.0801723
501,149,119,88,176,0.0651821
501,265,100,102,202,0.0651821
501,199,107,76,151,0.0651821
501,364,133,65,129,0.0651821
502,264,101,102,203,0.0586906
502,146,134,78,156,0.0586906
502,363,135,64,127,0.0586906
502,164,74,118,235,0.0586906
503,144,117,89,177,0.0594895
503,268,103,98,194,0.0594895
503,363,134,63,126,0.0594895
503,188,164,72,145,0.0594895
504,143,116,90,180,0.0629253
504,265,101,102,204,0.0629253
504,185,104,77,154,0.0629253
504,360,130,66,130,0.0629253
505,137,113,92,183,0.0598433
505,264,97,104,209,0.0598433
505,179,144,84,168,0.0598433
505,180,97,82,165,0.0598433
505,361,129,64,128,0.0598433
506,146,112,93,186,0.0703962
506,266,100,99,198,0.0703962
506,360,126,65,130,0.0703962
507,137,116,90,179,0.0673479
507,266,102,102,203,0.0673479
507,359,126,66,132,0.0673479
508,266,102,97,194,0.0956991
508,125,126,82,162,0.0956991
508,137,43,137,273,0.0956991
508,357,126,66,133,0.0956991
509,374,96,174,330,0.0620451
509,136,123,90,178,0.0620451
509,265,101,100,200,0.0620451
509,356,126,66,132,0.0620451
509,168,96,82,163,0.0620451
510,116,114,93,186,0.0632875
510,266,99,102,203,0.0632875
510,173,164,76,152,0.0632875
510,376,98,170,329,0.0632875
510,356,124,66,131,0.0632875
510,166,93,83,167,0.0632875
511,112,108,99,198,0.065359
511,264,97,102,205,0.065359
511,171,170,74,146,0.065359
511,355,126,65,130,0.065359
511,376,98,170,329,0.065359
511,4,108,30,116,0.065359
512,109,104,102,205,0.06286
512,259,87,113,226,0.06286
512,168,163,78,155,0.06286
512,368,84,178,341,0.06286
513,107,105,102,204,0.0705184
513,369,89,177,336,0.0705184
513,260,87,110,218,0.0705184
513,352,120,68,135,0.0705184
514,100,103,104,209,0.058769
514,367,79,179,345,0.058769
514,9,24,73,275,0.058769
514,263,90,103,206,0.058769
514,155,151,89,178,0.058769
515,94,119,94,187,0.0598972
515,554,233,77,186,0.0598972
515,352,118,67,134,0.0598972
515,258,81,112,223,0.0598972
515,372,80,178,344,0.0598972
516,371,83,175,342,0.0577829
516,90,116,97,194,0.0577829
516,145,135,95,190,0.0577829
516,258,78,112,223,0.0577829
516,351,116,68,135,0.0577829
517,373,83,174,342,0.0606904
517,118,57,132,263,0.0606904
517,85,120,97,194,0.0606904
517,258,78,112,223,0.0606904
517,350,116,69,138,0.0606904
518,375,87,171,338,0.0648998
518,260,78,110,218,0.0648998
518,80,116,100,199,0.0648998
518,349,116,69,138,0.0648998
519,260,78,110,218,0.0568762
519,78,116,101,201,0.0568762
519,371,77,178,346,0.0568762
519,567,245,65,182,0.0568762
519,348,112,71,142,0.0568762
519,138,154,91,182,0.0568762
520,262,81,104,208,0.0644861
520,73,115,102,205,0.0644861
520,105,41,150,300,0.0644861
520,370,73,181,350,0.0644861
520,348,112,71,142,0.0644861
521,71,115,104,207,0.0585295
521,139,156,91,182,0.0585295
521,586,262,48,174,0.0585295
521,260,78,110,218,0.0585295
521,349,110,71,143,0.0585295
521,376,79,175,345,0.0585295
521,113,51,133,266,0.0585295
522,371,78,176,346,0.0633576
522,105,41,150,300,0.0633576
522,260,78,110,218,0.0633576
522,69,112,104,208,0.0633576
522,584,254,50,178,0.0633576
522,351,109,70,141,0.0633576
523,110,46,138,276,0.0552436
523,371,78,176,346,0.0552436
523,64,108,108,217,0.0552436
523,261,85,107,213,0.0552436
523,139,163,90,179,0.0552436
523,352,107,71,142,0.0552436
524,113,47,135,270,0.0725718
524,60,104,111,222,0.0725718
524,262,77,111,222,0.0725718
524,367,76,179,347,0.0725718
524,5,135,42,166,0.0725718
525,110,44,139,278,0.0642439
525,56,100,114,228,0.0642439
525,265,82,104,208,0.0642439
525,352,106,72,144,0.0642439
525,6,122,50,196,0.0642439
525,373,75,174,347,0.0642439
526,111,46,138,277,0.0593286
526,55,99,118,235,0.0593286
526,265,78,110,218,0.0593286
526,145,168,87,175,0.0593286
526,6,128,49,193,0.0593286
526,377,82,170,339,0.0593286
526,354,108,72,144,0.0593286
527,56,106,114,226,0.0597599
527,109,42,138,277,0.0597599
527,382,98,162,324,0.0597599
527,264,78,112,223,0.0597599
527,5,145,39,157,0.0597599
527,354,106,74,149,0.0597599
528,68,82,127,254,0.0557194
528,357,109,74,146,0.0557194
528,5,151,37,147,0.0557194
528,270,78,112,223,0.0557194
528,381,92,166,331,0.0557194
529,73,79,130,260,0.0579429
529,379,82,173,342,0.0579429
529,361,113,70,141,0.0579429
529,5,144,39,157,0.0579429
530,100,35,156,312,0.0700678
530,54,109,114,229,0.0700678
530,5,140,41,163,0.0700678
530,379,75,177,348,0.0700678
530,362,114,68,136,0.0700678
531,100,35,157,313,0.0654666
531,388,78,176,346,0.0654666
531,52,111,113,226,0.0654666
531,363,116,67,134,0.0654666
531,283,97,79,159,0.0654666
531,5,136,42,170,0.0654666
532,64,88,130,260,0.0632491
532,388,78,176,346,0.0632491
532,276,78,112,223,0.0632491
532,364,117,66,133,0.0632491
532,5,138,42,167,0.0632491
533,61,83,135,270,0.0625142
533,390,75,179,349,0.0625142
533,276,81,112,223,0.0625142
533,364,114,68,136,0.0625142
533,5,139,41,164,0.0625142
534,44,118,116,231,0.0623233
534,364,116,72,144,0.0623233
534,5,139,42,166,0.0623233
534,277,84,107,214,0.0623233
534,93,44,162,323,0.0623233
534,392,73,182,350,0.0623233
535,279,87,104,208,0.0716278
535,37,111,122,242,0.0716278
535,366,117,71,142,0.0716278
535,5,135,42,171,0.0716278
535,86,30,174,344,0.0716278
535,392,73,182,350,0.0716278
536,49,87,135,270,0.0598468
536,279,87,105,209,0.0598468
536,392,77,182,346,0.0598468
536,365,119,69,138,0.0598468
536,5,138,42,171,0.0598468
537,279,91,106,210,0.0600609
537,51,81,140,281,0.0600609
537,365,117,71,142,0.0600609
537,5,138,42,171,0.0600609
537,392,77,182,346,0.0600609
538,279,87,106,210,0.058683
538,29,114,118,235,0.058683
538,76,30,176,344,0.058683
538,366,116,71,142,0.058683
539,281,94,102,204,0.0668535
539,17,105,128,255,0.0668535
539,363,115,71,142,0.0668535
539,5,138,43,175,0.0668535
539,67,31,180,351,0.0668535
540,280,91,104,208,0.0656222
540,363,114,74,148,0.0656222
540,17,77,138,314,0.0656222
540,63,30,178,347,0.0656222
541,17,75,134,307,0.0660753
541,278,90,109,217,0.0660753
541,57,30,176,343,0.0660753
541,362,112,76,151,0.0660753
542,278,83,109,216,0.0719482
542,14,100,116,257,0.0719482
542,361,114,74,148,0.0719482
542,54,30,180,348,0.0719482
543,53,31,179,351,0.0552399
543,279,85,106,210,0.0552399
543,360,114,73,146,0.0552399
543,420,60,95,190,0.0552399
543,14,110,110,253,0.0552399
544,14,89,113,290,0.0549066
544,54,51,177,354,0.0549066
544,277,80,110,219,0.0549066
544,359,116,74,148,0.0549066
545,14,78,115,314,0.0608902
545,401,96,174,330,0.0608902
545,433,68,75,150,0.0608902
545,358,116,74,147,0.0608902
545,276,81,112,223,0.0608902
546,12,100,99,286,0.06209
546,81,189,114,229,0.06209
546,276,78,112,223,0.06209
546,358,122,70,141,0.06209
546,435,69,72,145,0.06209
547,45,117,158,312,0.0629112
547,395,76,179,347,0.0629112
547,353,117,73,145,0.0629112
548,262,84,111,222,0.056386
548,349,116,74,148,0.056386
548,48,154,145,281,0.056386
548,3,238,26,107,0.056386
549,261,82,114,226,0.0712625
549,352,124,70,138,0.0712625
549,12,51,94,369,0.0712625
550,10,98,78,312,0.0735501
550,258,84,112,223,0.0735501
550,348,122,72,145,0.0735501
550,132,140,86,173,0.0735501
550,165,120,57,114,0.0735501
551,10,120,76,304,0.0717672
551,343,116,75,150,0.0717672
551,259,88,110,221,0.0717672
551,392,86,182,339,0.0717672
552,10,111,77,307,0.0637674
552,258,84,112,223,0.0637674
552,5,45,39,158,0.0637674
552,341,121,74,149,0.0637674
553,254,82,115,229,0.0621786
553,337,118,78,156,0.0621786
553,4,241,28,114,0.0621786
554,254,82,115,229,0.0611069
554,335,119,78,156,0.0611069
554,4,322,30,122,0.0611069
555,333,116,80,161,0.0662512
555,6,230,47,189,0.0662512
555,254,82,115,229,0.0662512
555,157,125,57,113,0.0662512
556,250,86,114,226,0.0545371
556,330,119,80,161,0.0545371
556,155,125,58,117,0.0545371
557,250,86,114,226,0.0599264
557,5,298,40,157,0.0599264
557,154,124,59,118,0.0599264
558,30,14,89,159,0.0667025
558,250,86,114,226,0.0667025
558,331,113,82,164,0.0667025
558,155,124,58,117,0.0667025
558,38,367,54,98,0.0667025
559,251,88,106,213,0.0598269
559,27,14,85,159,0.0598269
559,330,110,82,166,0.0598269
559,155,124,60,119,0.0598269
560,253,91,102,202,0.0582178
560,14,14,88,165,0.0582178
560,335,119,74,148,0.0582178
560,366,219,62,125,0.0582178
560,155,126,58,115,0.0582178
561,252,92,100,200,0.073136
561,366,216,66,132,0.073136
561,158,127,54,107,0.073136
562,253,92,98,197,0.0622528
562,366,216,65,129,0.0622528
562,155,125,58,117,0.0622528
562,3,20,26,107,0.0622528
562,337,118,86,171,0.0622528
563,256,93,98,197,0.0618797
563,339,121,86,171,0.0618797
564,258,92,102,203,0.0594872
564,345,122,87,174,0.0594872
564,10,132,81,299,0.0594872
564,397,95,176,331,0.0594872
564,163,124,62,122,0.0594872
565,266,98,93,185,0.0557728
565,344,113,86,171,0.0557728
565,11,229,58,114,0.0557728
565,164,125,60,119,0.0557728
566,267,98,93,185,0.0572265
566,9,216,74,197,0.0572265
566,343,112,84,168,0.0572265
566,164,124,61,122,0.0572265
567,8,205,66,237,0.0592513
567,268,103,89,178,0.0592513
567,344,113,82,166,0.0592513
567,167,125,59,119,0.0592513
568,268,105,92,184,0.0714899
568,346,113,83,166,0.0714899
568,5,206,40,165,0.0714899
568,172,125,60,119,0.0714899
569,11,29,89,326,0.0724808
569,270,106,90,180,0.0724808
569,351,117,77,153,0.0724808
569,174,125,60,119,0.0724808
570,272,106,89,177,0.0583087
570,11,28,86,318,0.0583087
570,352,117,79,158,0.0583087
570,174,126,60,119,0.0583087
571,270,107,91,183,0.0617138
571,355,120,78,157,0.0617138
571,173,126,61,122,0.0617138
572,275,108,90,179,0.064161
572,356,121,75,151,0.064161
572,11,29,89,328,0.064161
572,175,127,60,120,0.064161
573,277,106,90,180,0.0558657
573,359,121,76,152,0.0558657
573,178,129,57,114,0.0558657
574,282,111,85,170,0.0592448
574,360,121,76,152,0.0592448
574,328,171,72,144,0.0592448
574,264,331,56,111,0.0592448
575,283,111,86,170,0.0710334
575,361,119,77,154,0.0710334
575,183,131,54,109,0.0710334
576,283,113,82,165,0.0655539
576,362,120,77,154,0.0655539
576,7,20,56,223,0.0655539
576,183,132,54,108,0.0655539
577,282,105,90,181,0.0584317
577,361,119,81,162,0.0584317
577,263,332,58,115,0.0584317
578,280,104,91,183,0.0596179
578,362,121,80,160,0.0596179
579,279,104,93,186,0.0603604
579,182,132,60,120,0.0603604
579,362,126,82,163,0.0603604
579,264,343,54,109,0.0603604
580,277,104,94,186,0.0614896
580,361,125,82,163,0.0614896
580,183,135,54,107,0.0614896
581,277,106,92,185,0.0702776
581,356,123,84,168,0.0702776
581,607,119,30,111,0.0702776
582,270,104,98,196,0.063936
582,354,122,86,170,0.063936
582,609,123,28,110,0.063936
583,271,105,97,193,0.060109
583,313,117,99,198,0.060109
583,363,133,79,158,0.060109
583,172,129,64,127,0.060109
583,609,123,28,110,0.060109
584,268,106,98,196,0.059166
584,362,126,82,164,0.059166
584,172,131,62,124,0.059166
584,313,118,98,197,0.059166
584,4,132,30,116,0.059166
585,268,108,97,193,0.058908
585,359,124,84,167,0.058908
585,172,131,62,124,0.058908
586,265,107,99,198,0.0700614
586,357,122,86,170,0.0700614
586,172,131,59,118,0.0700614
587,357,118,86,172,0.0656996
587,266,107,96,192,0.0656996
587,608,134,29,110,0.0656996
588,355,118,86,173,0.070611
588,264,107,97,194,0.070611
588,165,128,70,140,0.070611
588,608,134,29,110,0.070611
588,3,228,27,110,0.070611
589,354,114,89,177,0.0640701
589,259,106,101,202,0.0640701
589,166,129,62,125,0.0640701
589,8,120,60,238,0.0640701
589,3,101,26,107,0.0640701
590,353,113,90,181,0.0599604
590,259,109,96,192,0.0599604
590,163,132,61,121,0.0599604
590,609,78,28,109,0.0599604
590,3,101,26,107,0.0599604
591,9,30,70,282,0.0610609
591,253,107,98,195,0.0610609
591,356,116,86,171,0.0610609
591,163,131,59,118,0.0610609
591,609,78,28,109,0.0610609
591,248,260,57,113,0.0610609
592,252,106,97,193,0.0666784
592,352,109,94,186,0.0666784
592,5,150,43,173,0.0666784
592,609,72,28,109,0.0666784
592,248,260,57,113,0.0666784
593,253,107,94,189,0.0665843
593,349,101,102,203,0.0665843
593,5,151,42,171,0.0665843
593,167,135,54,107,0.0665843
593,610,139,26,104,0.0665843
594,252,107,94,189,0.0736438
594,349,105,98,195,0.0736438
594,166,134,55,110,0.0736438
595,8,31,68,272,0.0577354
595,252,107,94,189,0.0577354
595,351,102,101,201,0.0577354
595,315,176,70,140,0.0577354
596,7,102,54,213,0.0628508
596,251,106,96,192,0.0628508
596,352,97,102,204,0.0628508
596,316,179,70,141,0.0628508
597,9,31,70,277,0.0662896
597,251,106,96,191,0.0662896
597,357,106,95,190,0.0662896
597,315,177,72,145,0.0662896
598,9,34,70,278,0.0650399
598,251,109,96,191,0.0650399
598,359,105,98,195,0.0650399
598,315,176,69,138,0.0650399
598,351,362,54,102,0.0650399
599,252,109,94,188,0.0578282
599,363,111,92,185,0.0578282
599,5,172,41,163,0.0578282
599,245,261,65,129,0.0578282
599,9,32,70,281,0.0578282
600,250,109,98,195,0.0808784
600,9,32,71,286,0.0808784
600,365,113,93,185,0.0808784
600,317,179,71,142,0.0808784
600,245,265,65,129,0.0808784
601,253,114,94,188,0.0598207
601,369,118,88,176,0.0598207
601,6,138,50,199,0.0598207
601,9,32,70,281,0.0598207
602,9,40,70,282,0.0622775
602,254,117,93,185,0.0622775
602,372,120,87,174,0.0622775
602,6,147,49,194,0.0622775
602,162,137,63,126,0.0622775
603,255,120,92,183,0.0580205
603,371,117,94,189,0.0580205
603,9,42,72,289,0.0580205
603,165,140,58,116,0.0580205
604,8,96,60,239,0.0645983
604,252,118,97,194,0.0645983
604,374,123,90,180,0.0645983
604,164,139,59,118,0.0645983
604,501,263,54,110,0.0645983
605,254,122,94,189,0.0631519
605,375,121,94,187,0.0631519
605,8,98,60,240,0.0631519
605,601,193,34,128,0.0631519
605,307,280,58,115,0.0631519
606,8,91,62,248,0.0718901
606,260,117,96,191,0.0718901
606,379,122,97,194,0.0718901
606,175,143,55,110,0.0718901
607,9,61,70,282,0.060958
607,265,115,98,195,0.060958
607,383,126,94,187,0.060958
607,175,147,54,107,0.060958
607,332,182,70,140,0.060958
608,9,68,69,273,0.0621082
608,267,119,95,190,0.0621082
608,386,124,95,190,0.0621082
608,331,182,72,144,0.0621082
608,173,140,61,122,0.0621082
609,9,52,71,285,0.0685974
609,267,119,97,194,0.0685974
609,391,127,94,186,0.0685974
609,174,144,61,122,0.0685974
610,9,43,75,300,0.0680231
610,266,117,99,198,0.0680231
610,392,130,94,190,0.0680231
610,176,140,58,117,0.0680231
611,9,48,74,294,0.0575016
611,265,116,102,203,0.0575016
611,395,127,97,193,0.0575016
611,337,182,74,148,0.0575016
611,183,143,54,107,0.0575016
612,9,43,74,297,0.0600145
612,272,122,91,183,0.0600145
612,401,144,90,179,0.0600145
612,372,152,55,110,0.0600145
613,9,43,74,298,0.0682225
613,407,162,82,164,0.0682225
613,264,118,104,206,0.0682225
613,306,287,68,135,0.0682225
613,609,368,28,96,0.0682225
613,171,138,79,159,0.0682225
614,9,57,73,290,0.0678381
614,407,151,89,177,0.0678381
614,265,120,102,203,0.0678381
614,171,138,79,159,0.0678381
614,341,193,72,144,0.0678381
614,305,288,66,130,0.0678381
615,266,125,99,198,0.0610372
615,401,130,99,199,0.0610372
615,183,148,57,114,0.0610372
615,307,291,64,127,0.0610372
615,9,49,74,298,0.0610372
616,266,124,102,202,0.0666557
616,403,128,102,204,0.0666557
616,179,144,69,137,0.0666557
616,309,292,66,130,0.0666557
616,9,62,73,289,0.0666557
617,9,66,69,278,0.0571257
617,405,132,102,202,0.0571257
617,266,124,102,202,0.0571257
617,309,294,70,139,0.0571257
617,180,146,65,129,0.0571257
618,10,28,81,317,0.0581378
618,265,125,102,203,0.0581378
618,405,131,102,203,0.0581378
618,178,146,65,129,0.0581378
619,8,105,62,245,0.0612235
619,266,128,101,202,0.0612235
619,411,150,94,190,0.0612235
619,177,147,64,128,0.0612235
619,373,160,55,110,0.0612235
620,263,123,104,208,0.0569723
620,406,130,107,214,0.0569723
620,8,107,61,242,0.0569723
620,533,186,78,155,0.0569723
620,173,144,69,137,0.0569723
621,534,186,78,157,0.0615907
621,263,123,104,208,0.0615907
621,406,136,104,207,0.0615907
621,6,145,52,206,0.0615907
621,173,147,62,125,0.0615907
621,340,229,59,118,0.0615907
622,263,123,104,208,0.0750497
622,413,158,94,186,0.0750497
622,6,146,51,206,0.0750497
622,548,275,82,176,0.0750497
622,534,188,78,157,0.0750497
622,171,144,69,137,0.0750497
623,264,125,102,203,0.0612605
623,405,140,103,206,0.0612605
623,547,276,82,175,0.0612605
623,173,147,62,125,0.0612605
623,4,127,36,143,0.0612605
623,310,119,112,223,0.0612605
623,6,181,44,178,0.0612605
623,531,184,83,167,0.0612605
624,263,123,104,208,0.0679165
624,405,138,104,207,0.0679165
624,546,274,83,178,0.0679165
624,4,133,34,136,0.0679165
624,173,151,61,121,0.0679165
625,264,126,101,202,0.0756057
625,406,142,102,205,0.0756057
625,169,147,67,134,0.0756057
625,326,188,77,154,0.0756057
625,543,263,86,186,0.0756057
626,259,126,100,200,0.0636057
626,404,142,102,203,0.0636057
626,164,147,67,134,0.0636057
626,323,190,70,140,0.0636057
627,403,139,102,204,0.0648795
627,255,124,102,205,0.0648795
627,320,187,76,152,0.0648795
627,163,147,62,125,0.0648795
628,252,127,102,205,0.0611043
628,401,140,103,206,0.0611043
628,164,151,61,121,0.0611043
628,315,176,80,161,0.0611043
629,397,136,106,212,0.0570599
629,254,127,98,194,0.0570599
629,164,151,61,121,0.0570599
630,315,160,90,179,0.0639068
630,395,133,106,212,0.0639068
630,251,131,98,196,0.0639068
630,159,144,69,138,0.0639068
631,254,129,94,187,0.0664605
631,323,130,103,206,0.0664605
631,394,131,107,214,0.0664605
631,157,144,74,146,0.0664605
632,395,128,109,218,0.070997
632,254,132,97,193,0.070997
632,153,145,70,141,0.070997
632,335,159,89,178,0.070997
633,396,124,114,226,0.0667044
633,255,133,94,189,0.0667044
633,152,147,72,143,0.0667044
634,253,132,98,194,0.0613238
634,401,129,111,222,0.0613238
634,153,146,71,142,0.0613238
634,340,167,83,167,0.0613238
634,580,257,54,125,0.0613238
635,254,132,98,195,0.06971
635,398,119,117,232,0.06971
635,152,146,71,142,0.06971
636,254,133,98,196,0.0596118
636,153,148,67,135,0.0596118
636,400,118,120,239,0.0596118
636,340,163,90,179,0.0596118
637,401,121,118,235,0.0736989
637,255,137,98,194,0.0736989
637,152,155,65,130,0.0736989
637,544,299,58,115,0.0736989
638,253,132,104,207,0.0564974
638,402,124,118,235,0.0564974
638,151,153,67,134,0.0564974
638,544,292,58,117,0.0564974
638,342,160,92,184,0.0564974
639,258,134,98,195,0.0676164
639,153,155,66,132,0.0676164
639,403,117,119,237,0.0676164
639,344,162,91,182,0.0676164
640,411,138,110,222,0.0676348
640,261,136,95,191,0.0676348
640,344,153,97,193,0.0676348
640,152,154,68,136,0.0676348
641,264,137,94,189,0.0546297
641,344,153,97,193,0.0546297
641,409,126,119,238,0.0546297
641,154,157,67,134,0.0546297
642,414,130,118,235,0.0671188
642,268,140,93,185,0.0671188
642,346,144,102,202,0.0671188
642,156,156,69,137,0.0671188
643,413,123,122,242,0.0615993
643,268,140,95,190,0.0615993
643,156,155,71,142,0.0615993
644,268,140,95,190,0.0600079
644,345,137,110,218,0.0600079
644,421,138,114,227,0.0600079
644,559,176,72,262,0.0600079
644,157,156,71,143,0.0600079
645,425,147,110,219,0.0607396
645,269,141,94,190,0.0607396
645,346,142,112,223,0.0607396
645,562,185,70,254,0.0607396
645,158,157,71,142,0.0607396
646,559,176,72,262,0.0606297
646,268,140,96,191,0.0606297
646,348,142,112,224,0.0606297
646,424,129,120,239,0.0606297
646,158,157,71,142,0.0606297
647,425,119,125,249,0.0563375
647,268,142,96,191,0.0563375
647,353,149,103,206,0.0563375
647,157,156,70,142,0.0563375
648,431,138,116,231,0.0752458
648,268,142,97,193,0.0752458
648,350,140,111,222,0.0752458
648,157,156,70,142,0.0752458
649,429,131,119,238,0.0610286
649,270,141,96,191,0.0610286
649,352,143,111,222,0.0610286
649,157,156,70,142,0.0610286
650,271,142,96,191,0.0656342
650,352,145,110,221,0.0656342
650,426,118,127,254,0.0656342
650,158,157,71,142,0.0656342
650,4,92,30,118,0.0656342
651,436,149,112,225,0.0611818
651,270,140,98,196,0.0611818
651,352,145,112,224,0.0611818
651,157,157,72,144,0.0611818
651,4,98,29,113,0.0611818
652,426,111,131,262,0.0577033
652,267,140,100,199,0.0577033
652,348,140,116,232,0.0577033
652,157,156,70,142,0.0577033
652,4,95,29,116,0.0577033
653,423,99,139,278,0.0642731
653,270,143,97,193,0.0642731
653,348,144,115,230,0.0642731
653,156,157,74,149,0.0642731
653,4,100,28,110,0.0642731
654,428,118,133,265,0.0558926
654,269,144,94,189,0.0558926
654,347,139,118,234,0.0558926
654,157,156,70,139,0.0558926
655,417,90,147,294,0.074816
655,268,139,98,196,0.074816
655,347,133,122,245,0.074816
655,152,154,74,147,0.074816
656,427,106,139,278,0.0700447
656,270,145,93,185,0.0700447
656,350,144,118,237,0.0700447
656,153,156,70,141,0.0700447
657,270,145,91,182,0.0687443
657,347,143,118,236,0.0687443
657,433,125,130,260,0.0687443
657,151,157,74,147,0.0687443
658,269,143,93,186,0.0749437
658,347,140,117,233,0.0749437
658,426,110,142,283,0.0749437
658,149,155,74,150,0.0749437
659,340,129,126,254,0.0584786
659,269,143,92,183,0.0584786
660,340,127,126,252,0.0643373
660,266,140,95,190,0.0643373
660,438,125,130,261,0.0643373
660,146,157,74,147,0.0643373
660,609,261,28,109,0.0643373
661,337,116,133,266,0.0590738
661,268,142,92,184,0.0590738
661,142,155,78,156,0.0590738
661,607,259,30,112,0.0590738
661,445,134,122,245,0.0590738
662,337,118,132,263,0.0645826
662,267,141,92,185,0.0645826
662,141,157,79,158,0.0645826
662,609,261,28,109,0.0645826
662,445,134,122,245,0.0645826
663,331,112,141,281,0.0818031
663,265,140,94,189,0.0818031
663,137,155,78,157,0.0818031
663,441,124,130,259,0.0818031
663,608,261,29,110,0.0818031
664,136,154,81,162,0.0689561
664,260,139,98,195,0.0689561
664,442,125,130,260,0.0689561
664,608,261,29,107,0.0689561
664,330,117,142,283,0.0689561
665,132,152,84,168,0.0749272
665,257,141,98,195,0.0749272
665,328,113,143,286,0.0749272
665,444,127,130,260,0.0749272
665,608,261,29,107,0.0749272
666,329,119,142,284,0.0783109
666,257,143,94,186,0.0783109
666,443,122,132,263,0.0783109
666,135,156,72,145,0.0783109
667,443,116,134,268,0.0686486
667,329,113,146,292,0.0686486
667,256,144,94,188,0.0686486
667,128,153,82,162,0.0686486
667,581,302,52,153,0.0686486
668,327,114,144,288,0.0639025
668,443,122,132,263,0.0639025
668,255,143,94,188,0.0639025
668,580,303,54,152,0.0639025
668,125,154,79,158,0.0639025
668,609,260,28,106,0.0639025
669,325,108,151,302,0.0597275
669,251,138,101,202,0.0597275
669,580,303,54,152,0.0597275
669,443,122,132,263,0.0597275
669,609,261,28,109,0.0597275
669,125,155,78,155,0.0597275
670,324,111,150,301,0.0669722
670,441,105,139,278,0.0669722
670,252,139,98,195,0.0669722
670,120,150,82,165,0.0669722
670,608,259,29,110,0.0669722
671,433,106,142,285,0.0619051
671,316,106,157,314,0.0619051
671,251,139,99,198,0.0619051
671,118,149,85,170,0.0619051
671,606,258,30,114,0.0619051
672,429,91,150,300,0.0620083
672,320,103,156,313,0.0620083
672,251,138,99,198,0.0620083
672,117,149,86,172,0.0620083
673,252,137,101,201,0.0664356
673,117,149,86,172,0.0664356
673,593,245,42,162,0.0664356
673,423,89,153,306,0.0664356
673,317,100,164,327,0.0664356
674,252,138,98,195,0.0566155
674,117,153,80,161,0.0566155
674,317,100,164,327,0.0566155
675,321,103,158,317,0.0789626
675,255,139,95,190,0.0789626
675,116,152,82,162,0.0789626
676,255,139,94,188,0.0665235
676,115,157,81,162,0.0665235
676,224,167,62,122,0.0665235
676,321,101,159,318,0.0665235
677,255,139,95,190,0.0607299
677,320,107,161,321,0.0607299
677,112,153,85,170,0.0607299
677,582,229,51,187,0.0607299
677,226,167,61,122,0.0607299
678,323,102,156,313,0.0676288
678,256,140,94,187,0.0676288
678,112,149,90,179,0.0676288
678,572,220,61,224,0.0676288
678,226,167,61,122,0.0676288
679,321,96,168,330,0.0607535
679,256,142,93,186,0.0607535
679,111,149,87,174,0.0607535
679,226,167,61,122,0.0607535
680,253,136,103,206,0.065997
680,317,97,173,330,0.065997
680,111,149,87,174,0.065997
681,109,147,95,190,0.0580261
681,253,137,104,207,0.0580261
681,322,103,171,324,0.0580261
682,255,136,106,211,0.0605049
682,110,151,91,182,0.0605049
682,322,92,180,334,0.0605049
683,113,149,87,174,0.0601083
683,341,94,178,332,0.0601083
683,253,136,113,226,0.0601083
684,114,149,87,174,0.0653595
684,263,139,99,199,0.0653595
684,378,87,178,338,0.0653595
684,609,200,28,110,0.0653595
685,414,88,174,337,0.0604048
685,263,141,100,200,0.0604048
685,115,147,87,174,0.0604048
685,609,212,28,110,0.0604048
685,233,164,66,131,0.0604048
686,117,153,84,168,0.0564736
686,266,140,97,194,0.0564736
686,415,88,176,337,0.0564736
686,233,163,67,134,0.0564736
687,425,96,170,330,0.0592837
687,266,138,98,196,0.0592837
687,582,229,51,187,0.0592837
687,121,149,77,154,0.0592837
688,268,137,96,192,0.0567154
688,424,83,178,342,0.0567154
688,219,274,57,113,0.0567154
689,274,138,89,177,0.0658169
689,119,140,93,185,0.0658169
689,426,87,175,338,0.0658169
689,237,165,64,128,0.0658169
690,426,95,174,331,0.0592025
690,276,139,83,166,0.0592025
690,121,139,88,176,0.0592025
690,4,130,34,138,0.0592025
690,242,159,63,126,0.0592025
691,276,133,89,178,0.058333
691,566,161,66,193,0.058333
691,120,139,89,178,0.058333
691,4,130,34,138,0.058333
691,531,248,70,141,0.058333
692,280,133,85,170,0.0609187
692,565,160,66,194,0.0609187
692,364,115,78,157,0.0609187
692,120,139,89,178,0.0609187
692,239,154,65,130,0.0609187
692,434,92,177,334,0.0609187
693,277,130,87,174,0.0613105
693,240,153,66,131,0.0613105
693,537,251,69,138,0.0613105
693,119,137,93,185,0.0613105
693,291,211,59,118,0.0613105
694,281,125,94,187,0.0607774
694,121,141,89,178,0.0607774
694,240,153,67,134,0.0607774
694,536,250,68,136,0.0607774
695,122,139,82,165,0.0748525
695,282,130,86,173,0.0748525
695,239,151,69,138,0.0748525
695,4,221,33,129,0.0748525
696,485,221,118,222,0.0752035
696,278,129,95,190,0.0752035
696,238,149,70,140,0.0752035
696,121,138,82,166,0.0752035
697,279,126,93,186,0.063788
697,237,149,70,141,0.063788
697,466,112,146,293,0.063788
698,281,124,93,185,0.058687
698,116,121,98,195,0.058687
698,237,144,71,142,0.058687
698,4,319,29,113,0.058687
699,281,122,95,190,0.0614873
699,117,121,92,184,0.0614873
699,238,141,70,141,0.0614873
699,4,319,29,113,0.0614873
700,115,122,91,183,0.0577023
700,281,119,96,193,0.0577023
700,238,140,71,142,0.0577023
700,351,292,57,113,0.0577023
701,111,119,95,190,0.0652104
701,282,124,93,186,0.0652104
701,239,142,67,135,0.0652104
701,324,230,95,190,0.0652104
702,112,118,92,184,0.0624598
702,280,123,94,189,0.0624598
702,239,140,69,138,0.0624598
702,350,299,52,104,0.0624598
703,110,116,93,186,0.0607032
703,283,120,90,178,0.0607032
703,239,138,70,141,0.0607032
704,110,124,87,174,0.0594815
704,284,116,88,176,0.0594815
704,239,138,70,141,0.0594815
705,281,109,94,187,0.05639
705,101,106,105,210,0.05639
705,444,241,103,206,0.05639
705,233,130,75,150,0.05639
706,299,112,150,300,0.0575159
706,281,100,102,203,0.0575159
706,104,113,95,190,0.0575159
706,237,131,71,142,0.0575159
707,235,125,74,150,0.0645451
707,101,109,98,198,0.0645451
708,102,105,93,186,0.0642376
708,234,119,76,151,0.0642376
709,106,105,86,171,0.0583191
709,236,117,74,147,0.0583191
709,349,87,61,122,0.0583191
710,295,109,139,278,0.0656153
710,236,117,74,148,0.0656153
710,102,95,92,184,0.0656153
710,609,172,27,107,0.0656153
710,438,244,54,107,0.0656153
710,348,83,62,122,0.0656153
711,97,91,102,203,0.0761041
711,236,113,76,152,0.0761041
711,343,78,68,136,0.0761041
711,440,259,54,107,0.0761041
712,269,94,160,320,0.062599
712,97,90,99,198,0.062599
712,234,109,78,156,0.062599
712,440,270,56,112,0.062599
713,276,98,150,298,0.0605131
713,98,94,90,181,0.0605131
713,113,169,59,118,0.0605131
713,429,271,61,122,0.0605131
714,95,86,104,208,0.058297
714,234,109,78,156,0.058297
714,427,280,60,120,0.058297
714,521,20,106,231,0.058297
714,510,379,52,87,0.058297
714,266,96,160,319,0.058297
715,264,95,160,320,0.0596877
715,93,81,109,217,0.0596877
716,88,79,111,223,0.0617599
716,236,107,76,152,0.0617599
717,93,88,90,178,0.0571781
717,233,105,79,159,0.0571781
717,416,299,61,121,0.0571781
718,86,76,111,222,0.0791865
718,397,127,54,107,0.0791865
718,351,260,57,113,0.0791865
718,416,295,63,126,0.0791865
719,88,81,99,198,0.057295
719,398,126,55,110,0.057295
720,85,81,103,206,0.0671374
720,302,40,77,154,0.0671374
720,398,126,55,110,0.0671374
721,80,77,111,222,0.0636574
721,294,38,78,156,0.0636574
721,401,125,54,106,0.0636574
721,10,145,77,154,0.0636574
722,288,33,82,163,0.0740518
722,10,151,76,151,0.0740518
722,80,71,111,222,0.0740518
722,272,319,57,114,0.0740518
723,84,73,102,203,0.0606051
723,5,14,42,161,0.0606051
723,269,325,54,109,0.0606051
724,5,14,41,155,0.0619749
724,83,76,96,192,0.0619749
724,9,136,72,156,0.0619749
724,340,134,82,163,0.0619749
724,400,125,100,200,0.0619749
724,261,328,57,114,0.0619749
725,79,75,98,197,0.0621535
725,396,129,107,214,0.0621535
725,339,135,81,162,0.0621535
725,254,328,65,129,0.0621535
725,11,82,87,342,0.0621535
726,76,72,102,205,0.0614795
726,244,336,66,124,0.0614795
726,10,111,77,306,0.0614795
726,366,29,169,334,0.0614795
726,4,15,35,142,0.0614795
727,357,30,176,345,0.0762357
727,9,121,71,286,0.0762357
727,67,71,113,226,0.0762357
727,232,346,68,115,0.0762357
727,336,129,85,170,0.0762357
727,8,111,67,179,0.0762357
728,65,68,112,224,0.0627902
728,365,30,174,340,0.0627902
728,222,357,59,106,0.0627902
728,3,128,27,109,0.0627902
729,59,60,119,238,0.0602811
729,349,30,181,346,0.0602811
729,207,367,58,98,0.0602811
730,55,61,118,237,0.071047
730,9,112,71,273,0.071047
730,284,76,93,186,0.071047
730,339,31,185,351,0.071047
730,192,367,58,98,0.071047
731,9,104,70,281,0.0678926
731,282,78,90,179,0.0678926
731,338,30,180,348,0.0678926
731,78,157,61,122,0.0678926
732,6,94,51,204,0.0658275
732,279,75,92,185,0.0658275
732,328,29,172,337,0.0658275
733,318,30,180,343,0.0628876
733,6,109,47,189,0.0628876
734,314,29,169,330,0.072181
734,274,78,90,179,0.072181
734,6,134,44,174,0.072181
734,191,255,69,138,0.072181
735,272,75,91,182,0.0579482
735,20,141,69,138,0.0579482
735,309,28,166,325,0.0579482
736,270,70,94,187,0.0622752
736,592,125,42,159,0.0622752
736,203,71,102,202,0.0622752
736,6,141,52,138,0.0622752
737,202,81,89,178,0.0628645
737,271,74,89,178,0.0628645
737,592,125,42,159,0.0628645
738,291,29,168,329,0.0594608
738,191,68,102,204,0.0594608
738,270,76,82,163,0.0594608
739,184,71,96,193,0.0643275
739,258,72,90,179,0.0643275
739,341,250,79,159,0.0643275
740,177,65,102,203,0.0659442
740,257,75,87,175,0.0659442
740,608,117,29,110,0.0659442
741,173,64,106,210,0.0534937
741,608,120,29,111,0.0534937
742,7,151,58,226,0.0623678
742,164,60,110,219,0.0623678
742,359,121,59,118,0.0623678
743,10,27,84,309,0.0626106
743,163,67,103,206,0.0626106
743,337,190,52,104,0.0626106
744,159,65,106,211,0.056181
744,348,115,62,123,0.056181
744,239,73,94,188,0.056181
744,269,181,90,180,0.056181
745,155,68,105,209,0.0550036
745,340,111,65,129,0.0550036
745,10,46,78,314,0.0550036
745,334,269,54,107,0.0550036
746,9,81,70,280,0.0735502
746,206,32,186,362,0.0735502
746,147,66,105,210,0.0735502
746,599,63,36,130,0.0735502
747,10,27,76,304,0.057413
747,146,73,99,198,0.057413
747,236,182,116,231,0.057413
747,328,107,68,136,0.057413
748,140,72,102,204,0.0655147
748,320,101,71,142,0.0655147
748,5,100,39,159,0.0655147
748,4,161,33,130,0.0655147
748,4,23,29,113,0.0655147
749,137,77,101,202,0.0600048
749,234,192,102,202,0.0600048
749,316,101,73,145,0.0600048
749,4,105,34,134,0.0600048
750,130,72,105,210,0.0619818
750,311,98,75,151,0.0619818
750,4,89,29,113,0.0619818
750,495,134,65,129,0.0619818
751,125,71,106,213,0.0589465
751,305,96,78,158,0.0589465
752,123,76,106,212,0.0599879
752,306,96,79,158,0.0599879
753,118,74,108,216,0.0573609
753,586,121,48,178,0.0573609
753,308,103,76,152,0.0573609
754,115,73,111,222,0.0592119
754,584,124,50,182,0.0592119
754,307,102,77,153,0.0592119
755,143,29,179,337,0.0676678
755,115,76,108,216,0.0676678
755,304,101,78,158,0.0676678
755,581,123,52,190,0.0676678
756,104,64,120,240,0.0594231
756,303,101,80,160,0.0594231
756,143,29,179,337,0.0594231
757,103,62,122,243,0.0698485
757,132,31,187,355,0.0698485
757,301,103,80,159,0.0698485
758,96,59,130,259,0.0626362
758,302,106,78,157,0.0626362
758,606,133,30,113,0.0626362
759,111,99,111,222,0.0574563
759,583,134,50,184,0.0574563
759,303,107,81,162,0.0574563
760,118,133,98,196,0.0666685
760,221,96,78,155,0.0666685
760,305,106,81,162,0.0666685
760,586,147,48,178,0.0666685
761,217,93,82,165,0.0596281
761,304,105,82,164,0.0596281
761,585,140,49,178,0.0596281
762,216,93,86,171,0.0704691
762,305,106,83,166,0.0704691
762,588,143,46,168,0.0704691
762,161,216,92,184,0.0704691
763,106,31,179,351,0.0819388
763,144,186,112,223,0.0819388
763,214,93,90,179,0.0819388
763,307,108,82,165,0.0819388
763,593,153,42,152,0.0819388
764,214,92,90,181,0.0616614
764,313,112,82,162,0.0616614
764,584,146,50,175,0.0616614
764,132,163,130,260,0.0616614
764,96,31,179,350,0.0616614
765,89,31,182,357,0.0570203
765,213,90,93,186,0.0570203
765,313,107,85,170,0.0570203
765,584,143,50,181,0.0570203
766,211,86,98,195,0.0636747
766,313,111,84,168,0.0636747
766,87,37,186,371,0.0636747
767,314,105,88,176,0.0601011
767,213,89,94,189,0.0601011
767,85,31,181,356,0.0601011
768,211,85,100,199,0.0577423
768,315,107,86,174,0.0577423
768,83,34,188,376,0.0577423
769,210,83,101,201,0.0612823
769,314,105,87,174,0.0612823
770,213,80,102,203,0.0665908
770,314,109,84,168,0.0665908
770,189,125,71,142,0.0665908
771,212,74,106,213,0.0627203
771,191,132,67,134,0.0627203
771,313,103,90,181,0.0627203
772,314,103,90,180,0.0646657
772,187,118,73,146,0.0646657
773,313,100,93,186,0.063091
773,185,117,77,154,0.063091
773,257,124,87,175,0.063091
774,311,100,94,186,0.0671732
774,257,128,86,171,0.0671732
775,310,101,92,184,0.0573553
775,178,115,78,156,0.0573553
775,4,91,29,117,0.0573553
775,257,132,83,167,0.0573553
776,306,99,95,190,0.0627118
776,178,115,78,156,0.0627118
776,42,98,58,114,0.0627118
776,129,55,70,140,0.0627118
777,302,95,97,194,0.065046
777,177,109,81,162,0.065046
777,122,48,74,149,0.065046
778,298,94,99,198,0.0702443
778,170,103,83,167,0.0702443
778,109,19,79,159,0.0702443
779,297,92,102,203,0.06316
779,169,98,86,172,0.06316
780,296,95,100,199,0.0621634
780,4,271,29,114,0.0621634
780,164,99,89,178,0.0621634
781,297,87,105,210,0.0738451
782,296,85,106,210,0.0610056
782,7,211,56,224,0.0610056
783,295,88,107,214,0.0565297
783,5,115,37,147,0.0565297
784,293,81,110,221,0.0814954
785,294,85,107,214,0.0605676
786,294,82,109,217,0.0566906
786,5,248,37,147,0.0566906
787,291,85,112,223,0.0654821
787,4,263,29,113,0.0654821
788,293,90,110,221,0.0710026
788,175,106,87,175,0.0710026
789,292,86,111,222,0.0572168
789,589,147,46,170,0.0572168
789,3,322,27,109,0.0572168
789,245,132,83,167,0.0572168
790,291,87,114,227,0.0677574
790,589,142,46,170,0.0677574
790,175,110,87,175,0.0677574
790,4,29,35,138,0.0677574
790,245,132,83,167,0.0677574
791,293,88,114,229,0.0553764
791,4,32,34,134,0.0553764
791,175,110,87,175,0.0553764
791,591,149,43,164,0.0553764
792,295,80,122,244,0.0610487
792,8,201,62,240,0.0610487
792,90,25,77,154,0.0610487
792,4,37,34,138,0.0610487
792,175,110,87,175,0.0610487
792,594,154,41,158,0.0610487
793,7,211,56,226,0.0624227
793,298,79,122,244,0.0624227
793,177,113,89,178,0.0624227
793,4,52,29,115,0.0624227
793,608,173,29,110,0.0624227
794,302,77,126,250,0.0549842
794,6,236,50,203,0.0549842
795,305,79,125,250,0.058307
795,182,109,94,187,0.058307
796,306,77,128,257,0.0615544
796,186,116,90,179,0.0615544
796,4,226,35,138,0.0615544
796,4,339,29,118,0.0615544
797,311,76,131,262,0.0588559
797,186,119,90,178,0.0588559
798,187,119,93,186,0.0595097
798,310,67,139,278,0.0595097
799,317,75,133,266,0.0564225
800,317,80,133,266,0.0675952
800,183,111,100,200,0.0675952
800,4,242,30,118,0.0675952
800,25,19,87,175,0.0675952
800,233,92,79,159,0.0675952
800,243,180,58,117,0.0675952
801,13,19,107,220,0.0591907
801,322,102,124,247,0.0591907
802,12,18,98,202,0.063079
802,322,102,124,247,0.063079
802,211,196,54,107,0.063079
803,11,17,87,190,0.0587574
803,179,107,106,213,0.0587574
803,314,73,152,304,0.0587574
804,314,69,158,314,0.0612189
805,608,76,29,110,0.0673536
805,4,339,34,122,0.0673536
805,328,131,60,120,0.0673536
806,319,69,160,320,0.0612181
806,608,76,29,110,0.0612181
807,315,73,164,328,0.0626236
808,322,83,158,315,0.0628622
809,324,49,177,353,0.0659399
810,8,21,66,240,0.0606284
810,320,51,178,356,0.0606284
811,9,23,72,268,0.0586458
811,143,120,106,210,0.0586458
811,320,51,178,356,0.0586458
811,212,206,58,114,0.0586458
812,144,138,94,189,0.0768133
812,320,51,178,356,0.0768133
812,5,18,42,164,0.0768133
813,145,139,90,181,0.0577246
813,322,58,175,350,0.0577246
814,326,58,177,354,0.0616127
814,143,137,97,193,0.0616127
814,7,234,54,212,0.0616127
815,23,30,182,342,0.0656986
815,368,205,116,231,0.0656986
815,238,88,96,192,0.0656986
815,285,152,80,160,0.0656986
816,23,30,182,342,0.0631906
816,238,88,96,192,0.0631906
816,328,61,188,361,0.0631906
817,22,31,180,349,0.0555207
817,176,98,116,231,0.0555207
817,240,92,93,186,0.0555207
817,328,61,188,361,0.0555207
818,239,90,94,189,0.0557261
818,176,98,116,231,0.0557261
818,336,131,61,122,0.0557261
818,466,90,58,115,0.0557261
819,246,108,79,159,0.0603646
819,176,98,116,231,0.0603646
819,333,124,65,130,0.0603646
820,336,129,62,124,0.0603695
820,240,92,90,181,0.0603695
820,171,99,119,238,0.0603695
821,231,95,90,180,0.0638169
821,174,106,118,236,0.0638169
821,201,96,69,138,0.0638169
821,334,132,61,121,0.0638169
822,226,89,98,194,0.0615236
822,335,129,62,123,0.0615236
823,228,88,94,187,0.0672191
823,171,106,118,235,0.0672191
823,335,128,63,126,0.0672191
824,228,90,88,177,0.063939
824,340,124,65,129,0.063939
825,164,97,130,259,0.0652054
825,227,87,91,183,0.0652054
825,340,124,65,129,0.0652054
825,92,180,55,110,0.0652054
826,227,87,91,183,0.0636973
826,340,124,65,129,0.0636973
826,164,97,130,259,0.0636973
827,162,95,133,266,0.0617265
827,228,87,93,185,0.0617265
827,338,123,66,132,0.0617265
828,162,95,133,266,0.074509
828,226,86,95,190,0.074509
829,162,95,133,266,0.0605882
829,226,87,95,191,0.0605882
829,340,122,67,134,0.0605882
829,292,151,72,144,0.0605882
829,94,216,58,116,0.0605882
830,157,92,138,275,0.0806455
830,225,86,98,194,0.0806455
830,294,151,73,146,0.0806455
830,342,121,67,134,0.0806455
831,157,94,140,281,0.0649352
831,226,85,98,195,0.0649352
831,290,143,82,164,0.0649352
831,344,123,66,131,0.0649352
832,160,96,135,270,0.0777922
832,227,86,98,195,0.0777922
832,295,152,74,150,0.0777922
832,483,7,57,85,0.0777922
832,346,123,66,133,0.0777922
833,228,85,101,202,0.0621668
833,295,150,79,159,0.0621668
833,350,122,66,133,0.0621668
833,366,237,52,104,0.0621668
833,139,90,142,284,0.0621668
834,158,93,141,282,0.0618198
834,296,145,83,167,0.0618198
834,355,123,66,131,0.0618198
835,238,92,95,190,0.067476
835,296,145,83,167,0.067476
835,155,87,147,294,0.067476
835,355,123,66,131,0.067476
835,368,251,61,122,0.067476
835,4,111,30,119,0.067476
836,156,87,146,291,0.0672185
836,240,94,94,186,0.0672185
836,356,121,67,134,0.0672185
836,377,260,59,117,0.0672185
837,156,88,148,296,0.0587609
837,239,95,94,188,0.0587609
837,358,123,66,132,0.0587609
838,156,88,148,296,0.0963516
838,239,95,94,188,0.0963516
838,609,342,28,110,0.0963516
838,360,125,65,130,0.0963516
839,159,94,146,290,0.0614313
839,241,94,95,190,0.0614313
839,361,122,67,134,0.0614313
840,156,92,150,300,0.0576537
840,363,121,67,134,0.0576537
841,159,94,147,294,0.0609135
841,251,89,98,194,0.0609135
841,367,120,69,138,0.0609135
842,158,87,154,310,0.0619282
842,253,90,94,187,0.0619282
842,368,120,67,134,0.0619282
842,439,144,123,246,0.0619282
843,151,67,168,335,0.0630238
843,438,106,147,295,0.0630238
843,85,117,158,312,0.0630238
843,253,89,95,190,0.0630238
843,369,116,70,140,0.0630238
844,149,67,172,345,0.0610507
844,438,106,147,295,0.0610507
844,85,117,154,307,0.0610507
844,250,85,99,198,0.0610507
844,372,117,68,136,0.0610507
845,78,111,158,315,0.0836768
845,152,62,170,339,0.0836768
845,438,96,152,304,0.0836768
845,250,83,101,202,0.0836768
845,374,116,66,133,0.0836768
846,250,81,100,199,0.0546455
846,538,164,88,177,0.0546455
846,375,114,68,136,0.0546455
846,149,62,172,345,0.0546455
846,73,111,155,311,0.0546455
846,454,132,132,263,0.0546455
847,146,59,178,356,0.0633984
847,62,82,174,342,0.0633984
847,462,131,134,267,0.0633984
847,541,162,88,184,0.0633984
847,374,111,72,143,0.0633984
848,248,74,104,208,0.0567221
848,194,219,88,175,0.0567221
848,458,106,155,310,0.0567221
848,373,109,72,142,0.0567221
848,320,142,74,147,0.0567221
849,155,53,162,326,0.0691135
849,459,101,161,322,0.0691135
849,250,76,102,202,0.0691135
849,370,108,73,146,0.0691135
849,316,135,81,162,0.0691135
850,458,100,162,326,0.0596042
850,62,85,170,340,0.0596042
850,250,76,102,202,0.0596042
850,369,107,72,144,0.0596042
850,317,133,79,158,0.0596042
851,55,85,173,340,0.0629968
851,455,101,164,326,0.0629968
851,251,73,98,197,0.0629968
851,377,105,67,134,0.0629968
851,320,138,71,142,0.0629968
852,53,73,178,350,0.0587633
852,251,71,99,198,0.0587633
852,373,101,70,138,0.0587633
852,458,121,162,309,0.0587633
852,143,40,179,359,0.0587633
852,318,141,74,150,0.0587633
853,177,43,112,223,0.0622097
853,251,71,99,198,0.0622097
853,315,133,80,159,0.0622097
853,369,102,72,144,0.0622097
854,177,37,112,223,0.0643589
854,251,71,99,198,0.0643589
854,313,125,82,164,0.0643589
854,371,96,72,143,0.0643589
854,488,164,66,133,0.0643589
855,250,70,100,200,0.0561681
855,369,98,72,145,0.0561681
855,486,160,70,140,0.0561681
855,173,226,78,155,0.0561681
855,316,125,77,154,0.0561681
856,250,70,100,200,0.0707575
856,318,131,70,141,0.0707575
856,369,99,72,145,0.0707575
856,164,225,78,157,0.0707575
856,168,27,118,234,0.0707575
857,163,22,123,246,0.0601326
857,250,70,100,200,0.0601326
857,364,97,74,147,0.0601326
858,158,22,127,247,0.0554374
858,364,97,73,146,0.0554374
858,501,123,66,131,0.0554374
859,363,96,73,146,0.057441
859,151,22,130,248,0.057441
860,362,91,74,149,0.0574777
860,189,238,72,144,0.0574777
861,362,87,76,152,0.0602938
861,312,126,77,154,0.0602938
861,185,238,78,155,0.0602938
861,609,186,28,110,0.0602938
862,245,55,102,202,0.0553195
862,312,126,77,154,0.0553195
863,313,127,72,145,0.0602346
863,361,80,79,159,0.0602346
863,139,34,57,113,0.0602346
863,148,163,57,113,0.0602346
864,242,52,103,206,0.0587178
864,311,124,78,157,0.0587178
864,130,29,68,135,0.0587178
865,242,53,101,201,0.0575733
865,368,86,74,146,0.0575733
865,312,121,78,155,0.0575733
865,132,33,54,109,0.0575733
866,242,51,102,205,0.0613989
866,369,83,75,151,0.0613989
866,315,121,75,151,0.0613989
866,165,334,58,117,0.0613989
867,241,51,103,206,0.0561241
867,370,86,74,148,0.0561241
867,316,123,73,146,0.0561241
867,4,320,31,126,0.0561241
868,240,56,102,205,0.0587088
868,553,97,78,193,0.0587088
868,371,94,72,144,0.0587088
868,316,123,72,144,0.0587088
868,109,38,54,110,0.0587088
869,238,56,102,205,0.0609515
869,369,90,74,148,0.0609515
869,316,123,74,147,0.0609515
870,238,61,101,201,0.0584934
870,570,89,62,224,0.0584934
870,370,92,74,148,0.0584934
870,316,123,76,151,0.0584934
871,160,48,128,256,0.0572086
871,372,96,71,142,0.0572086
871,317,123,77,154,0.0572086
871,239,62,100,201,0.0572086
872,238,62,104,207,0.0645054
872,371,96,74,146,0.0645054
872,315,120,81,162,0.0645054
873,164,52,120,238,0.059933
873,239,63,106,211,0.059933
873,371,99,72,145,0.059933
873,314,121,81,162,0.059933
874,239,63,106,211,0.064132
874,371,99,72,145,0.064132
874,314,121,81,162,0.064132
874,10,168,84,269,0.064132
874,301,286,54,107,0.064132
875,7,30,58,228,0.0564227
875,240,61,110,218,0.0564227
875,175,71,106,213,0.0564227
875,314,118,83,167,0.0564227
875,374,102,72,144,0.0564227
876,7,33,54,200,0.0559664
876,240,61,110,218,0.0559664
876,174,70,108,215,0.0559664
876,4,322,36,136,0.0559664
876,373,97,74,150,0.0559664
876,315,122,81,162,0.0559664
876,284,236,83,167,0.0559664
877,172,76,106,213,0.0647305
877,240,61,110,218,0.0647305
877,5,40,41,164,0.0647305
877,373,101,73,146,0.0647305
877,8,348,63,114,0.0647305
877,284,236,83,167,0.0647305
877,131,74,55,110,0.0647305
877,316,123,81,162,0.0647305
878,237,59,110,220,0.0653049
878,168,71,110,219,0.0653049
878,374,102,72,145,0.0653049
878,317,128,75,150,0.0653049
878,121,73,55,110,0.0653049
879,166,70,111,222,0.0624784
879,237,59,110,220,0.0624784
879,374,98,74,147,0.0624784
879,314,129,78,155,0.0624784
879,110,65,58,114,0.0624784
880,164,69,111,222,0.0593433
880,376,100,71,142,0.0593433
880,315,128,78,155,0.0593433
880,98,55,62,124,0.0593433
881,160,60,117,234,0.0635224
881,80,42,74,148,0.0635224
881,234,58,110,221,0.0635224
881,312,128,78,155,0.0635224
881,373,100,74,146,0.0635224
882,155,57,121,241,0.0633847
882,67,39,74,146,0.0633847
882,237,58,108,214,0.0633847
882,375,98,74,147,0.0633847
882,311,129,78,154,0.0633847
883,236,61,106,212,0.0547913
883,152,56,125,249,0.0547913
883,49,31,75,150,0.0547913
883,374,99,73,145,0.0547913
883,311,129,78,154,0.0547913
884,153,68,115,230,0.0575725
884,25,17,89,178,0.0575725
884,234,59,106,210,0.0575725
884,374,95,77,153,0.0575725
884,307,124,78,157,0.0575725
885,151,70,114,230,0.0605529
885,12,17,93,193,0.0605529
885,234,59,106,210,0.0605529
885,372,95,75,151,0.0605529
885,303,119,81,162,0.0605529
886,150,71,111,222,0.0703005
886,234,63,106,211,0.0703005
886,9,15,69,174,0.0703005
886,303,114,85,170,0.0703005
886,371,96,78,156,0.0703005
886,4,147,31,125,0.0703005
887,7,18,56,204,0.0565419
887,235,67,102,205,0.0565419
887,370,100,77,154,0.0565419
887,145,69,114,226,0.0565419
887,300,119,82,163,0.0565419
887,5,301,43,154,0.0565419
888,133,59,121,242,0.0635895
888,231,62,104,208,0.0635895
888,297,113,82,165,0.0635895
888,369,100,78,156,0.0635895
888,11,30,90,347,0.0635895
889,124,57,130,260,0.0597493
889,229,63,106,213,0.0597493
889,291,102,86,174,0.0597493
889,368,102,76,152,0.0597493
890,114,56,131,263,0.0627191
890,286,101,86,173,0.0627191
890,223,64,100,199,0.0627191
890,364,113,73,146,0.0627191
891,106,53,133,265,0.0587219
891,218,63,108,214,0.0587219
891,286,126,79,158,0.0587219
891,360,97,81,161,0.0587219
892,93,44,141,281,0.0588548
892,211,60,111,222,0.0588548
892,5,13,43,146,0.0588548
892,356,102,78,157,0.0588548
893,212,71,94,189,0.0632945
893,273,113,86,170,0.0632945
893,4,41,29,113,0.0632945
893,360,124,69,138,0.0632945
893,87,47,139,278,0.0632945
894,82,55,134,269,0.0553276
894,207,71,98,197,0.0553276
894,272,115,86,171,0.0553276
894,356,122,70,141,0.0553276
895,74,51,142,285,0.0667314
895,204,68,103,206,0.0667314
895,353,127,70,140,0.0667314
895,271,132,81,162,0.0667314
896,66,49,143,286,0.0569148
896,200,69,98,196,0.0569148
896,4,114,35,140,0.0569148
896,350,115,78,154,0.0569148
896,271,138,79,159,0.0569148
897,65,55,142,282,0.0610188
897,198,70,100,200,0.0610188
897,349,115,78,155,0.0610188
897,4,138,28,110,0.0610188
898,60,56,140,280,0.0588612
898,197,70,99,198,0.0588612
898,347,109,81,162,0.0588612
899,52,45,152,304,0.0609383
899,196,71,100,200,0.0609383
899,347,109,81,162,0.0609383
900,197,69,99,198,0.0579924
900,52,58,146,290,0.0579924
900,346,102,85,170,0.0579924
